image,class,class_id,score,x1,y1,x2,y2
Copy of IMG00206.JPG,conductor,1,0.7205,5931.32,3799.27,6729.78,4417.48
Copy of IMG00206.JPG,insulator,2,0.7151,4259.64,3140.21,4450.07,3436.39
Copy of IMG00206.JPG,conductor,1,0.6838,4648.99,4642.89,5481.12,5395.5
Copy of IMG00206.JPG,insulator,2,0.6358,4990.32,3025.84,5281.79,3365.84
Copy of IMG00206.JPG,conductor,1,0.5938,6625.51,4337.97,7469.17,4902.76
Copy of IMG00206.JPG,insulator,2,0.5559,3439.66,3631.01,3783.33,3996.25
Copy of IMG00206.JPG,conductor,1,0.4948,5297.6,3309.83,5980.06,3866.23
Copy of IMG00206.JPG,pylon,0,0.462,4278.96,3479.26,4636.96,6295.3
Copy of IMG00206.JPG,conductor,1,0.4441,1624.5,2544.87,2578.88,3271.22
Copy of IMG00206.JPG,conductor,1,0.4207,4651.88,3501.83,5098.16,3931.44
Copy of IMG00206.JPG,conductor,1,0.4137,2444.33,3061.52,3259.01,3721.16
Copy of IMG00206.JPG,conductor,1,0.402,5323.3,3345.86,6112.23,3961.06
Copy of IMG00206.JPG,conductor,1,0.3972,5676.41,4366.2,6331.86,4944.65
Copy of IMG00206.JPG,conductor,1,0.3754,5011.73,3854.61,5736.25,4492.38
Copy of IMG00206.JPG,conductor,1,0.3128,436.66,1641.9,1187.09,2353.34
Copy of IMG00206.JPG,conductor,1,0.3107,6220.81,4724.24,6897.74,5333.56
Copy of IMG00206.JPG,conductor,1,0.3057,2424.88,2160.52,3176.61,2695.76
Copy of IMG00206.JPG,conductor,1,0.2952,2892.4,2440.08,3585.12,2991.82
Copy of IMG00206.JPG,conductor,1,0.2852,5778.01,5598.45,6405.02,6175.04
Copy of IMG00206.JPG,conductor,1,0.2811,7702.67,5764.89,8151.41,6268.19
Copy of IMG00206.JPG,conductor,1,0.2807,1462.39,1057.82,2548.62,1677.35
Copy of IMG00206.JPG,conductor,1,0.2714,4947.5,3757.85,5616.28,4384.81
Copy of IMG00206.JPG,conductor,1,0.2699,8485.96,5621.11,8981.13,6201.32
Copy of IMG00206.JPG,conductor,1,0.2509,7053.52,5366.17,7662.08,5976.37
Copy of IMG00206.JPG,conductor,1,0.2323,9.28,138.28,595.47,640.9
Copy of IMG00206.JPG,conductor,1,0.2255,10.57,589.0,621.91,1099.58
Copy of IMG00206.JPG,conductor,1,0.22,6480.93,4230.77,7369.1,4878.68
Copy of IMG00206.JPG,conductor,1,0.2184,5322.51,5207.86,6015.55,5797.44
Copy of IMG00206.JPG,conductor,1,0.2173,7988.76,5210.17,8575.53,5752.06
Copy of IMG00206.JPG,conductor,1,0.2151,5730.77,3689.16,6624.97,4374.27
Copy of IMG00206.JPG,conductor,1,0.2132,6679.42,5086.07,7329.86,5650.39
Copy of IMG00206.JPG,conductor,1,0.2105,737.91,1110.74,1412.98,1626.25
Copy of IMG00206.JPG,conductor,1,0.209,7821.47,5141.64,8542.99,5732.81
Copy of IMG00206.JPG,conductor,1,0.2071,5431.0,3411.99,6215.62,4050.57
Copy of IMG00206.JPG,conductor,1,0.1979,1662.2,1131.72,2617.66,1736.91
Copy of IMG00206.JPG,conductor,1,0.1935,4876.32,3682.14,5511.04,4253.95
Copy of IMG00206.JPG,conductor,1,0.1853,2938.27,2519.77,3720.28,3104.62
Copy of IMG00206.JPG,conductor,1,0.1819,1747.12,1697.59,2488.3,2280.59
Copy of IMG00206.JPG,conductor,1,0.1657,3032.17,1973.25,3859.17,2508.2
Copy of IMG00206.JPG,conductor,1,0.1621,8401.6,5560.64,8889.14,6118.9
Copy of IMG00206.JPG,conductor,1,0.1582,6982.04,4634.98,7910.97,5303.66
Copy of IMG00206.JPG,conductor,1,0.1578,3054.35,2565.79,3822.03,3136.62
Copy of IMG00206.JPG,conductor,1,0.157,4689.03,3519.51,5159.71,4044.35
Copy of IMG00206.JPG,conductor,1,0.1567,6107.31,4627.18,6757.77,5251.06
Copy of IMG00206.JPG,conductor,1,0.1558,4730.96,3577.44,5248.18,4107.38
Copy of IMG00206.JPG,conductor,1,0.1557,6395.23,4170.51,7241.24,4779.94
Copy of IMG00206.JPG,conductor,1,0.154,5964.74,4554.4,6640.87,5148.03
Copy of IMG00206.JPG,conductor,1,0.1502,2693.72,1776.13,3595.7,2373.0
Copy of IMG00206.JPG,conductor,1,0.15,5244.22,3289.83,5776.53,3782.57
Copy of IMG00206.JPG,conductor,1,0.147,2772.59,2385.9,3516.88,2975.39
Copy of IMG00206.JPG,conductor,1,0.1467,5176.12,3993.68,5901.03,4590.29
Copy of IMG00206.JPG,conductor,1,0.1408,6296.19,4803.45,6986.25,5410.77
Copy of IMG00206.JPG,conductor,1,0.1402,4548.39,4527.21,5298.82,5290.69
Copy of IMG00206.JPG,conductor,1,0.1397,7658.28,5061.11,8512.93,5612.36
Copy of IMG00206.JPG,conductor,1,0.1393,1036.56,2184.11,1976.46,2897.09
Copy of IMG00206.JPG,conductor,1,0.139,3844.42,3997.7,4232.71,4480.78
Copy of IMG00206.JPG,conductor,1,0.1385,8580.35,5726.97,9052.58,6238.76
Copy of IMG00206.JPG,conductor,1,0.1383,331.62,307.84,1015.17,829.78
Copy of IMG00206.JPG,conductor,1,0.1356,7108.6,5422.2,7737.17,6062.23
Copy of IMG00206.JPG,conductor,1,0.1328,6554.45,5000.43,7261.19,5595.56
Copy of IMG00206.JPG,conductor,1,0.132,3871.85,4045.1,4285.45,4546.19
Copy of IMG00206.JPG,conductor,1,0.1317,3284.54,2734.46,3869.09,3186.7
Copy of IMG00206.JPG,conductor,1,0.1284,1585.29,1634.88,2372.32,2225.24
Copy of IMG00206.JPG,conductor,1,0.1266,4795.93,3628.89,5391.46,4185.75
Copy of IMG00206.JPG,conductor,1,0.1244,1822.87,1775.88,2529.43,2353.2
Copy of IMG00206.JPG,conductor,1,0.1231,4262.75,3506.37,4655.93,6266.66
Copy of IMG00206.JPG,conductor,1,0.1209,7998.02,5297.16,8585.97,5842.94
Copy of IMG00206.JPG,conductor,1,0.1192,7181.02,4719.15,7988.08,5317.29
Copy of IMG00206.JPG,conductor,1,0.1181,6374.84,4849.18,7055.23,5475.71
Copy of IMG00206.JPG,conductor,1,0.1172,6909.79,5250.42,7570.69,5881.94
Copy of IMG00206.JPG,conductor,1,0.1166,8645.77,5821.03,9137.25,6275.01
Copy of IMG00206.JPG,conductor,1,0.1151,7321.13,4809.78,8135.97,5406.99
Copy of IMG00206.JPG,conductor,1,0.1143,5895.48,5699.66,6510.71,6257.66
Copy of IMG00206.JPG,conductor,1,0.1104,804.58,610.92,1426.35,1101.33
Copy of IMG00206.JPG,conductor,1,0.1082,7535.9,4979.91,8385.62,5614.31
Copy of IMG00206.JPG,conductor,1,0.1049,4595.58,3459.45,4968.89,3903.76
Copy of IMG00206.JPG,conductor,1,0.1046,7550.05,5646.2,8032.6,6228.65
Copy of IMG00206.JPG,conductor,1,0.1038,2295.93,2104.22,3099.66,2662.71
Copy of IMG00206.JPG,conductor,1,0.1029,7376.58,4851.43,8252.53,5548.93
Copy of IMG00206.JPG,conductor,1,0.1026,5122.59,5134.56,5976.64,5802.71
Copy of IMG00206.JPG,conductor,1,0.1006,7435.03,5608.9,7903.0,6180.8
Copy of IMG00206.JPG,conductor,1,0.0993,8078.77,5379.11,8674.32,5914.15
Copy of IMG00206.JPG,conductor,1,0.0988,5628.97,5497.42,6359.46,6093.75
Copy of IMG00206.JPG,conductor,1,0.096,5734.05,4437.73,6456.83,5009.68
Copy of IMG00206.JPG,conductor,1,0.0946,6833.33,4549.93,7786.42,5190.28
Copy of IMG00206.JPG,conductor,1,0.0927,5510.33,4213.14,6201.59,4787.91
Copy of IMG00206.JPG,conductor,1,0.0925,6765.27,4455.47,7695.09,5117.41
Copy of IMG00206.JPG,conductor,1,0.0915,7396.78,5545.92,7837.75,6098.43
Copy of IMG00206.JPG,conductor,1,0.0901,3702.29,3914.87,4139.81,4389.94
Copy of IMG00206.JPG,conductor,1,0.0901,1723.32,2653.52,2667.83,3288.75
Copy of IMG00206.JPG,conductor,1,0.09,2802.64,1824.68,3692.54,2466.34
Copy of IMG00206.JPG,conductor,1,0.09,8713.17,5900.42,9231.56,6299.59
Copy of IMG00206.JPG,conductor,1,0.0892,6804.48,5166.27,7490.02,5826.06
Copy of IMG00206.JPG,conductor,1,0.0884,5625.44,4270.51,6268.79,4853.45
Copy of IMG00206.JPG,conductor,1,0.0867,4690.87,4689.67,5630.69,5513.33
Copy of IMG00206.JPG,conductor,1,0.0865,2578.81,1736.7,3518.43,2306.33
Copy of IMG00206.JPG,conductor,1,0.0855,1239.05,1429.3,1961.1,1960.83
Copy of IMG00206.JPG,conductor,1,0.085,307.8,835.5,941.15,1325.6
Copy of IMG00206.JPG,conductor,1,0.0846,1446.1,2466.77,2521.41,3154.49
Copy of IMG00206.JPG,conductor,1,0.0845,7256.29,5526.31,7809.27,6094.21
Copy of IMG00206.JPG,conductor,1,0.0842,1408.51,1019.84,2419.36,1579.1
Copy of IMG00206.JPG,conductor,1,0.0829,5388.96,5294.66,6103.57,5929.17
Copy of IMG00206.JPG,conductor,1,0.0816,286.25,1511.38,1109.86,2263.96
Copy of IMG00206.JPG,conductor,1,0.08,8281.16,5483.81,8747.03,6011.08
Copy of IMG00206.JPG,conductor,1,0.0787,6332.89,4130.28,7136.56,4693.02
Copy of IMG00206.JPG,conductor,1,0.0781,3134.65,2087.14,3929.86,2610.46
Copy of IMG00206.JPG,conductor,1,0.0776,2449.95,2208.59,3269.3,2774.2
Copy of IMG00206.JPG,conductor,1,0.0767,6027.0,5826.0,6525.93,6294.51
Copy of IMG00206.JPG,conductor,1,0.0765,83.01,1475.04,1077.05,2204.22
Copy of IMG00206.JPG,conductor,1,0.0758,11.58,1378.13,797.46,2001.6
Copy of IMG00206.JPG,conductor,1,0.0727,6698.37,4395.78,7595.24,5049.44
Copy of IMG00206.JPG,conductor,1,0.0717,5839.88,4481.03,6566.78,5079.59
Copy of IMG00206.JPG,conductor,1,0.0715,1081.61,2229.37,2120.35,2988.27
Copy of IMG00206.JPG,conductor,1,0.0708,467.6,913.73,1009.33,1408.39
Copy of IMG00206.JPG,conductor,1,0.0701,5553.86,3499.58,6333.87,4129.18
Copy of IMG00206.JPG,conductor,1,0.0693,5971.51,3924.27,6887.03,4564.07
Copy of IMG00206.JPG,conductor,1,0.0685,4967.52,5057.16,5921.35,5743.47
Copy of IMG00206.JPG,conductor,1,0.067,4796.61,4942.6,5799.37,5630.09
Copy of IMG00206.JPG,conductor,1,0.0654,1.39,54.46,385.02,566.99
Copy of IMG00206.JPG,conductor,1,0.0646,5600.22,3580.24,6438.38,4189.59
Copy of IMG00206.JPG,conductor,1,0.0639,2545.65,2255.85,3404.98,2838.87
Copy of IMG00206.JPG,conductor,1,0.0636,3825.18,3954.43,4184.11,4426.42
Copy of IMG00206.JPG,conductor,1,0.0623,32.39,653.74,751.98,1192.54
Copy of IMG00206.JPG,conductor,1,0.0621,6174.06,4080.17,7046.41,4665.94
Copy of IMG00206.JPG,conductor,1,0.0603,2433.54,2998.61,3132.47,3614.23
Copy of IMG00206.JPG,conductor,1,0.0579,100.62,744.34,824.17,1244.75
Copy of IMG00206.JPG,conductor,1,0.0576,7734.26,5883.1,8174.61,6279.65
Copy of IMG00206.JPG,conductor,1,0.0568,989.03,2089.28,1886.41,2786.13
Copy of IMG00206.JPG,conductor,1,0.056,1.36,96.26,492.89,591.28
Copy of IMG00206.JPG,conductor,1,0.0552,3382.45,2191.21,4003.49,2655.05
Copy of IMG00206.JPG,conductor,1,0.0545,17.33,1403.6,895.4,2151.77
Copy of IMG00206.JPG,conductor,1,0.0531,60.46,204.68,939.37,765.58
Copy of IMG00516.JPG,insulator,2,0.8662,3840.36,2727.03,4137.85,3074.97
Copy of IMG00516.JPG,pylon,0,0.8533,4308.63,3690.04,5111.6,6285.54
Copy of IMG00516.JPG,insulator,2,0.8094,5105.23,3027.36,5428.55,3343.71
Copy of IMG00516.JPG,insulator,2,0.6465,4482.47,2896.42,4749.91,3169.27
Copy of IMG00516.JPG,insulator,2,0.6164,4560.99,2131.81,4982.79,2465.78
Copy of IMG00516.JPG,insulator,2,0.32,5440.22,3123.3,5708.37,3479.87
Copy of IMG00516.JPG,insulator,2,0.1477,5424.67,3170.29,5678.03,3525.43
Copy of IMG00516.JPG,conductor,1,0.1322,6554.16,6119.46,9504.0,6336.0
Copy of IMG00516.JPG,conductor,1,0.1128,5678.59,3282.64,9486.16,5101.66
Copy of IMG00516.JPG,conductor,1,0.1121,4905.61,1070.25,5774.01,1917.07
Copy of IMG00516.JPG,insulator,2,0.0906,3846.64,2648.26,4207.76,3050.43
Copy of IMG00516.JPG,insulator,2,0.0776,2511.25,2608.65,2980.27,3262.78
Copy of IMG00516.JPG,insulator,2,0.0764,5010.14,3659.12,5396.18,4099.04
Copy of IMG00516.JPG,insulator,2,0.061,4741.52,3318.18,4951.49,3552.97
Copy of IMG00423.JPG,conductor,1,0.6888,1664.58,5230.6,2438.38,6209.33
Copy of IMG00423.JPG,conductor,1,0.6643,2640.87,5176.96,3380.87,6259.58
Copy of IMG00423.JPG,insulator,2,0.6463,5682.68,2634.49,6008.27,3001.57
Copy of IMG00423.JPG,insulator,2,0.6227,4074.46,1790.93,4491.7,2163.98
Copy of IMG00423.JPG,conductor,1,0.5075,3748.24,5094.48,4626.94,6240.11
Copy of IMG00423.JPG,conductor,1,0.3099,2532.6,3531.83,3513.57,4619.28
Copy of IMG00423.JPG,conductor,1,0.2703,3488.04,3443.18,4505.4,4578.71
Copy of IMG00423.JPG,conductor,1,0.2693,4512.56,115.39,5356.21,1482.8
Copy of IMG00423.JPG,conductor,1,0.2444,3505.69,2398.51,4209.09,2963.11
Copy of IMG00423.JPG,conductor,1,0.2441,1802.88,4536.43,2975.97,5232.57
Copy of IMG00423.JPG,conductor,1,0.237,4674.69,75.03,5352.59,1273.06
Copy of IMG00423.JPG,conductor,1,0.2133,2706.01,5050.4,3502.22,6107.17
Copy of IMG00423.JPG,conductor,1,0.2074,3077.32,4584.86,3862.67,5404.08
Copy of IMG00423.JPG,conductor,1,0.1685,3684.47,3410.08,4524.07,4265.58
Copy of IMG00423.JPG,conductor,1,0.1545,2580.26,5740.9,3044.33,6290.01
Copy of IMG00423.JPG,insulator,2,0.1258,4749.13,2271.13,5035.06,2509.11
Copy of IMG00423.JPG,conductor,1,0.1251,5287.53,1292.42,5778.77,1726.4
Copy of IMG00423.JPG,insulator,2,0.1239,5081.77,2103.88,5362.1,2369.7
Copy of IMG00423.JPG,conductor,1,0.1142,5985.14,2078.73,6546.23,2459.19
Copy of IMG00423.JPG,conductor,1,0.1136,4481.66,1046.44,5038.56,1521.26
Copy of IMG00423.JPG,conductor,1,0.1087,2893.85,4864.75,3680.59,5632.3
Copy of IMG00423.JPG,conductor,1,0.1062,5875.98,59.95,6286.3,1209.13
Copy of IMG00423.JPG,conductor,1,0.1047,3041.47,3009.08,3890.12,3653.3
Copy of IMG00423.JPG,conductor,1,0.1016,2606.07,5375.94,3274.76,6259.05
Copy of IMG00423.JPG,conductor,1,0.0957,6071.71,1777.9,6685.31,2320.49
Copy of IMG00423.JPG,insulator,2,0.0921,4935.4,1982.19,5261.19,2220.61
Copy of IMG00423.JPG,conductor,1,0.0917,5375.21,3098.98,5938.59,3532.86
Copy of IMG00423.JPG,insulator,2,0.0874,4961.88,1987.78,5317.49,2271.8
Copy of IMG00423.JPG,insulator,2,0.0844,5045.01,2049.87,5361.39,2346.42
Copy of IMG00423.JPG,conductor,1,0.0828,6016.94,1851.93,6650.15,2430.14
Copy of IMG00423.JPG,conductor,1,0.0809,6127.93,1623.81,6699.83,2190.74
Copy of IMG00423.JPG,conductor,1,0.0791,5977.3,48.4,6327.19,1107.78
Copy of IMG00423.JPG,conductor,1,0.0747,5291.78,1162.47,5818.27,1704.29
Copy of IMG00423.JPG,conductor,1,0.0741,9067.37,3478.35,9503.93,4205.62
Copy of IMG00423.JPG,conductor,1,0.0711,4455.73,836.23,5097.12,1517.27
Copy of IMG00423.JPG,insulator,2,0.0685,4855.41,1973.31,5158.26,2178.17
Copy of IMG00423.JPG,conductor,1,0.0659,6079.75,0.0,6420.58,798.98
Copy of IMG00423.JPG,conductor,1,0.0641,2580.2,5616.47,3128.79,6286.56
Copy of IMG00423.JPG,conductor,1,0.0606,2649.12,5285.86,3304.75,6124.66
Copy of IMG00423.JPG,conductor,1,0.0605,5231.84,0.0,5561.0,588.56
Copy of IMG00423.JPG,conductor,1,0.0567,2981.26,4696.04,3799.44,5522.99
Copy of IMG00423.JPG,conductor,1,0.0557,6051.61,20.78,6384.61,981.71
Copy of IMG00024.JPG,conductor,1,0.283,1051.01,4847.86,2919.93,5540.83
Copy of IMG00024.JPG,conductor,1,0.1767,1.18,5604.89,497.27,6336.0
Copy of IMG00024.JPG,conductor,1,0.1569,2548.66,5363.58,4221.42,6026.36
Copy of IMG00024.JPG,conductor,1,0.1288,1.8,5453.27,375.67,6336.0
Copy of IMG00024.JPG,conductor,1,0.1146,6.42,4302.77,1378.53,4920.33
Copy of IMG00024.JPG,conductor,1,0.1075,1136.21,4906.74,3415.78,5654.39
Copy of IMG00024.JPG,conductor,1,0.0961,862.71,4753.34,2841.54,5451.19
Copy of IMG00024.JPG,conductor,1,0.0895,2634.23,5432.27,4388.74,6293.48
Copy of IMG00024.JPG,conductor,1,0.0873,0.58,4163.65,1000.7,4849.14
Copy of IMG00024.JPG,conductor,1,0.0697,2739.68,5546.48,4774.84,6336.0
Copy of IMG00024.JPG,conductor,1,0.0681,1696.48,5677.28,2648.16,6141.66
Copy of IMG00024.JPG,conductor,1,0.0604,2375.78,5921.46,3333.32,6336.0
Copy of IMG00024.JPG,conductor,1,0.057,277.91,4764.28,2997.96,5734.65
Copy of IMG00024.JPG,conductor,1,0.0507,1202.77,5540.08,2560.05,6137.35
Copy of IMG00366.JPG,conductor,1,0.6203,6527.64,4353.79,8112.83,5504.17
Copy of IMG00366.JPG,conductor,1,0.3023,281.52,5452.57,1105.34,6242.93
Copy of IMG00366.JPG,conductor,1,0.3006,0.91,3845.29,589.9,4697.66
Copy of IMG00366.JPG,conductor,1,0.2942,1287.66,5136.5,2289.29,5932.81
Copy of IMG00366.JPG,conductor,1,0.2058,6673.77,4585.88,8216.96,5566.22
Copy of IMG00366.JPG,conductor,1,0.1384,2106.29,5710.31,2769.94,6312.43
Copy of IMG00366.JPG,conductor,1,0.1311,0.72,3782.5,426.68,4563.52
Copy of IMG00366.JPG,conductor,1,0.1288,2412.9,5035.13,3139.48,5595.25
Copy of IMG00366.JPG,conductor,1,0.1261,6496.27,4305.9,7912.23,5310.21
Copy of IMG00366.JPG,conductor,1,0.1083,3799.78,5509.29,4800.27,6258.88
Copy of IMG00366.JPG,conductor,1,0.1081,5246.09,2713.28,6662.39,3603.4
Copy of IMG00366.JPG,conductor,1,0.0954,3201.85,5058.75,4223.26,5643.05
Copy of IMG00366.JPG,conductor,1,0.0915,2546.07,5624.07,3267.25,6285.29
Copy of IMG00366.JPG,conductor,1,0.0896,3680.58,1937.1,4841.66,2477.18
Copy of IMG00366.JPG,conductor,1,0.0811,7989.11,5164.39,9030.21,6247.66
Copy of IMG00366.JPG,conductor,1,0.0726,390.86,5613.56,1194.71,6267.97
Copy of IMG00366.JPG,conductor,1,0.0685,6999.45,4665.73,8304.13,5683.34
Copy of IMG00366.JPG,conductor,1,0.0652,5275.83,2715.04,7029.13,3706.5
Copy of IMG00366.JPG,conductor,1,0.0641,1657.29,4466.84,2601.84,5161.87
Copy of IMG00366.JPG,conductor,1,0.064,3890.26,2033.76,4944.19,2482.25
Copy of IMG00366.JPG,conductor,1,0.0632,1495.41,4359.7,2442.62,5053.65
Copy of IMG00366.JPG,conductor,1,0.0618,3116.78,4880.06,4119.54,5566.02
Copy of IMG00366.JPG,conductor,1,0.0507,221.4,5401.16,1031.88,6124.55
Copy of IMG00197.JPG,insulator,2,0.6163,4371.38,2281.33,4611.95,2477.81
Copy of IMG00197.JPG,pylon,0,0.5781,4472.56,3042.0,4913.21,5629.3
Copy of IMG00197.JPG,insulator,2,0.5148,4951.23,2339.04,5166.25,2542.76
Copy of IMG00197.JPG,insulator,2,0.5096,4110.75,2405.16,4368.89,2625.94
Copy of IMG00197.JPG,insulator,2,0.496,4232.26,2423.41,4468.87,2639.26
Copy of IMG00197.JPG,conductor,1,0.4824,8011.89,5357.96,8500.04,5739.45
Copy of IMG00197.JPG,insulator,2,0.4285,4318.97,2416.71,4557.02,2565.97
Copy of IMG00197.JPG,conductor,1,0.4115,8399.25,5685.17,8936.75,6270.36
Copy of IMG00197.JPG,conductor,1,0.4021,6820.12,5291.26,7400.85,5793.82
Copy of IMG00197.JPG,conductor,1,0.3831,6252.52,4782.93,6879.7,5345.77
Copy of IMG00197.JPG,conductor,1,0.382,8380.27,5688.53,8853.85,6172.22
Copy of IMG00197.JPG,insulator,2,0.3506,4625.74,2430.13,4829.98,2633.56
Copy of IMG00197.JPG,conductor,1,0.3424,7174.03,5675.26,7637.83,6154.88
Copy of IMG00197.JPG,conductor,1,0.3206,8015.74,5876.64,8355.32,6257.63
Copy of IMG00197.JPG,conductor,1,0.3077,7961.05,5292.49,8436.34,5682.75
Copy of IMG00197.JPG,conductor,1,0.3029,7522.03,4920.09,8071.76,5319.58
Copy of IMG00197.JPG,conductor,1,0.297,8498.37,5766.56,8994.77,6293.34
Copy of IMG00197.JPG,conductor,1,0.2953,8069.91,5409.58,8529.4,5795.83
Copy of IMG00197.JPG,conductor,1,0.2851,8353.7,5638.88,8804.05,6073.64
Copy of IMG00197.JPG,conductor,1,0.2592,7236.62,5748.51,7743.85,6219.02
Copy of IMG00197.JPG,conductor,1,0.2234,6933.16,5411.83,7448.43,5934.1
Copy of IMG00197.JPG,conductor,1,0.2027,7068.12,5521.74,7587.71,6107.59
Copy of IMG00197.JPG,conductor,1,0.1954,7592.85,5010.98,8076.59,5364.06
Copy of IMG00197.JPG,conductor,1,0.1952,8578.02,5849.07,9011.15,6295.49
Copy of IMG00197.JPG,conductor,1,0.1918,7928.92,5237.64,8394.5,5617.21
Copy of IMG00197.JPG,conductor,1,0.1845,5817.05,4244.58,6464.38,4859.62
Copy of IMG00197.JPG,insulator,2,0.1824,4278.44,2479.73,4489.49,2659.91
Copy of IMG00197.JPG,conductor,1,0.1782,6963.61,5460.71,7494.97,6056.12
Copy of IMG00197.JPG,conductor,1,0.1667,4963.1,3403.34,5559.98,3865.99
Copy of IMG00197.JPG,insulator,2,0.1529,3379.25,2974.34,3682.79,3301.29
Copy of IMG00197.JPG,insulator,2,0.1525,4322.66,2297.78,4587.4,2479.78
Copy of IMG00197.JPG,conductor,1,0.14,7408.94,5279.77,7795.08,5658.18
Copy of IMG00197.JPG,conductor,1,0.1388,3942.45,5684.7,4609.87,6284.43
Copy of IMG00197.JPG,conductor,1,0.1297,7700.89,5617.74,8076.64,5962.85
Copy of IMG00197.JPG,conductor,1,0.1265,6647.31,4593.08,7149.14,5024.2
Copy of IMG00197.JPG,conductor,1,0.1224,7898.3,413.38,8379.88,565.09
Copy of IMG00197.JPG,conductor,1,0.1195,8854.53,20.65,9186.73,484.04
Copy of IMG00197.JPG,conductor,1,0.1176,8083.89,5439.09,8624.99,5844.62
Copy of IMG00197.JPG,conductor,1,0.1171,8981.08,0.0,9280.46,438.7
Copy of IMG00197.JPG,conductor,1,0.116,8905.44,0.0,9157.09,436.78
Copy of IMG00197.JPG,conductor,1,0.1147,7410.03,4829.74,8026.72,5251.8
Copy of IMG00197.JPG,conductor,1,0.1094,8066.41,410.58,8487.31,564.4
Copy of IMG00197.JPG,conductor,1,0.1092,7931.96,346.19,8436.84,533.85
Copy of IMG00197.JPG,insulator,2,0.1082,4299.7,2425.84,4496.0,2618.74
Copy of IMG00197.JPG,conductor,1,0.107,7828.84,430.8,8255.58,578.16
Copy of IMG00197.JPG,conductor,1,0.1025,9212.04,5360.01,9504.0,5848.82
Copy of IMG00197.JPG,conductor,1,0.101,7321.75,5886.3,7800.54,6279.12
Copy of IMG00197.JPG,conductor,1,0.0994,8251.88,5537.44,8727.47,5969.25
Copy of IMG00197.JPG,conductor,1,0.0957,7437.43,5332.09,7833.47,5689.37
Copy of IMG00197.JPG,conductor,1,0.0955,9223.36,5441.89,9504.0,5923.74
Copy of IMG00197.JPG,conductor,1,0.0941,7973.1,5871.4,8261.41,6266.14
Copy of IMG00197.JPG,conductor,1,0.0932,6892.2,4437.19,7657.6,4894.47
Copy of IMG00197.JPG,conductor,1,0.0903,6616.99,4478.18,7131.63,4986.29
Copy of IMG00197.JPG,conductor,1,0.0896,8037.58,344.39,8584.93,533.6
Copy of IMG00197.JPG,conductor,1,0.0895,8162.46,401.26,8656.74,570.25
Copy of IMG00197.JPG,conductor,1,0.0876,5850.57,4354.35,6505.18,4902.83
Copy of IMG00197.JPG,conductor,1,0.0862,5724.18,4197.02,6400.78,4771.31
Copy of IMG00197.JPG,conductor,1,0.0831,7276.56,4706.65,7896.56,5131.04
Copy of IMG00197.JPG,insulator,2,0.083,4315.88,2313.5,4549.73,2523.32
Copy of IMG00197.JPG,conductor,1,0.0817,7309.43,4750.11,7990.8,5181.32
Copy of IMG00197.JPG,conductor,1,0.0809,7504.97,5356.77,7894.07,5710.99
Copy of IMG00197.JPG,conductor,1,0.0793,0.0,1231.16,2316.97,1518.27
Copy of IMG00197.JPG,conductor,1,0.076,6175.35,4707.05,6780.26,5222.97
Copy of IMG00197.JPG,conductor,1,0.0756,7650.48,5069.4,8227.89,5468.51
Copy of IMG00197.JPG,conductor,1,0.0748,8397.52,541.49,8718.0,682.77
Copy of IMG00197.JPG,conductor,1,0.0744,7039.17,4970.47,7476.02,5303.33
Copy of IMG00197.JPG,conductor,1,0.0744,8769.04,5146.13,9248.88,5520.78
Copy of IMG00197.JPG,conductor,1,0.0742,7886.63,5165.76,8352.74,5569.83
Copy of IMG00197.JPG,conductor,1,0.0736,7316.82,5237.16,7727.27,5622.12
Copy of IMG00197.JPG,conductor,1,0.0735,7781.31,5697.78,8154.81,6060.21
Copy of IMG00197.JPG,conductor,1,0.073,6727.84,5213.84,7295.64,5699.5
Copy of IMG00197.JPG,conductor,1,0.0726,6365.19,4909.88,6963.99,5400.9
Copy of IMG00197.JPG,conductor,1,0.0705,7760.46,5649.76,8141.65,5981.52
Copy of IMG00197.JPG,conductor,1,0.068,7447.06,5931.52,7826.11,6284.84
Copy of IMG00197.JPG,conductor,1,0.0671,7260.06,5169.46,7649.22,5510.72
Copy of IMG00197.JPG,conductor,1,0.0647,7140.7,5103.68,7565.64,5452.63
Copy of IMG00197.JPG,conductor,1,0.064,5209.28,2713.26,5701.4,3052.81
Copy of IMG00197.JPG,conductor,1,0.0636,8451.49,538.86,8756.84,698.63
Copy of IMG00197.JPG,conductor,1,0.0635,7758.79,5474.63,8207.02,5882.96
Copy of IMG00197.JPG,conductor,1,0.0634,9118.65,1503.11,9503.17,1817.73
Copy of IMG00197.JPG,conductor,1,0.0633,8635.11,5090.15,9096.12,5417.64
Copy of IMG00197.JPG,conductor,1,0.0631,7734.85,437.18,8158.3,592.41
Copy of IMG00197.JPG,conductor,1,0.0626,8365.03,427.75,8683.69,591.0
Copy of IMG00197.JPG,conductor,1,0.0622,8882.65,5155.09,9344.36,5524.3
Copy of IMG00197.JPG,conductor,1,0.0617,33.0,784.0,761.79,1063.28
Copy of IMG00197.JPG,conductor,1,0.0605,7761.82,510.43,8212.14,650.63
Copy of IMG00197.JPG,conductor,1,0.0579,8042.5,5796.55,8388.2,6203.84
Copy of IMG00197.JPG,conductor,1,0.0574,8736.39,5077.91,9276.28,5444.68
Copy of IMG00197.JPG,conductor,1,0.0557,8985.48,5135.22,9442.23,5510.52
Copy of IMG00197.JPG,conductor,1,0.0551,8261.68,340.2,8696.62,554.15
Copy of IMG00197.JPG,conductor,1,0.0541,4796.23,3075.14,5158.42,3474.2
Copy of IMG00197.JPG,conductor,1,0.054,7777.78,392.07,8570.69,578.11
Copy of IMG00197.JPG,conductor,1,0.0538,9106.97,1560.12,9503.96,1868.33
Copy of IMG00197.JPG,conductor,1,0.0538,6570.6,5082.92,7205.45,5583.94
Copy of IMG00197.JPG,conductor,1,0.053,9321.05,5514.74,9504.0,6051.14
Copy of IMG00197.JPG,conductor,1,0.0526,7082.26,5029.44,7520.46,5367.88
Copy of IMG00197.JPG,insulator,2,0.0523,4730.29,2311.34,4924.02,2456.8
Copy of IMG00197.JPG,conductor,1,0.0523,8932.42,1033.74,9477.45,1871.42
Copy of IMG00197.JPG,conductor,1,0.0522,9035.57,0.0,9300.08,383.81
Copy of IMG00197.JPG,conductor,1,0.0516,9096.92,5362.31,9502.35,5807.1
Copy of IMG00197.JPG,insulator,2,0.0515,8816.98,1106.53,9023.47,1289.03
Copy of IMG00197.JPG,conductor,1,0.0513,8663.97,5124.94,9115.54,5486.05
Copy of IMG00218.JPG,pylon,0,0.2427,4267.51,32.17,4644.68,3190.47
Copy of IMG00218.JPG,conductor,1,0.1353,4282.1,68.62,4719.94,3206.52
Copy of IMG00218.JPG,conductor,1,0.1079,4974.77,343.53,5188.96,3071.76
Copy of IMG00218.JPG,conductor,1,0.0747,9152.95,4991.05,9504.0,5545.49
Copy of IMG00218.JPG,conductor,1,0.0659,9119.48,5080.83,9504.0,5635.73
Copy of IMG00218.JPG,conductor,1,0.0635,4993.29,408.37,5255.15,3195.83
Copy of IMG00218.JPG,pylon,0,0.0635,4326.14,20.59,4589.92,3360.59
Copy of IMG00218.JPG,conductor,1,0.0585,3608.26,405.39,3800.29,3305.43
Copy of IMG00218.JPG,conductor,1,0.0519,9241.1,4930.73,9502.48,5493.49
Copy of IMG00378.JPG,insulator,2,0.7665,5060.81,2510.04,5353.92,2863.03
Copy of IMG00378.JPG,conductor,1,0.6441,6151.1,4067.22,6997.09,4632.5
Copy of IMG00378.JPG,conductor,1,0.6248,3080.57,5091.9,3691.93,5646.87
Copy of IMG00378.JPG,conductor,1,0.605,3601.72,4598.62,4327.92,5219.03
Copy of IMG00378.JPG,insulator,2,0.6048,5949.02,3005.28,6341.17,3439.71
Copy of IMG00378.JPG,conductor,1,0.5259,1549.59,5218.11,2180.55,5831.61
Copy of IMG00378.JPG,conductor,1,0.4829,4614.15,3778.94,5077.06,4300.59
Copy of IMG00378.JPG,conductor,1,0.4718,5713.8,1724.01,6454.01,2201.89
Copy of IMG00378.JPG,insulator,2,0.4494,5623.43,3252.45,5970.39,3586.12
Copy of IMG00378.JPG,conductor,1,0.4158,7776.66,3938.33,8672.45,4404.29
Copy of IMG00378.JPG,conductor,1,0.3938,6666.2,3789.3,7294.1,4234.75
Copy of IMG00378.JPG,conductor,1,0.3891,5728.09,3784.87,6154.16,4214.57
Copy of IMG00378.JPG,conductor,1,0.3773,6259.94,3554.27,6774.77,3960.66
Copy of IMG00378.JPG,conductor,1,0.3772,6995.83,3557.02,7941.95,3992.16
Copy of IMG00378.JPG,conductor,1,0.356,8290.68,5130.33,9066.26,5658.99
Copy of IMG00378.JPG,conductor,1,0.3481,7286.3,4673.47,8040.94,5258.69
Copy of IMG00378.JPG,conductor,1,0.3148,6740.68,4369.73,7510.92,4925.92
Copy of IMG00378.JPG,pylon,0,0.3101,5057.54,3759.17,5521.6,6274.99
Copy of IMG00378.JPG,conductor,1,0.2872,4081.1,4179.27,4754.74,4760.45
Copy of IMG00378.JPG,conductor,1,0.2728,2771.25,5401.13,3261.69,6050.48
Copy of IMG00378.JPG,conductor,1,0.229,8766.89,4422.21,9400.54,4842.29
Copy of IMG00378.JPG,conductor,1,0.2241,8678.22,4816.81,9321.64,5242.06
Copy of IMG00378.JPG,conductor,1,0.217,6090.24,3491.98,6566.83,3859.71
Copy of IMG00378.JPG,conductor,1,0.2105,6814.07,3910.3,7451.14,4333.24
Copy of IMG00378.JPG,conductor,1,0.2003,2570.91,4428.72,3333.74,4967.16
Copy of IMG00378.JPG,conductor,1,0.196,6131.48,3510.51,6662.41,3904.99
Copy of IMG00378.JPG,conductor,1,0.1931,4536.37,3808.62,5032.22,4347.5
Copy of IMG00378.JPG,conductor,1,0.192,6615.21,3750.92,7165.53,4166.26
Copy of IMG00378.JPG,conductor,1,0.1889,7397.49,3696.63,8283.6,4145.98
Copy of IMG00378.JPG,conductor,1,0.1849,7818.2,4001.44,8703.37,4481.37
Copy of IMG00378.JPG,insulator,2,0.1847,5546.28,2347.75,5814.14,2630.25
Copy of IMG00378.JPG,conductor,1,0.1807,7620.64,4336.41,8323.86,4752.13
Copy of IMG00378.JPG,conductor,1,0.18,6910.93,3973.01,7516.9,4386.1
Copy of IMG00378.JPG,conductor,1,0.1771,7427.47,70.48,8400.16,801.16
Copy of IMG00378.JPG,conductor,1,0.1765,7523.0,4290.48,8278.07,4715.9
Copy of IMG00378.JPG,conductor,1,0.1746,7974.11,5038.08,9010.53,5585.8
Copy of IMG00378.JPG,conductor,1,0.172,4129.5,4131.2,4763.83,4652.45
Copy of IMG00378.JPG,insulator,2,0.1617,5168.82,3533.6,5529.52,3799.96
Copy of IMG00378.JPG,conductor,1,0.1605,8365.14,5193.96,9137.71,5689.78
Copy of IMG00378.JPG,conductor,1,0.1594,7009.9,3586.81,8073.82,4094.06
Copy of IMG00378.JPG,insulator,2,0.1584,5840.01,2822.43,6108.84,3088.71
Copy of IMG00378.JPG,conductor,1,0.1581,3282.17,4198.51,3802.59,4613.07
Copy of IMG00378.JPG,conductor,1,0.1461,3672.14,4500.03,4354.45,5086.84
Copy of IMG00378.JPG,conductor,1,0.1336,8680.52,4404.17,9311.14,4795.73
Copy of IMG00378.JPG,conductor,1,0.133,7609.76,3872.04,8570.46,4362.95
Copy of IMG00378.JPG,conductor,1,0.1328,2076.17,4846.12,2759.22,5396.91
Copy of IMG00378.JPG,conductor,1,0.1302,3001.3,5148.23,3647.91,5720.78
Copy of IMG00378.JPG,conductor,1,0.1301,8794.3,4844.98,9444.2,5279.72
Copy of IMG00378.JPG,conductor,1,0.1289,2814.83,5350.72,3292.31,5899.83
Copy of IMG00378.JPG,conductor,1,0.1276,7332.3,4712.71,8177.42,5330.06
Copy of IMG00378.JPG,conductor,1,0.1273,8372.94,4644.66,8907.29,5028.55
Copy of IMG00378.JPG,conductor,1,0.1229,4419.52,3873.02,4892.08,4390.9
Copy of IMG00378.JPG,conductor,1,0.1226,7207.87,4124.11,7823.99,4513.93
Copy of IMG00378.JPG,conductor,1,0.1215,7089.15,4060.54,7739.43,4473.3
Copy of IMG00378.JPG,conductor,1,0.1211,7353.13,4183.46,7971.21,4595.36
Copy of IMG00378.JPG,conductor,1,0.1194,6660.02,3330.59,7158.08,3728.22
Copy of IMG00378.JPG,conductor,1,0.1172,4371.11,2966.97,4936.13,3428.16
Copy of IMG00378.JPG,conductor,1,0.1147,7881.3,4905.16,8520.39,5507.21
Copy of IMG00378.JPG,conductor,1,0.1141,7414.83,4238.32,8076.0,4647.08
Copy of IMG00378.JPG,conductor,1,0.1137,4369.88,3923.11,4883.07,4608.6
Copy of IMG00378.JPG,conductor,1,0.1119,4178.04,4053.9,4794.8,4586.72
Copy of IMG00378.JPG,conductor,1,0.1116,2491.36,5827.95,2871.62,6291.5
Copy of IMG00378.JPG,conductor,1,0.1083,3848.71,3368.8,4446.14,3897.1
Copy of IMG00378.JPG,conductor,1,0.1083,6727.16,3850.18,7424.91,4286.06
Copy of IMG00378.JPG,conductor,1,0.106,8023.63,4092.23,8800.94,4544.43
Copy of IMG00378.JPG,conductor,1,0.106,2555.69,5647.32,2959.34,6276.18
Copy of IMG00378.JPG,conductor,1,0.1051,2746.94,5544.73,3250.96,6160.37
Copy of IMG00378.JPG,conductor,1,0.1035,7888.89,4984.15,8703.8,5550.78
Copy of IMG00378.JPG,conductor,1,0.1034,7439.29,3758.65,8307.97,4233.23
Copy of IMG00378.JPG,conductor,1,0.1032,3982.59,4246.16,4674.82,4771.42
Copy of IMG00378.JPG,conductor,1,0.1023,2735.41,4491.18,3386.27,4972.9
Copy of IMG00378.JPG,conductor,1,0.1022,6279.83,4268.35,7426.65,4883.02
Copy of IMG00378.JPG,conductor,1,0.1019,8271.62,4598.89,8823.14,4976.76
Copy of IMG00378.JPG,conductor,1,0.0989,1371.24,5382.41,2135.97,6007.47
Copy of IMG00378.JPG,conductor,1,0.0965,6330.78,3629.56,6838.07,4025.47
Copy of IMG00378.JPG,conductor,1,0.0954,2138.63,4800.36,2813.14,5316.01
Copy of IMG00378.JPG,conductor,1,0.0953,6025.19,3931.45,6544.9,4396.54
Copy of IMG00378.JPG,conductor,1,0.0907,3125.57,3894.43,3701.16,4315.69
Copy of IMG00378.JPG,conductor,1,0.0903,3870.15,4377.48,4484.23,4877.85
Copy of IMG00378.JPG,conductor,1,0.09,3580.18,3977.5,4085.98,4324.5
Copy of IMG00378.JPG,conductor,1,0.0897,3173.68,3972.62,3721.39,4471.64
Copy of IMG00378.JPG,conductor,1,0.0883,2913.75,5234.99,3516.83,5778.54
Copy of IMG00378.JPG,conductor,1,0.0873,3567.71,3881.62,4087.23,4286.7
Copy of IMG00378.JPG,conductor,1,0.0871,4312.31,3942.23,4832.56,4469.08
Copy of IMG00378.JPG,conductor,1,0.0858,7751.01,4362.12,8363.86,4782.72
Copy of IMG00378.JPG,conductor,1,0.0854,6642.82,694.83,7495.25,1260.56
Copy of IMG00378.JPG,conductor,1,0.0844,2691.78,5612.75,3197.72,6224.68
Copy of IMG00378.JPG,conductor,1,0.0843,4468.57,3834.1,5004.91,4425.55
Copy of IMG00378.JPG,conductor,1,0.0809,4298.49,2999.28,4801.57,3480.82
Copy of IMG00378.JPG,conductor,1,0.0807,6112.19,4036.47,6905.02,4538.98
Copy of IMG00378.JPG,conductor,1,0.0805,6425.97,3658.75,6992.37,4079.35
Copy of IMG00378.JPG,conductor,1,0.0794,3636.27,3854.28,4218.12,4268.46
Copy of IMG00378.JPG,conductor,1,0.0783,1961.49,4905.51,2684.3,5432.38
Copy of IMG00378.JPG,conductor,1,0.0765,1652.85,5074.1,2505.71,5700.49
Copy of IMG00378.JPG,conductor,1,0.0765,8975.34,5485.19,9501.48,5956.28
Copy of IMG00378.JPG,conductor,1,0.0755,1295.12,5647.16,1773.12,6057.85
Copy of IMG00378.JPG,conductor,1,0.0744,6465.12,721.46,7446.38,1358.19
Copy of IMG00378.JPG,conductor,1,0.0744,3917.79,4306.7,4577.84,4811.78
Copy of IMG00378.JPG,conductor,1,0.0742,9116.92,4949.37,9503.56,5482.4
Copy of IMG00378.JPG,conductor,1,0.0733,4638.48,3390.41,4994.39,3763.86
Copy of IMG00378.JPG,conductor,1,0.0718,4052.21,3468.39,4439.39,3856.5
Copy of IMG00378.JPG,conductor,1,0.0716,6261.37,4130.72,7063.42,4677.45
Copy of IMG00378.JPG,conductor,1,0.0699,3762.79,4437.43,4420.8,5004.74
Copy of IMG00378.JPG,conductor,1,0.0686,3232.59,4081.06,3734.12,4526.47
Copy of IMG00378.JPG,conductor,1,0.0676,9295.14,5049.39,9504.0,5543.79
Copy of IMG00378.JPG,conductor,1,0.0672,6279.5,3503.58,6717.82,3919.08
Copy of IMG00378.JPG,conductor,1,0.067,6054.61,3481.16,6476.1,3821.2
Copy of IMG00378.JPG,conductor,1,0.0667,2672.51,4544.91,3317.37,5048.39
Copy of IMG00378.JPG,conductor,1,0.0664,7129.13,4622.41,7981.5,5162.96
Copy of IMG00378.JPG,conductor,1,0.0663,7753.34,4864.89,8481.03,5411.58
Copy of IMG00378.JPG,conductor,1,0.0661,8173.98,4147.3,8821.16,4562.25
Copy of IMG00378.JPG,conductor,1,0.066,4032.96,3390.97,4498.77,3850.79
Copy of IMG00378.JPG,conductor,1,0.0647,5021.39,3742.7,5475.42,6284.57
Copy of IMG00378.JPG,conductor,1,0.0644,8836.36,4474.84,9492.76,4913.1
Copy of IMG00378.JPG,conductor,1,0.0626,2619.76,5625.87,3122.35,6172.68
Copy of IMG00378.JPG,conductor,1,0.0621,9049.22,5531.21,9504.0,6084.76
Copy of IMG00378.JPG,conductor,1,0.062,3654.19,3473.55,4250.57,3952.47
Copy of IMG00378.JPG,conductor,1,0.0616,3162.4,4990.06,3738.34,5546.9
Copy of IMG00378.JPG,conductor,1,0.061,7786.0,4197.86,8672.57,4744.29
Copy of IMG00378.JPG,conductor,1,0.0606,3503.5,4729.78,4176.59,5313.71
Copy of IMG00378.JPG,conductor,1,0.0605,1581.37,5123.25,2263.14,5658.27
Copy of IMG00378.JPG,conductor,1,0.0603,6918.17,3531.43,7698.7,3928.39
Copy of IMG00378.JPG,conductor,1,0.0603,2801.11,4250.69,3408.02,4747.69
Copy of IMG00378.JPG,conductor,1,0.0592,6542.32,1825.27,7359.74,2407.55
Copy of IMG00378.JPG,conductor,1,0.0591,3152.45,4181.32,3715.55,4613.07
Copy of IMG00378.JPG,conductor,1,0.0577,7490.73,4807.24,8377.45,5373.43
Copy of IMG00378.JPG,conductor,1,0.0564,9084.54,4525.87,9504.0,4997.2
Copy of IMG00378.JPG,conductor,1,0.0559,6984.99,4041.25,7649.94,4450.5
Copy of IMG00378.JPG,pylon,0,0.0548,5167.28,3763.07,5572.6,5652.76
Copy of IMG00378.JPG,conductor,1,0.0548,5765.32,1689.73,6512.4,2117.69
Copy of IMG00378.JPG,conductor,1,0.0545,3715.19,3807.27,4278.83,4192.53
Copy of IMG00378.JPG,conductor,1,0.0543,8177.86,4542.73,8762.42,4941.73
Copy of IMG00378.JPG,conductor,1,0.0543,7815.94,4388.37,8526.29,4806.86
Copy of IMG00378.JPG,conductor,1,0.0542,2664.49,4342.0,3338.86,4802.09
Copy of IMG00378.JPG,conductor,1,0.0542,8066.74,4503.32,8725.25,4916.47
Copy of IMG00378.JPG,conductor,1,0.0537,5902.72,3887.83,6446.81,4366.99
Copy of IMG00378.JPG,conductor,1,0.0537,4628.38,3837.97,5059.31,4404.47
Copy of IMG00378.JPG,conductor,1,0.0535,3374.62,4821.88,4013.34,5350.88
Copy of IMG00378.JPG,conductor,1,0.0524,6421.35,3709.74,7065.52,4139.94
Copy of IMG00378.JPG,conductor,1,0.0524,1519.56,5362.69,2110.7,5857.84
Copy of IMG00378.JPG,conductor,1,0.0522,3786.22,3736.47,4309.1,4134.9
Copy of IMG00378.JPG,conductor,1,0.0515,8523.14,4764.46,9185.31,5167.03
Copy of IMG00378.JPG,conductor,1,0.0513,9291.76,4637.82,9504.0,5089.76
Copy of IMG00378.JPG,conductor,1,0.051,4023.15,3527.34,4456.7,3931.17
Copy of IMG00378.JPG,conductor,1,0.0508,9017.5,4877.17,9503.46,5429.86
Copy of IMG00378.JPG,conductor,1,0.0507,6486.41,1865.55,7346.71,2552.18
Copy of IMG00378.JPG,conductor,1,0.0501,6470.07,4315.62,7404.72,4832.43
Copy of IMG00378.JPG,conductor,1,0.0501,4056.57,3219.4,4506.64,3824.42
Copy of IMG03396.JPG,insulator,2,0.9589,5374.98,3657.88,5796.08,4015.05
Copy of IMG03396.JPG,conductor,1,0.915,4832.84,2227.1,5720.43,3757.14
Copy of IMG03396.JPG,pylon,0,0.8847,5902.58,4652.74,6587.26,6295.2
Copy of IMG03396.JPG,pylon,0,0.8825,4686.94,4596.08,5337.62,6279.85
Copy of IMG03396.JPG,insulator,2,0.8757,5624.4,4350.06,6039.97,4734.48
Copy of IMG03396.JPG,insulator,2,0.8727,7013.24,4121.46,7439.14,4502.37
Copy of IMG03396.JPG,insulator,2,0.8359,6717.05,3487.14,7150.94,3839.07
Copy of IMG03396.JPG,conductor,1,0.8338,7163.17,4721.96,8300.39,6275.64
Copy of IMG03396.JPG,insulator,2,0.7886,4225.97,4588.94,4682.18,4995.59
Copy of IMG03396.JPG,conductor,1,0.5843,5852.03,4904.01,6556.62,6285.68
Copy of IMG03396.JPG,insulator,2,0.5694,4087.2,3916.67,4465.82,4204.67
Copy of IMG03396.JPG,insulator,2,0.5025,9214.08,2066.22,9502.32,2670.81
Copy of IMG03396.JPG,conductor,1,0.3781,5962.29,2040.9,6909.67,3442.6
Copy of IMG03396.JPG,insulator,2,0.3272,6344.98,3957.36,6674.44,4242.07
Copy of IMG03396.JPG,pylon,0,0.2844,4627.91,5005.37,5303.0,6293.82
Copy of IMG03396.JPG,conductor,1,0.2558,4367.57,5123.27,4905.2,6270.08
Copy of IMG03396.JPG,pylon,0,0.1813,6078.97,4478.39,6614.61,6327.16
Copy of IMG03396.JPG,insulator,2,0.1608,4289.55,4601.83,4706.01,5061.07
Copy of IMG03396.JPG,conductor,1,0.1227,5883.63,5118.83,6344.6,6286.19
Copy of IMG03396.JPG,insulator,2,0.1166,5320.56,1293.89,5884.19,1858.99
Copy of IMG03396.JPG,insulator,2,0.1069,5285.23,1510.02,5605.88,1874.44
Copy of IMG03396.JPG,insulator,2,0.1044,4981.95,1421.74,5374.88,1851.36
Copy of IMG03396.JPG,insulator,2,0.0939,5062.31,1450.03,5463.49,1839.53
Copy of IMG03396.JPG,insulator,2,0.0803,5386.37,1223.03,6003.98,1825.8
Copy of IMG03396.JPG,conductor,1,0.0636,1198.27,3019.81,3283.1,3394.62
Copy of IMG03396.JPG,conductor,1,0.0526,1815.19,441.98,3105.52,2310.83
Copy of IMG00384.JPG,pylon,0,0.6324,4312.37,3393.5,4620.35,5472.46
Copy of IMG00384.JPG,insulator,2,0.6219,4100.47,3264.86,4330.18,3518.82
Copy of IMG00384.JPG,insulator,2,0.431,4300.62,3020.34,4536.68,3204.54
Copy of IMG00384.JPG,conductor,1,0.3664,7918.53,5006.62,9013.9,5624.31
Copy of IMG00384.JPG,insulator,2,0.3388,4546.87,3195.59,4755.63,3409.68
Copy of IMG00384.JPG,conductor,1,0.2791,5427.04,3627.49,9472.76,4235.08
Copy of IMG00384.JPG,conductor,1,0.2389,9083.87,5779.5,9504.0,6309.65
Copy of IMG00384.JPG,conductor,1,0.2366,9015.75,5687.11,9502.39,6274.92
Copy of IMG00384.JPG,conductor,1,0.1726,5026.77,3395.93,6001.55,3968.23
Copy of IMG00384.JPG,conductor,1,0.1613,8869.39,5608.76,9504.0,6222.07
Copy of IMG00384.JPG,conductor,1,0.1318,0.0,3499.66,1191.78,4127.35
Copy of IMG00384.JPG,conductor,1,0.1102,9167.03,5748.62,9503.09,6257.46
Copy of IMG00384.JPG,conductor,1,0.0974,7062.38,5071.56,7877.25,5614.19
Copy of IMG00384.JPG,conductor,1,0.0906,4798.65,3817.45,5433.28,4269.76
Copy of IMG00384.JPG,conductor,1,0.0712,7011.05,4912.42,7907.66,5557.5
Copy of IMG00384.JPG,conductor,1,0.0681,5115.26,3152.63,9504.0,3876.46
Copy of IMG00384.JPG,conductor,1,0.0675,8856.01,5533.88,9504.0,6060.62
Copy of IMG00384.JPG,conductor,1,0.0657,5259.18,3491.64,9504.0,4171.13
Copy of IMG00384.JPG,conductor,1,0.0527,9236.79,5845.65,9503.86,6329.89
Copy of IMG00384.JPG,conductor,1,0.0509,5062.83,3395.89,5823.78,3899.82
Copy of IMG00486.JPG,pylon,0,0.8053,4323.03,3130.67,4852.78,6255.12
Copy of IMG00486.JPG,insulator,2,0.7635,4527.41,2730.49,4763.84,3020.22
Copy of IMG00486.JPG,insulator,2,0.4996,5391.98,2911.68,5657.67,3225.54
Copy of IMG00486.JPG,conductor,1,0.4904,3362.75,3265.72,3921.74,6279.63
Copy of IMG00486.JPG,insulator,2,0.4169,3579.79,2908.84,3865.98,3179.2
Copy of IMG00486.JPG,conductor,1,0.3151,3451.44,3205.53,3855.58,6336.0
Copy of IMG00486.JPG,insulator,2,0.292,3570.9,2869.7,3845.21,3145.24
Copy of IMG00486.JPG,conductor,1,0.2608,5393.88,3414.91,5784.73,6251.41
Copy of IMG00486.JPG,conductor,1,0.2471,3755.4,310.4,4118.35,2367.71
Copy of IMG00486.JPG,conductor,1,0.1794,4510.94,593.27,4825.02,2301.04
Copy of IMG00486.JPG,conductor,1,0.1598,3543.28,3189.85,3838.89,5767.64
Copy of IMG00486.JPG,conductor,1,0.1283,5312.47,1562.57,5531.78,2428.79
Copy of IMG00486.JPG,conductor,1,0.1174,8996.79,3095.34,9504.0,3477.06
Copy of IMG00486.JPG,conductor,1,0.1101,3561.21,3285.39,3839.17,3863.06
Copy of IMG00486.JPG,conductor,1,0.0926,5221.4,140.27,5594.96,2397.35
Copy of IMG00486.JPG,conductor,1,0.0919,5394.36,3332.66,5638.62,4217.63
Copy of IMG00486.JPG,conductor,1,0.0897,8821.8,3882.36,9502.94,4548.64
Copy of IMG00486.JPG,conductor,1,0.0889,8974.42,3944.63,9502.34,4569.35
Copy of IMG00486.JPG,conductor,1,0.0787,5308.69,3351.85,5639.75,4014.13
Copy of IMG00486.JPG,conductor,1,0.0759,5386.09,3328.29,5641.15,4656.29
Copy of IMG00486.JPG,conductor,1,0.0711,5392.68,3344.44,5652.02,3977.81
Copy of IMG00486.JPG,conductor,1,0.0645,3582.18,3215.42,3830.62,4969.59
Copy of IMG00486.JPG,conductor,1,0.0631,5399.48,3339.42,5653.41,5776.69
Copy of IMG00486.JPG,conductor,1,0.0555,8722.19,3895.71,9492.15,4419.56
Copy of IMG00486.JPG,conductor,1,0.0516,8498.01,3757.63,9361.57,4306.76
Copy of IMG00486.JPG,conductor,1,0.0508,3764.53,1789.87,3975.82,2324.44
Copy of IMG00489.JPG,pylon,0,0.7565,4803.24,2702.02,5258.9,5425.26
Copy of IMG00489.JPG,conductor,1,0.488,3890.95,5258.53,4335.54,6245.95
Copy of IMG00489.JPG,conductor,1,0.4685,3112.11,5094.33,3861.82,6284.44
Copy of IMG00489.JPG,conductor,1,0.4359,3474.29,3388.02,4413.81,5173.82
Copy of IMG00489.JPG,insulator,2,0.4222,5385.75,2520.91,5626.19,2737.07
Copy of IMG00489.JPG,conductor,1,0.2394,3311.83,3394.83,4283.38,5425.44
Copy of IMG00489.JPG,conductor,1,0.2293,5769.41,3552.38,9504.0,4538.82
Copy of IMG00489.JPG,conductor,1,0.212,4243.4,3907.16,4744.53,4887.75
Copy of IMG00489.JPG,conductor,1,0.1947,3237.35,4198.39,4175.51,5477.07
Copy of IMG00489.JPG,conductor,1,0.194,73.31,2600.13,4095.66,3249.19
Copy of IMG00489.JPG,conductor,1,0.189,5980.34,2552.5,9504.0,3235.88
Copy of IMG00489.JPG,insulator,2,0.1692,4395.53,2429.91,4620.05,2713.66
Copy of IMG00489.JPG,conductor,1,0.1643,3115.5,5498.79,3659.35,6287.9
Copy of IMG00489.JPG,conductor,1,0.1638,5253.12,2717.92,5572.53,3613.19
Copy of IMG00489.JPG,conductor,1,0.1597,4080.36,4575.79,4573.53,5447.45
Copy of IMG00489.JPG,conductor,1,0.1416,3955.68,5173.99,4387.9,6200.25
Copy of IMG00489.JPG,conductor,1,0.1277,3168.62,4389.09,4057.72,5667.02
Copy of IMG00489.JPG,conductor,1,0.108,4353.25,3704.76,4762.76,4780.18
Copy of IMG00489.JPG,conductor,1,0.1046,3154.52,4555.12,4004.87,6265.83
Copy of IMG00489.JPG,conductor,1,0.0999,4194.56,2764.71,4538.68,3377.93
Copy of IMG00489.JPG,conductor,1,0.0843,0.0,2436.37,3961.17,3154.91
Copy of IMG00489.JPG,insulator,2,0.0737,4916.81,2363.09,5115.74,2598.23
Copy of IMG00489.JPG,conductor,1,0.0627,3958.5,4911.66,4457.2,6178.21
Copy of IMG00489.JPG,conductor,1,0.0596,3854.84,5485.27,4321.44,6258.6
Copy of IMG00489.JPG,conductor,1,0.059,4423.48,3617.46,4781.0,4557.07
Copy of IMG00489.JPG,conductor,1,0.0533,3092.67,5356.57,3756.85,6278.55
Copy of IMG00489.JPG,pylon,0,0.0515,4756.76,2586.74,5208.45,6047.37
Copy of IMG03500.JPG,pylon,0,0.8424,4728.45,3887.06,5202.6,6283.65
Copy of IMG03500.JPG,insulator,2,0.7534,5482.42,3662.51,5715.62,3964.43
Copy of IMG03500.JPG,insulator,2,0.6743,4904.68,3384.34,5095.73,3630.05
Copy of IMG03500.JPG,insulator,2,0.5956,4328.38,3555.55,4527.6,3773.16
Copy of IMG03500.JPG,conductor,1,0.5278,3283.42,5200.22,4670.83,5851.49
Copy of IMG03500.JPG,conductor,1,0.3307,8062.11,1138.82,9502.63,1672.29
Copy of IMG03500.JPG,conductor,1,0.2154,8574.19,5361.44,9491.24,5652.57
Copy of IMG03500.JPG,conductor,1,0.2075,2153.4,1053.17,3856.86,1482.83
Copy of IMG03500.JPG,conductor,1,0.1507,8448.73,5374.56,9504.0,5755.5
Copy of IMG03500.JPG,conductor,1,0.1423,8108.94,5602.65,9042.92,5800.71
Copy of IMG03500.JPG,conductor,1,0.081,8250.9,5454.01,9385.93,5712.43
Copy of IMG03500.JPG,conductor,1,0.0782,8325.91,5353.14,9423.0,5615.63
Copy of IMG03500.JPG,conductor,1,0.0776,8195.13,5517.62,9324.01,5743.79
Copy of IMG03500.JPG,conductor,1,0.0673,5.21,1392.8,2394.99,2158.6
Copy of IMG03500.JPG,conductor,1,0.0645,7433.0,1294.23,8338.48,1656.62
Copy of IMG03500.JPG,conductor,1,0.0581,8013.8,5551.39,9050.53,5755.38
Copy of IMG03500.JPG,conductor,1,0.0561,0.0,1066.9,2301.21,1547.02
Copy of IMG03500.JPG,conductor,1,0.0554,8712.3,5386.97,9502.85,5625.72
Copy of IMG03500.JPG,conductor,1,0.0525,9000.37,5004.21,9504.0,5291.76
Copy of IMG00436.JPG,insulator,2,0.7248,4483.43,3273.84,4861.62,3536.14
Copy of IMG00436.JPG,conductor,1,0.7006,2792.16,5705.88,3488.27,6294.39
Copy of IMG00436.JPG,conductor,1,0.645,2535.6,3864.36,3566.22,4664.02
Copy of IMG00436.JPG,insulator,2,0.6428,3742.29,3162.51,4197.59,3661.69
Copy of IMG00436.JPG,conductor,1,0.617,3411.14,4994.43,4265.1,5781.26
Copy of IMG00436.JPG,conductor,1,0.5561,724.27,5577.21,1658.86,6278.25
Copy of IMG00436.JPG,conductor,1,0.531,5490.88,4738.9,6489.64,5367.11
Copy of IMG00436.JPG,conductor,1,0.5155,1139.97,4882.65,2330.78,5684.38
Copy of IMG00436.JPG,conductor,1,0.4378,5726.25,3923.1,6924.04,4519.47
Copy of IMG00436.JPG,conductor,1,0.4232,8094.84,5763.12,9107.39,6279.92
Copy of IMG00436.JPG,conductor,1,0.3967,2062.84,5436.41,2817.69,6208.1
Copy of IMG00436.JPG,conductor,1,0.3713,8280.82,5831.08,9160.32,6297.03
Copy of IMG00436.JPG,conductor,1,0.3688,7231.68,5407.19,8087.2,5924.43
Copy of IMG00436.JPG,conductor,1,0.3514,6493.44,5107.24,7303.54,5633.03
Copy of IMG00436.JPG,insulator,2,0.349,4934.51,3711.83,5213.69,3946.11
Copy of IMG00436.JPG,insulator,2,0.3318,5251.17,3343.18,5785.26,3811.67
Copy of IMG00436.JPG,conductor,1,0.3049,6315.97,4620.31,7184.18,5079.94
Copy of IMG00436.JPG,conductor,1,0.3024,8933.22,5542.33,9504.0,6069.33
Copy of IMG00436.JPG,conductor,1,0.2985,8589.33,5474.1,9503.38,5986.6
Copy of IMG00436.JPG,conductor,1,0.2932,2748.35,4823.24,3524.35,5569.27
Copy of IMG00436.JPG,conductor,1,0.2895,3784.86,3970.52,4216.62,4641.06
Copy of IMG00436.JPG,conductor,1,0.2872,4247.94,4646.39,4778.66,6287.85
Copy of IMG00436.JPG,conductor,1,0.2806,1875.68,4308.84,2956.14,5171.23
Copy of IMG00436.JPG,conductor,1,0.2697,2832.08,4698.96,3704.53,5503.23
Copy of IMG00436.JPG,conductor,1,0.2658,7360.18,4606.21,8622.62,5093.14
Copy of IMG00436.JPG,conductor,1,0.245,8189.69,5323.05,9229.41,5765.0
Copy of IMG00436.JPG,insulator,2,0.2446,4587.01,3590.11,4891.69,3845.01
Copy of IMG00436.JPG,conductor,1,0.2419,7151.51,4946.56,8060.28,5393.96
Copy of IMG00436.JPG,conductor,1,0.2344,8003.33,5689.48,8903.89,6236.83
Copy of IMG00436.JPG,conductor,1,0.2106,1813.29,5883.54,2342.48,6306.3
Copy of IMG00436.JPG,conductor,1,0.2015,694.4,5729.83,1366.67,6297.1
Copy of IMG00436.JPG,conductor,1,0.1985,6394.1,4650.65,7288.88,5143.0
Copy of IMG00436.JPG,conductor,1,0.1937,7095.62,5344.13,8007.61,5865.49
Copy of IMG00436.JPG,conductor,1,0.192,5421.88,4686.95,6251.18,5204.82
Copy of IMG00436.JPG,conductor,1,0.1834,8410.25,5424.14,9495.65,5890.72
Copy of IMG00436.JPG,conductor,1,0.1806,2129.13,5359.66,2904.71,6151.46
Copy of IMG00436.JPG,conductor,1,0.1768,1874.16,5680.62,2650.18,6270.94
Copy of IMG00436.JPG,conductor,1,0.1754,8039.31,5265.02,8934.61,5731.99
Copy of IMG00436.JPG,conductor,1,0.1742,7305.79,4973.49,8188.77,5440.87
Copy of IMG00436.JPG,conductor,1,0.1683,7475.78,5048.62,8249.49,5480.85
Copy of IMG00436.JPG,insulator,2,0.1673,4390.35,3306.31,4684.4,3575.68
Copy of IMG00436.JPG,insulator,2,0.166,5237.56,3339.86,5732.15,3668.45
Copy of IMG00436.JPG,conductor,1,0.1629,5669.9,3913.87,6674.02,4433.76
Copy of IMG00436.JPG,conductor,1,0.1587,1829.41,5801.51,2456.58,6296.61
Copy of IMG00436.JPG,conductor,1,0.1574,8486.97,5857.12,9207.43,6311.45
Copy of IMG00436.JPG,conductor,1,0.1556,5767.63,3940.71,7448.25,4668.87
Copy of IMG00436.JPG,conductor,1,0.1545,6101.0,4548.57,7037.84,5025.47
Copy of IMG00436.JPG,conductor,1,0.154,5506.19,4309.8,6229.83,4743.53
Copy of IMG00436.JPG,conductor,1,0.1526,8268.11,4934.92,9412.34,5403.32
Copy of IMG00436.JPG,conductor,1,0.1478,6002.6,4514.47,6935.6,4981.34
Copy of IMG00436.JPG,conductor,1,0.1466,6876.08,4843.04,7737.61,5281.01
Copy of IMG00436.JPG,conductor,1,0.146,3227.21,4485.04,3910.38,5191.39
Copy of IMG00436.JPG,conductor,1,0.1433,3356.28,4351.98,3991.44,5075.22
Copy of IMG00436.JPG,conductor,1,0.1386,6676.87,4797.39,7638.89,5247.95
Copy of IMG00436.JPG,conductor,1,0.1224,5430.76,4283.98,6131.81,4707.6
Copy of IMG00436.JPG,conductor,1,0.1222,1720.78,4410.27,2861.27,5318.85
Copy of IMG00436.JPG,conductor,1,0.1209,5377.37,4243.48,5987.0,4658.8
Copy of IMG00436.JPG,conductor,1,0.1204,7530.54,4669.98,8831.84,5156.26
Copy of IMG00436.JPG,conductor,1,0.1191,5878.84,4467.7,6805.58,4914.72
Copy of IMG00436.JPG,conductor,1,0.1146,5777.76,4886.57,6735.92,5431.58
Copy of IMG00436.JPG,conductor,1,0.1134,5635.82,4834.05,6632.53,5407.88
Copy of IMG00436.JPG,conductor,1,0.1129,8178.94,4857.69,9360.03,5358.03
Copy of IMG00436.JPG,conductor,1,0.1085,7405.12,5457.74,8263.6,5976.8
Copy of IMG00436.JPG,conductor,1,0.1081,3730.31,3986.43,4184.49,4782.45
Copy of IMG00436.JPG,insulator,2,0.1068,4524.06,3319.98,4892.97,3610.32
Copy of IMG00436.JPG,conductor,1,0.1051,7140.94,4574.8,8483.44,5048.98
Copy of IMG00436.JPG,conductor,1,0.1046,8957.55,6011.55,9500.61,6336.0
Copy of IMG00436.JPG,conductor,1,0.1037,2730.99,5833.53,3309.16,6328.38
Copy of IMG00436.JPG,conductor,1,0.102,7773.19,5595.69,8661.58,6139.99
Copy of IMG00436.JPG,conductor,1,0.1016,7787.89,4787.59,9020.21,5257.49
Copy of IMG00436.JPG,conductor,1,0.1012,3940.66,4052.37,4320.12,4552.12
Copy of IMG00436.JPG,conductor,1,0.101,6602.55,5161.77,7399.3,5686.63
Copy of IMG00436.JPG,insulator,2,0.1005,4884.9,4498.34,5295.86,4789.64
Copy of IMG00436.JPG,conductor,1,0.0993,2213.76,5323.07,2972.6,5989.77
Copy of IMG00436.JPG,conductor,1,0.0991,8554.56,5046.61,9475.31,5482.41
Copy of IMG00436.JPG,conductor,1,0.0983,6992.27,4865.11,7937.88,5329.52
Copy of IMG00436.JPG,conductor,1,0.0973,7626.59,5097.3,8413.6,5527.65
Copy of IMG00436.JPG,conductor,1,0.0965,6318.88,5085.44,7268.5,5585.78
Copy of IMG00436.JPG,conductor,1,0.0965,3108.82,3763.69,3770.53,4331.29
Copy of IMG00436.JPG,conductor,1,0.0956,5348.87,4212.07,5880.22,4614.69
Copy of IMG00436.JPG,conductor,1,0.0938,8724.67,5960.33,9415.83,6332.27
Copy of IMG00436.JPG,conductor,1,0.0936,22.25,3279.25,2699.25,5955.97
Copy of IMG00436.JPG,conductor,1,0.0931,2993.78,4532.6,3829.72,5282.99
Copy of IMG00436.JPG,conductor,1,0.0925,5562.38,4342.74,6375.96,4776.61
Copy of IMG00436.JPG,insulator,2,0.0921,4397.28,3289.54,4807.8,3568.07
Copy of IMG00436.JPG,conductor,1,0.0877,3559.98,4134.03,4107.26,4906.18
Copy of IMG00436.JPG,conductor,1,0.0868,5782.45,4428.35,6665.43,4877.3
Copy of IMG00436.JPG,insulator,2,0.085,4546.14,3986.72,4769.5,4286.83
Copy of IMG00436.JPG,conductor,1,0.0833,8909.35,5136.53,9503.83,5579.26
Copy of IMG00436.JPG,conductor,1,0.0833,6161.0,4995.58,7015.8,5509.78
Copy of IMG00436.JPG,conductor,1,0.0827,7764.47,5207.07,8710.47,5618.45
Copy of IMG00436.JPG,conductor,1,0.0812,6904.67,5285.54,7735.99,5757.67
Copy of IMG00436.JPG,conductor,1,0.0808,6000.0,4961.72,6888.91,5487.89
Copy of IMG00436.JPG,conductor,1,0.08,7018.0,5320.88,7831.51,5793.74
Copy of IMG00436.JPG,conductor,1,0.0788,7044.4,4489.78,8322.07,4990.04
Copy of IMG00436.JPG,conductor,1,0.0743,1837.98,5932.71,2244.32,6319.76
Copy of IMG00436.JPG,conductor,1,0.0742,7681.68,5133.83,8595.29,5578.92
Copy of IMG00436.JPG,insulator,2,0.0738,4939.35,4095.33,5255.95,4300.67
Copy of IMG00436.JPG,conductor,1,0.0734,4022.78,3999.28,4341.66,4525.71
Copy of IMG00436.JPG,conductor,1,0.0713,6569.33,4713.33,7548.47,5196.9
Copy of IMG00436.JPG,conductor,1,0.071,2827.42,3804.01,3718.36,4492.51
Copy of IMG00436.JPG,conductor,1,0.0709,5644.22,4380.45,6527.24,4828.53
Copy of IMG00436.JPG,conductor,1,0.0692,7477.11,5503.33,8408.06,6010.02
Copy of IMG00436.JPG,conductor,1,0.0683,9160.15,6001.81,9504.0,6336.0
Copy of IMG00436.JPG,conductor,1,0.0671,6709.55,5218.21,7611.38,5732.84
Copy of IMG00436.JPG,conductor,1,0.0668,3331.75,5115.84,4076.93,5782.43
Copy of IMG00436.JPG,conductor,1,0.0661,8761.9,5106.55,9502.59,5536.85
Copy of IMG00436.JPG,conductor,1,0.0658,2624.85,4910.75,3401.57,5593.52
Copy of IMG00436.JPG,insulator,2,0.0646,4559.7,3432.13,4905.13,3665.12
Copy of IMG00436.JPG,conductor,1,0.0644,6243.88,4013.49,7642.58,4735.98
Copy of IMG00436.JPG,conductor,1,0.0635,3811.04,3925.36,4163.26,4577.26
Copy of IMG00436.JPG,conductor,1,0.063,3775.79,4780.15,4368.25,5557.77
Copy of IMG00436.JPG,conductor,1,0.0608,8285.5,5670.06,9450.7,6262.52
Copy of IMG00436.JPG,conductor,1,0.0604,6813.1,4415.31,8076.9,4903.3
Copy of IMG00436.JPG,conductor,1,0.0586,8868.38,5752.6,9504.0,6336.0
Copy of IMG00436.JPG,conductor,1,0.0567,8850.27,5400.24,9504.0,6016.33
Copy of IMG00436.JPG,conductor,1,0.0563,837.38,5469.44,1749.25,6211.69
Copy of IMG00436.JPG,insulator,2,0.0562,5289.0,3542.11,5736.45,3838.47
Copy of IMG00436.JPG,conductor,1,0.056,2014.87,4194.37,3031.76,5014.78
Copy of IMG00436.JPG,conductor,1,0.0557,759.8,5274.54,1878.77,6260.87
Copy of IMG00436.JPG,conductor,1,0.0555,3242.97,3739.1,3801.16,4240.91
Copy of IMG00436.JPG,conductor,1,0.0554,7934.67,4841.66,9137.78,5278.64
Copy of IMG00436.JPG,conductor,1,0.0531,4189.47,5550.21,4669.71,6297.01
Copy of IMG00436.JPG,conductor,1,0.0501,2155.4,3960.24,3487.19,4934.72
Copy of IMG00436.JPG,conductor,1,0.0501,4251.9,5034.29,4722.28,6228.42
Copy of IMG00087.JPG,conductor,1,0.6305,4150.41,3842.45,4737.37,6224.42
Copy of IMG00087.JPG,insulator,2,0.4807,4646.02,3379.57,4948.79,3595.23
Copy of IMG00087.JPG,insulator,2,0.2991,4617.18,3279.67,4945.12,3584.68
Copy of IMG00087.JPG,insulator,2,0.1254,4129.92,3277.48,4439.86,3570.44
Copy of IMG00087.JPG,insulator,2,0.0764,4652.84,3229.12,4925.88,3554.13
Copy of IMG00087.JPG,conductor,1,0.0724,4243.46,3858.99,4651.29,6124.59
Copy of IMG00087.JPG,insulator,2,0.0671,4234.98,3544.75,4516.74,3747.38
Copy of IMG00087.JPG,insulator,2,0.0599,4163.67,3273.7,4491.57,3612.63
Copy of IMG00087.JPG,insulator,2,0.0524,4536.97,3277.88,4914.52,3604.22
Copy of IMG00356.JPG,insulator,2,0.7353,5266.4,2100.78,5483.22,2362.28
Copy of IMG00356.JPG,insulator,2,0.6405,4657.25,2202.18,5011.45,2531.93
Copy of IMG00356.JPG,conductor,1,0.486,4658.14,2451.03,5354.46,6265.0
Copy of IMG00356.JPG,pylon,0,0.2238,5588.68,2399.96,6937.58,6236.28
Copy of IMG00356.JPG,insulator,2,0.1781,2.8,2366.16,268.0,3003.0
Copy of IMG00356.JPG,conductor,1,0.149,5512.67,2841.86,6563.77,6260.91
Copy of IMG00356.JPG,insulator,2,0.0682,829.5,2408.48,1208.83,2894.87
Copy of IMG00356.JPG,insulator,2,0.0642,5245.44,2065.32,5506.84,2335.89
Copy of IMG00356.JPG,insulator,2,0.061,5282.97,2148.74,5564.94,2383.38
Copy of IMG00356.JPG,insulator,2,0.0591,5746.54,2305.96,6028.11,2537.85
Copy of IMG00356.JPG,conductor,1,0.0553,347.95,58.98,1419.12,2359.18
Copy of IMG00356.JPG,conductor,1,0.0537,5739.61,2292.11,6925.02,6256.63
Copy of IMG00356.JPG,conductor,1,0.0528,5450.63,187.91,6250.76,2074.17
Copy of IMG00356.JPG,conductor,1,0.0527,1.46,0.0,279.42,321.26
Copy of IMG00216.JPG,conductor,1,0.6815,5302.54,4767.81,6022.81,5651.54
Copy of IMG00216.JPG,pylon,0,0.6265,4794.96,4162.44,5209.85,6187.06
Copy of IMG00216.JPG,conductor,1,0.513,7392.83,5679.17,8175.98,6279.49
Copy of IMG00216.JPG,conductor,1,0.4659,5917.4,5625.39,6664.25,6297.69
Copy of IMG00216.JPG,conductor,1,0.3265,6904.24,5771.14,7442.37,6280.69
Copy of IMG00216.JPG,conductor,1,0.2627,6277.66,5072.08,7030.33,5672.26
Copy of IMG00216.JPG,conductor,1,0.2584,6810.56,5630.46,7411.71,6252.37
Copy of IMG00216.JPG,conductor,1,0.2356,7648.15,2056.92,9504.0,3530.95
Copy of IMG00216.JPG,conductor,1,0.231,5570.28,4065.52,6555.07,4960.73
Copy of IMG00216.JPG,conductor,1,0.1871,7010.09,5854.09,7485.58,6307.7
Copy of IMG00216.JPG,conductor,1,0.1785,5814.22,5511.14,6585.33,6261.1
Copy of IMG00216.JPG,conductor,1,0.1731,7324.52,5652.45,8010.16,6196.14
Copy of IMG00216.JPG,insulator,2,0.15,5061.43,3322.69,5445.58,3646.53
Copy of IMG00216.JPG,conductor,1,0.1344,6063.07,5759.21,6705.33,6311.8
Copy of IMG00216.JPG,conductor,1,0.1331,5248.91,4707.66,5919.24,5584.56
Copy of IMG00216.JPG,conductor,1,0.1283,5397.33,4921.52,6050.6,5661.98
Copy of IMG00216.JPG,insulator,2,0.1234,3636.75,2482.81,4010.79,2806.93
Copy of IMG00216.JPG,conductor,1,0.115,6718.45,5544.48,7337.25,6156.2
Copy of IMG00216.JPG,conductor,1,0.1068,1787.28,708.47,2809.12,2474.61
Copy of IMG00216.JPG,insulator,2,0.0975,4995.22,3422.3,5450.31,4076.63
Copy of IMG00216.JPG,conductor,1,0.0781,5164.4,4552.56,5667.81,5230.85
Copy of IMG00216.JPG,conductor,1,0.0693,5717.75,5400.2,6480.65,6189.55
Copy of IMG00216.JPG,conductor,1,0.0594,5137.79,4492.31,5616.88,5141.85
Copy of IMG00216.JPG,insulator,2,0.0574,4304.32,3183.53,4649.46,3518.36
Copy of IMG00216.JPG,conductor,1,0.0566,6660.65,5496.73,7293.1,6079.98
Copy of IMG00216.JPG,insulator,2,0.055,5012.82,3313.1,5438.91,3836.23
Copy of IMG00216.JPG,conductor,1,0.0548,5221.03,4640.69,5822.75,5460.54
Copy of IMG03539.JPG,conductor,1,0.6816,1131.03,3564.08,2168.67,4194.64
Copy of IMG03539.JPG,conductor,1,0.4975,1.25,4731.21,933.85,5467.07
Copy of IMG03539.JPG,conductor,1,0.4227,309.25,4063.11,1640.97,4787.14
Copy of IMG03539.JPG,conductor,1,0.3145,1712.54,4109.86,2381.8,4648.65
Copy of IMG03539.JPG,conductor,1,0.2897,8428.8,3242.96,9504.0,3851.5
Copy of IMG03539.JPG,insulator,2,0.2744,3749.29,2483.26,3987.29,2784.33
Copy of IMG03539.JPG,conductor,1,0.2584,2198.17,3567.35,2683.88,4110.76
Copy of IMG03539.JPG,insulator,2,0.2493,3750.82,2196.79,4017.57,2739.83
Copy of IMG03539.JPG,insulator,2,0.2152,3745.49,2193.16,4008.93,2563.72
Copy of IMG03539.JPG,pylon,0,0.2055,3609.79,2737.27,4073.57,4271.25
Copy of IMG03539.JPG,conductor,1,0.168,1759.6,4018.71,2410.21,4591.65
Copy of IMG03539.JPG,conductor,1,0.137,1179.04,3508.1,2201.5,4072.45
Copy of IMG03539.JPG,conductor,1,0.1262,4380.84,913.03,5356.17,1402.53
Copy of IMG03539.JPG,conductor,1,0.1242,0.2,5186.46,498.46,6252.88
Copy of IMG03539.JPG,conductor,1,0.1221,1869.62,3953.71,2440.37,4484.4
Copy of IMG03539.JPG,conductor,1,0.1198,0.0,4712.39,1095.8,6177.91
Copy of IMG03539.JPG,conductor,1,0.1179,1967.43,3209.35,2497.63,3620.95
Copy of IMG03539.JPG,conductor,1,0.114,2.02,4998.05,703.71,5907.35
Copy of IMG03539.JPG,conductor,1,0.1127,2055.35,3658.3,2687.08,4249.37
Copy of IMG03539.JPG,conductor,1,0.1077,4633.29,678.9,5763.25,1281.2
Copy of IMG03539.JPG,conductor,1,0.1077,0.0,4578.59,1185.83,5404.58
Copy of IMG03539.JPG,conductor,1,0.1043,2.6,5111.46,403.8,5845.28
Copy of IMG03539.JPG,conductor,1,0.0933,619.13,4025.19,1710.41,4698.88
Copy of IMG03539.JPG,conductor,1,0.0922,1028.4,3691.22,2041.5,4290.42
Copy of IMG03539.JPG,conductor,1,0.0918,4505.91,758.69,5536.15,1329.0
Copy of IMG03539.JPG,conductor,1,0.0857,4165.55,1118.94,5171.61,1636.55
Copy of IMG03539.JPG,conductor,1,0.0849,1982.47,3728.86,2665.31,4322.76
Copy of IMG03539.JPG,conductor,1,0.0844,1647.21,4183.55,2301.65,4696.52
Copy of IMG03539.JPG,conductor,1,0.0841,8403.58,3392.9,9504.0,3877.43
Copy of IMG03539.JPG,conductor,1,0.0834,1.43,4416.22,1209.61,5171.18
Copy of IMG03539.JPG,conductor,1,0.0814,4961.98,541.34,5861.97,923.28
Copy of IMG03539.JPG,conductor,1,0.081,1903.28,3871.48,2547.55,4411.23
Copy of IMG03539.JPG,insulator,2,0.0772,3651.2,2126.65,3934.42,2470.73
Copy of IMG03539.JPG,conductor,1,0.0763,6957.36,4488.59,8315.64,5280.26
Copy of IMG03539.JPG,conductor,1,0.0747,4187.69,1029.96,5256.11,1563.0
Copy of IMG03539.JPG,conductor,1,0.0691,4879.72,510.44,5973.04,1089.13
Copy of IMG03539.JPG,conductor,1,0.0673,7134.78,4255.79,8443.26,5123.6
Copy of IMG03539.JPG,conductor,1,0.0656,4947.82,411.03,6049.72,935.24
Copy of IMG03539.JPG,conductor,1,0.062,3615.14,2735.52,4103.1,4268.35
Copy of IMG03539.JPG,conductor,1,0.0604,8207.64,2952.76,9170.63,3433.12
Copy of IMG03539.JPG,conductor,1,0.0603,1.58,5322.33,201.83,6255.54
Copy of IMG03539.JPG,conductor,1,0.0588,4.08,629.65,562.27,1071.97
Copy of IMG03539.JPG,conductor,1,0.0566,4692.64,575.44,5847.02,1218.59
Copy of IMG03539.JPG,conductor,1,0.0561,7328.63,4201.63,8474.35,4877.05
Copy of IMG03539.JPG,conductor,1,0.056,0.0,5331.85,393.48,6274.09
Copy of IMG03539.JPG,insulator,2,0.0555,3740.04,2142.07,3983.72,2650.01
Copy of IMG03539.JPG,conductor,1,0.0514,0.01,4384.2,1349.18,4979.29
Copy of IMG03539.JPG,conductor,1,0.0506,60.56,4072.43,1554.0,4887.53
Copy of IMG00478.JPG,conductor,1,0.4756,5425.85,3634.63,9504.0,4509.66
Copy of IMG00478.JPG,conductor,1,0.4755,5505.66,715.98,6006.78,1600.75
Copy of IMG00478.JPG,pylon,0,0.404,4537.05,3068.97,4980.5,5291.83
Copy of IMG00478.JPG,pylon,0,0.3121,4370.71,3061.0,5022.98,5473.34
Copy of IMG00478.JPG,conductor,1,0.1516,5474.76,3474.77,9504.0,4252.63
Copy of IMG03524.JPG,insulator,2,0.3372,4801.03,1312.95,5063.87,1682.23
Copy of IMG03524.JPG,pylon,0,0.2978,5033.18,1594.01,5498.62,4449.34
Copy of IMG03524.JPG,insulator,2,0.2356,4805.71,1743.82,5066.85,2093.24
Copy of IMG03524.JPG,insulator,2,0.1788,4745.67,949.77,5053.62,1282.22
Copy of IMG03524.JPG,conductor,1,0.0869,2.2,5265.22,424.64,5898.04
Copy of IMG03524.JPG,conductor,1,0.0695,1.61,5158.54,380.32,5823.57
Copy of IMG00212.JPG,conductor,1,0.6102,4740.98,4176.38,5683.97,5052.18
Copy of IMG00212.JPG,insulator,2,0.5873,4904.29,2013.91,5159.32,2370.58
Copy of IMG00212.JPG,conductor,1,0.5738,7025.96,5412.21,7711.19,6099.36
Copy of IMG00212.JPG,conductor,1,0.5551,4718.5,4041.63,5600.42,4914.68
Copy of IMG00212.JPG,insulator,2,0.5343,3511.81,2404.02,3804.3,2720.7
Copy of IMG00212.JPG,conductor,1,0.4952,5112.1,2343.52,5670.85,2905.75
Copy of IMG00212.JPG,insulator,2,0.4784,4213.49,2072.94,4414.28,2305.8
Copy of IMG00212.JPG,conductor,1,0.4464,4660.03,2630.79,5072.22,3171.97
Copy of IMG00212.JPG,conductor,1,0.4263,5297.99,5063.56,6112.84,5613.79
Copy of IMG00212.JPG,conductor,1,0.3943,5823.0,5568.94,6740.84,6254.11
Copy of IMG00212.JPG,conductor,1,0.3811,5908.96,4179.32,6586.73,4789.95
Copy of IMG00212.JPG,conductor,1,0.3781,4693.52,3982.0,5509.94,4746.19
Copy of IMG00212.JPG,conductor,1,0.3728,3685.72,1141.41,4305.1,1616.05
Copy of IMG00212.JPG,pylon,0,0.3638,4319.75,2375.14,4561.94,5137.91
Copy of IMG00212.JPG,pylon,0,0.356,4316.94,2414.78,4637.44,6212.18
Copy of IMG00212.JPG,conductor,1,0.297,4772.94,4353.34,5784.35,5128.03
Copy of IMG00212.JPG,conductor,1,0.262,3683.61,2743.06,4160.37,3164.26
Copy of IMG00212.JPG,conductor,1,0.2596,3768.53,1240.45,4362.62,1697.27
Copy of IMG00212.JPG,conductor,1,0.2576,4669.66,2699.63,5146.89,3208.91
Copy of IMG00212.JPG,conductor,1,0.2417,5347.91,3538.1,6022.86,4152.54
Copy of IMG00212.JPG,conductor,1,0.2217,4912.99,3006.91,5502.33,3605.48
Copy of IMG00212.JPG,conductor,1,0.2111,6195.12,4635.35,6861.16,5164.4
Copy of IMG00212.JPG,conductor,1,0.2105,4866.35,2939.09,5438.42,3534.5
Copy of IMG00212.JPG,pylon,0,0.194,4378.21,2361.43,4742.95,6219.79
Copy of IMG00212.JPG,conductor,1,0.1898,5106.67,3327.03,5854.15,3971.84
Copy of IMG00212.JPG,conductor,1,0.1891,5218.61,3472.84,5912.78,4053.3
Copy of IMG00212.JPG,conductor,1,0.1844,4649.95,2584.41,5011.11,3096.38
Copy of IMG00212.JPG,conductor,1,0.1813,3703.19,2686.05,4028.63,3125.71
Copy of IMG00212.JPG,conductor,1,0.1698,5387.58,3615.46,6089.19,4257.37
Copy of IMG00212.JPG,conductor,1,0.1683,4963.79,3112.67,5590.11,3722.43
Copy of IMG00212.JPG,conductor,1,0.1602,4797.2,2879.96,5398.03,3454.88
Copy of IMG00212.JPG,conductor,1,0.1568,7001.44,5353.63,7652.73,5968.86
Copy of IMG00212.JPG,conductor,1,0.1531,5099.09,2338.03,5549.42,2813.27
Copy of IMG00212.JPG,conductor,1,0.1511,5820.7,4095.39,6528.05,4698.85
Copy of IMG00212.JPG,conductor,1,0.1418,5351.25,5123.22,6155.02,5718.9
Copy of IMG00212.JPG,conductor,1,0.1382,5952.14,4244.23,6703.85,4894.56
Copy of IMG00212.JPG,conductor,1,0.1292,5039.82,3231.79,5758.8,3889.79
Copy of IMG00212.JPG,conductor,1,0.1248,3589.91,1095.36,4233.76,1572.61
Copy of IMG00212.JPG,conductor,1,0.1206,8065.02,5579.68,8782.49,6069.0
Copy of IMG00212.JPG,conductor,1,0.118,4735.01,2797.59,5263.58,3345.84
Copy of IMG00212.JPG,conductor,1,0.1136,5173.18,4873.84,6058.42,5556.69
Copy of IMG00212.JPG,conductor,1,0.1134,3755.72,2807.74,4194.11,3257.07
Copy of IMG00212.JPG,conductor,1,0.1062,4994.59,3158.11,5687.19,3815.68
Copy of IMG00212.JPG,conductor,1,0.1053,5698.83,3947.98,6397.93,4549.52
Copy of IMG00212.JPG,conductor,1,0.0989,5802.98,3091.4,6581.12,3752.2
Copy of IMG00212.JPG,conductor,1,0.0984,5615.56,3824.88,6238.07,4408.31
Copy of IMG00212.JPG,conductor,1,0.0964,4719.71,5452.85,5462.97,6020.5
Copy of IMG00212.JPG,conductor,1,0.0962,5115.37,4744.9,5964.08,5395.65
Copy of IMG00212.JPG,conductor,1,0.0927,3826.44,2888.19,4272.59,3374.43
Copy of IMG00212.JPG,conductor,1,0.0913,5661.78,3877.27,6340.95,4472.14
Copy of IMG00212.JPG,conductor,1,0.0912,5510.89,3716.57,6204.86,4370.13
Copy of IMG00212.JPG,conductor,1,0.0911,8099.08,5633.68,8825.91,6173.19
Copy of IMG00212.JPG,conductor,1,0.0866,3773.62,2838.29,4254.9,3318.82
Copy of IMG00212.JPG,conductor,1,0.0854,7075.25,5481.69,7802.53,6146.74
Copy of IMG00212.JPG,conductor,1,0.0838,4856.0,4522.32,5872.35,5239.52
Copy of IMG00212.JPG,conductor,1,0.0812,6697.48,4204.51,7562.2,4787.2
Copy of IMG00212.JPG,conductor,1,0.078,7395.41,5777.19,8088.47,6298.36
Copy of IMG00212.JPG,conductor,1,0.0775,5743.24,4003.73,6495.67,4643.04
Copy of IMG00212.JPG,conductor,1,0.0761,6001.86,4343.3,6799.76,4965.5
Copy of IMG00212.JPG,conductor,1,0.0735,6109.31,4512.35,6839.41,5080.83
Copy of IMG00212.JPG,conductor,1,0.0726,6523.86,4992.72,7312.28,5585.61
Copy of IMG00212.JPG,conductor,1,0.0711,5852.84,3147.91,6694.31,3869.78
Copy of IMG00212.JPG,conductor,1,0.0699,5985.89,3270.66,6863.62,3997.54
Copy of IMG00212.JPG,conductor,1,0.0672,7110.13,5541.62,7893.34,6227.73
Copy of IMG00212.JPG,conductor,1,0.0634,5193.0,2418.39,5730.47,2995.11
Copy of IMG00212.JPG,conductor,1,0.0622,3126.28,1253.31,3669.63,1773.44
Copy of IMG00212.JPG,conductor,1,0.0614,5543.78,2788.21,6060.79,3346.6
Copy of IMG00212.JPG,conductor,1,0.06,3508.78,1022.7,4139.03,1498.91
Copy of IMG00212.JPG,conductor,1,0.0592,4329.46,2510.0,4658.73,6168.19
Copy of IMG00212.JPG,conductor,1,0.0558,3294.2,1379.66,3801.97,1843.75
Copy of IMG00212.JPG,conductor,1,0.0554,4658.82,3893.04,5345.4,4613.11
Copy of IMG00212.JPG,conductor,1,0.0552,8161.36,4840.09,9419.55,5578.16
Copy of IMG00212.JPG,conductor,1,0.0542,7194.4,5752.93,8037.83,6283.66
Copy of IMG00212.JPG,conductor,1,0.0527,7972.36,5561.81,8711.12,6014.48
Copy of IMG00212.JPG,conductor,1,0.0526,3876.47,2961.22,4307.38,3460.61
Copy of IMG00212.JPG,conductor,1,0.0526,4620.24,2526.53,4917.99,3039.34
Copy of IMG00212.JPG,conductor,1,0.0513,3861.33,1329.24,4399.12,1731.57
Copy of IMG00212.JPG,conductor,1,0.0507,2574.81,1683.26,3359.21,2316.97
Copy of IMG03416.JPG,insulator,2,0.9021,4199.52,3487.68,4519.63,3839.33
Copy of IMG03416.JPG,conductor,1,0.8616,5285.58,3793.38,7227.52,4937.49
Copy of IMG03416.JPG,pylon,0,0.8414,4617.63,3064.64,5251.04,6289.76
Copy of IMG03416.JPG,conductor,1,0.7654,2638.93,3227.91,4064.93,3940.57
Copy of IMG03416.JPG,insulator,2,0.7455,5161.45,2429.96,5419.77,2739.03
Copy of IMG03416.JPG,conductor,1,0.7088,1126.83,2884.55,2805.65,3691.31
Copy of IMG03416.JPG,conductor,1,0.5646,5651.64,2663.65,6702.31,3009.98
Copy of IMG03416.JPG,conductor,1,0.5551,2920.85,2553.09,4282.84,2977.52
Copy of IMG03416.JPG,insulator,2,0.462,4854.56,2729.36,5086.08,2967.75
Copy of IMG03416.JPG,conductor,1,0.4349,1492.74,2233.69,2682.22,2644.11
Copy of IMG03416.JPG,conductor,1,0.4189,722.0,1993.14,1668.7,2453.5
Copy of IMG03416.JPG,conductor,1,0.4128,3480.74,2206.43,4518.57,2556.15
Copy of IMG03416.JPG,conductor,1,0.3978,7820.75,3277.81,9045.52,3609.5
Copy of IMG03416.JPG,conductor,1,0.3593,7722.72,4552.44,9491.88,5586.88
Copy of IMG03416.JPG,conductor,1,0.3505,6439.29,2867.74,7861.55,3324.22
Copy of IMG03416.JPG,conductor,1,0.3292,7346.08,3656.72,8263.73,4078.15
Copy of IMG03416.JPG,conductor,1,0.3279,7038.1,3065.4,8175.16,3411.64
Copy of IMG03416.JPG,conductor,1,0.2873,5941.94,3162.28,6837.2,3639.7
Copy of IMG03416.JPG,conductor,1,0.2592,1833.47,2007.08,2715.54,2266.36
Copy of IMG03416.JPG,conductor,1,0.2488,3687.94,2264.89,4595.24,2573.8
Copy of IMG03416.JPG,conductor,1,0.2177,6508.68,3402.57,7934.97,3944.66
Copy of IMG03416.JPG,conductor,1,0.2177,5890.38,3170.87,6697.29,3580.54
Copy of IMG03416.JPG,conductor,1,0.2133,8839.79,3612.99,9503.31,3929.49
Copy of IMG03416.JPG,conductor,1,0.2092,7937.28,3817.74,8659.55,4154.99
Copy of IMG03416.JPG,conductor,1,0.208,6431.46,2907.47,8070.55,3392.37
Copy of IMG03416.JPG,conductor,1,0.2005,1724.61,2315.67,2592.98,2616.89
Copy of IMG03416.JPG,conductor,1,0.1976,7544.91,3227.72,8723.09,3522.82
Copy of IMG03416.JPG,conductor,1,0.1962,6433.31,2853.62,7647.64,3241.71
Copy of IMG03416.JPG,conductor,1,0.1906,6684.34,3395.69,7620.36,3766.41
Copy of IMG03416.JPG,conductor,1,0.1831,7698.26,3767.64,8580.26,4124.99
Copy of IMG03416.JPG,conductor,1,0.1812,8661.98,3511.9,9504.0,3924.74
Copy of IMG03416.JPG,conductor,1,0.1802,6921.7,3484.59,7882.54,3880.72
Copy of IMG03416.JPG,conductor,1,0.1776,8658.04,4000.11,9499.35,4484.11
Copy of IMG03416.JPG,conductor,1,0.176,7561.34,3727.61,8217.54,4053.99
Copy of IMG03416.JPG,conductor,1,0.1615,126.7,2802.87,1544.61,3391.58
Copy of IMG03416.JPG,conductor,1,0.1613,6652.04,2966.28,8316.43,3404.04
Copy of IMG03416.JPG,conductor,1,0.161,6041.97,3228.47,6982.27,3701.94
Copy of IMG03416.JPG,conductor,1,0.1581,7119.53,3550.67,8052.68,3945.58
Copy of IMG03416.JPG,conductor,1,0.1562,6809.43,2986.17,8133.24,3356.3
Copy of IMG03416.JPG,conductor,1,0.155,6942.76,3044.93,8371.92,3442.12
Copy of IMG03416.JPG,conductor,1,0.1537,8526.16,3927.58,9445.68,4367.53
Copy of IMG03416.JPG,conductor,1,0.1529,7429.26,3200.63,8497.6,3494.21
Copy of IMG03416.JPG,conductor,1,0.1496,6708.15,3484.61,8108.73,3974.77
Copy of IMG03416.JPG,conductor,1,0.1495,7653.93,3258.96,8941.05,3565.22
Copy of IMG03416.JPG,conductor,1,0.1488,295.48,1769.86,866.36,1972.24
Copy of IMG03416.JPG,conductor,1,0.1448,1432.48,3012.22,2837.36,3706.47
Copy of IMG03416.JPG,conductor,1,0.1442,3939.7,2336.66,4769.4,2610.17
Copy of IMG03416.JPG,conductor,1,0.144,7256.78,3639.58,8158.07,4019.36
Copy of IMG03416.JPG,conductor,1,0.1396,5694.2,2672.25,6885.86,3069.15
Copy of IMG03416.JPG,conductor,1,0.1395,7613.96,3722.81,8418.33,4073.62
Copy of IMG03416.JPG,conductor,1,0.1333,5478.37,3033.15,6114.46,3408.22
Copy of IMG03416.JPG,conductor,1,0.1303,1519.13,2283.08,2468.78,2598.11
Copy of IMG03416.JPG,conductor,1,0.1281,2709.03,2464.7,4350.93,2949.17
Copy of IMG03416.JPG,conductor,1,0.1269,2523.58,2136.12,3587.77,2351.99
Copy of IMG03416.JPG,conductor,1,0.1195,3144.51,2601.86,4412.08,3014.17
Copy of IMG03416.JPG,conductor,1,0.1191,5616.86,2687.99,6504.19,2968.97
Copy of IMG03416.JPG,conductor,1,0.1166,6813.75,3440.12,7795.32,3811.76
Copy of IMG03416.JPG,conductor,1,0.1154,8332.86,3423.25,9431.31,3710.88
Copy of IMG03416.JPG,conductor,1,0.1141,7877.34,3339.82,9369.23,3668.6
Copy of IMG03416.JPG,conductor,1,0.1139,8569.9,3482.37,9496.92,3825.44
Copy of IMG03416.JPG,conductor,1,0.1138,0.94,1332.38,536.05,1758.18
Copy of IMG03416.JPG,conductor,1,0.1124,2108.98,2045.3,2804.61,2283.97
Copy of IMG03416.JPG,conductor,1,0.1109,3438.52,2210.21,4353.34,2489.77
Copy of IMG03416.JPG,conductor,1,0.1049,8404.61,3911.44,9330.68,4296.25
Copy of IMG03416.JPG,conductor,1,0.1047,7335.19,3153.54,8435.49,3467.34
Copy of IMG03416.JPG,conductor,1,0.1047,8066.12,3840.96,8856.29,4172.48
Copy of IMG03416.JPG,conductor,1,0.1047,2952.51,2246.74,4476.94,2772.69
Copy of IMG03416.JPG,conductor,1,0.1044,7988.44,3396.8,9501.51,3771.07
Copy of IMG03416.JPG,conductor,1,0.1043,8211.76,3909.33,9493.79,4370.04
Copy of IMG03416.JPG,conductor,1,0.1026,6002.37,4830.66,6923.93,6266.45
Copy of IMG03416.JPG,conductor,1,0.1022,8972.99,4080.14,9501.42,4447.6
Copy of IMG03416.JPG,conductor,1,0.1003,8416.77,3451.48,9500.34,3894.22
Copy of IMG03416.JPG,conductor,1,0.1,8013.01,3327.63,9078.93,3635.46
Copy of IMG03416.JPG,conductor,1,0.0993,1862.3,1978.14,2667.58,2216.6
Copy of IMG03416.JPG,conductor,1,0.0987,5841.64,2695.83,6707.08,3036.08
Copy of IMG03416.JPG,conductor,1,0.0967,6203.88,3271.53,7058.91,3729.09
Copy of IMG03416.JPG,conductor,1,0.0944,2494.4,2172.02,3512.68,2375.21
Copy of IMG03416.JPG,conductor,1,0.0938,6578.54,3379.06,7571.67,3845.28
Copy of IMG03416.JPG,conductor,1,0.0929,6663.85,2969.23,7946.08,3327.82
Copy of IMG03416.JPG,conductor,1,0.0916,2479.05,2063.26,3619.33,2313.23
Copy of IMG03416.JPG,conductor,1,0.09,8802.99,4033.88,9502.44,4428.31
Copy of IMG03416.JPG,conductor,1,0.0899,49.89,2626.54,1490.89,3333.03
Copy of IMG03416.JPG,conductor,1,0.0898,5589.11,2699.04,6311.99,2948.35
Copy of IMG03416.JPG,conductor,1,0.0894,8720.12,3570.61,9504.0,3884.59
Copy of IMG03416.JPG,conductor,1,0.089,1638.42,1987.84,2713.69,2345.71
Copy of IMG03416.JPG,conductor,1,0.0885,143.84,1712.87,806.51,1919.39
Copy of IMG03416.JPG,conductor,1,0.0876,7215.94,3113.55,8337.89,3449.37
Copy of IMG03416.JPG,conductor,1,0.0871,6998.97,3574.98,8156.65,4032.04
Copy of IMG03416.JPG,conductor,1,0.0861,2973.35,2539.0,4257.81,2871.85
Copy of IMG03416.JPG,conductor,1,0.0855,3521.4,2258.97,4660.8,2630.91
Copy of IMG03416.JPG,conductor,1,0.0847,731.26,2060.1,1545.49,2385.31
Copy of IMG03416.JPG,conductor,1,0.0818,2523.51,2401.92,3893.7,2777.88
Copy of IMG03416.JPG,conductor,1,0.0805,223.42,2054.77,881.56,2291.38
Copy of IMG03416.JPG,conductor,1,0.0804,1231.13,2894.79,3835.28,3803.96
Copy of IMG03416.JPG,conductor,1,0.0803,1981.5,2343.94,2758.11,2627.51
Copy of IMG03416.JPG,conductor,1,0.08,2855.26,2504.36,3835.73,2816.52
Copy of IMG03416.JPG,conductor,1,0.0798,6448.04,3328.57,7490.57,3782.47
Copy of IMG03416.JPG,conductor,1,0.0789,253.69,1735.25,843.16,1935.3
Copy of IMG03416.JPG,conductor,1,0.078,0.0,1963.33,332.87,2225.48
Copy of IMG03416.JPG,conductor,1,0.0727,6389.26,3333.63,7773.12,3888.13
Copy of IMG03416.JPG,conductor,1,0.0706,8141.62,3387.8,9311.53,3678.29
Copy of IMG03416.JPG,conductor,1,0.0696,5663.94,3107.08,6488.46,3498.4
Copy of IMG03416.JPG,conductor,1,0.0682,2525.27,2094.37,3704.8,2395.35
Copy of IMG03416.JPG,conductor,1,0.0681,6227.09,2797.85,7506.65,3132.96
Copy of IMG03416.JPG,conductor,1,0.0659,6333.0,3292.24,7191.87,3742.02
Copy of IMG03416.JPG,conductor,1,0.0653,1663.92,1950.84,2389.7,2168.98
Copy of IMG03416.JPG,conductor,1,0.065,385.71,1772.44,1041.99,1991.59
Copy of IMG03416.JPG,conductor,1,0.0638,2570.07,2432.15,4175.0,2824.93
Copy of IMG03416.JPG,conductor,1,0.0619,5583.12,3073.82,6221.76,3442.7
Copy of IMG03416.JPG,conductor,1,0.0583,3.12,1712.22,653.72,1907.09
Copy of IMG03416.JPG,pylon_fissure,3,0.0576,4868.0,5252.61,5000.34,6301.07
Copy of IMG03416.JPG,conductor,1,0.0571,278.84,2021.8,920.4,2325.7
Copy of IMG03416.JPG,conductor,1,0.0565,2104.92,2371.66,2876.34,2634.05
Copy of IMG03416.JPG,conductor,1,0.0558,8145.74,3869.92,9201.73,4210.48
Copy of IMG03416.JPG,conductor,1,0.0549,2719.51,2476.53,3735.13,2768.78
Copy of IMG03416.JPG,conductor,1,0.0546,3346.75,2185.14,4222.39,2432.08
Copy of IMG03416.JPG,conductor,1,0.0545,6075.92,3270.7,7336.75,3799.78
Copy of IMG03416.JPG,conductor,1,0.0537,2593.23,2464.01,3458.67,2747.55
Copy of IMG03416.JPG,conductor,1,0.0511,3.36,1424.08,667.05,1717.84
Copy of IMG03416.JPG,conductor,1,0.0504,1574.94,1929.87,2165.58,2140.28
Copy of IMG00220.JPG,insulator,2,0.7164,4182.23,3449.01,4398.47,3744.21
Copy of IMG00220.JPG,insulator,2,0.6995,3296.55,3699.85,3598.28,4023.28
Copy of IMG00220.JPG,insulator,2,0.5611,5045.04,3675.04,5260.71,3980.91
Copy of IMG00220.JPG,conductor,1,0.4591,2780.65,5453.99,3233.56,6247.66
Copy of IMG00220.JPG,conductor,1,0.4111,4936.2,3993.28,5184.79,6228.63
Copy of IMG00220.JPG,insulator,2,0.3295,4194.64,3406.3,4435.85,3739.8
Copy of IMG00220.JPG,pylon,0,0.2476,4209.59,3842.35,4534.74,6285.61
Copy of IMG00220.JPG,conductor,1,0.2286,3038.79,4271.48,3468.29,5241.88
Copy of IMG00220.JPG,conductor,1,0.222,2737.6,5572.63,3180.71,6270.91
Copy of IMG00220.JPG,conductor,1,0.2141,2926.75,4783.09,3334.98,5677.42
Copy of IMG00220.JPG,conductor,1,0.2115,4244.76,3865.21,4559.96,6277.42
Copy of IMG00220.JPG,conductor,1,0.2102,2838.88,5417.75,3284.24,6172.46
Copy of IMG00220.JPG,conductor,1,0.208,3065.87,4272.69,3505.4,4936.63
Copy of IMG00220.JPG,conductor,1,0.2017,3669.15,1781.15,4145.01,3080.51
Copy of IMG00220.JPG,conductor,1,0.2,18.4,3656.25,3043.26,4231.21
Copy of IMG00220.JPG,conductor,1,0.1873,3708.26,784.63,4320.25,3061.3
Copy of IMG00220.JPG,conductor,1,0.1533,5365.6,3563.19,9491.93,4205.81
Copy of IMG00220.JPG,conductor,1,0.1486,3746.66,1902.42,3960.56,3064.99
Copy of IMG00220.JPG,conductor,1,0.1409,2968.04,4345.84,3435.69,5513.11
Copy of IMG00220.JPG,conductor,1,0.1406,4517.16,727.97,4968.1,2913.69
Copy of IMG00220.JPG,conductor,1,0.1309,3111.95,4217.34,3515.3,4839.52
Copy of IMG00220.JPG,conductor,1,0.1261,5007.57,3935.66,5222.22,4856.2
Copy of IMG00220.JPG,conductor,1,0.1248,3777.2,1807.84,4001.31,3104.47
Copy of IMG00220.JPG,conductor,1,0.1141,2951.62,4590.14,3374.2,5577.05
Copy of IMG00220.JPG,conductor,1,0.1029,3785.09,4848.03,4215.61,6292.57
Copy of IMG00220.JPG,conductor,1,0.0997,2843.21,5065.53,3286.9,6051.95
Copy of IMG00220.JPG,conductor,1,0.0976,3710.61,1768.26,4013.25,3019.27
Copy of IMG00220.JPG,conductor,1,0.0925,3792.94,5122.54,4076.64,6275.75
Copy of IMG00220.JPG,conductor,1,0.0897,2975.06,4522.55,3412.59,5385.14
Copy of IMG00220.JPG,pylon,0,0.0893,4173.19,3833.09,4466.85,6336.0
Copy of IMG00220.JPG,conductor,1,0.0856,3694.3,2607.26,4018.68,3081.91
Copy of IMG00220.JPG,conductor,1,0.0853,3838.67,4791.06,4256.65,6024.87
Copy of IMG00220.JPG,conductor,1,0.0827,3743.74,5205.57,4181.19,6270.02
Copy of IMG00220.JPG,conductor,1,0.0826,4989.15,3929.35,5214.33,5230.19
Copy of IMG00220.JPG,conductor,1,0.0814,4106.56,646.75,4985.36,2978.86
Copy of IMG00220.JPG,conductor,1,0.0812,3683.01,2237.64,3947.31,3106.56
Copy of IMG00220.JPG,conductor,1,0.0789,3820.62,4481.32,4222.17,6202.4
Copy of IMG00220.JPG,conductor,1,0.0746,3163.93,4198.11,3566.47,4685.95
Copy of IMG00220.JPG,conductor,1,0.0742,2893.84,4830.02,3315.81,5916.7
Copy of IMG00220.JPG,conductor,1,0.0719,3684.76,2656.17,3959.79,3118.74
Copy of IMG00220.JPG,conductor,1,0.0705,3973.92,4408.67,4230.35,5060.47
Copy of IMG00220.JPG,conductor,1,0.0575,3900.14,4545.71,4236.82,5777.25
Copy of IMG00220.JPG,conductor,1,0.0572,0.0,3867.96,2820.73,4516.03
Copy of IMG00220.JPG,conductor,1,0.0545,5015.46,3869.54,5231.03,4670.64
Copy of IMG00220.JPG,conductor,1,0.0532,3966.84,4475.23,4230.32,5263.49
Copy of IMG03494.JPG,insulator,2,0.881,4491.32,4167.12,4986.98,4587.74
Copy of IMG03494.JPG,pylon,0,0.8724,5262.86,3889.45,6015.91,6299.78
Copy of IMG03494.JPG,insulator,2,0.8152,3793.85,3204.48,4300.65,3595.06
Copy of IMG03494.JPG,conductor,1,0.788,3127.51,4429.29,4543.56,5296.06
Copy of IMG03494.JPG,conductor,1,0.7716,4177.2,5653.92,5189.98,6261.9
Copy of IMG03494.JPG,insulator,2,0.7334,4965.22,2705.06,5285.96,3060.9
Copy of IMG03494.JPG,conductor,1,0.5911,7547.92,3698.9,8806.25,4586.19
Copy of IMG03494.JPG,conductor,1,0.5446,1642.42,5033.35,3420.78,5855.09
Copy of IMG03494.JPG,conductor,1,0.4971,7984.62,863.42,9502.3,1474.15
Copy of IMG03494.JPG,insulator,2,0.4753,5767.6,2784.45,6222.25,3211.28
Copy of IMG03494.JPG,conductor,1,0.4684,773.97,5828.64,1854.56,6324.93
Copy of IMG03494.JPG,conductor,1,0.4458,2416.51,3444.23,3956.36,4187.35
Copy of IMG03494.JPG,conductor,1,0.4067,7473.2,2253.43,9289.11,3024.11
Copy of IMG03494.JPG,insulator,2,0.3732,6140.56,3086.86,6614.25,3580.06
Copy of IMG03494.JPG,conductor,1,0.34,7587.88,2132.59,9433.54,2959.95
Copy of IMG03494.JPG,conductor,1,0.3274,8586.59,1673.07,9504.0,2580.87
Copy of IMG03494.JPG,conductor,1,0.2874,8566.45,2725.14,9504.0,3909.41
Copy of IMG03494.JPG,conductor,1,0.2572,2116.75,3461.51,3889.71,4323.87
Copy of IMG03494.JPG,insulator,2,0.2426,5601.5,3520.32,6027.32,3834.18
Copy of IMG03494.JPG,conductor,1,0.2372,1845.82,3617.17,3518.8,4450.84
Copy of IMG03494.JPG,insulator,2,0.237,5206.84,3143.2,5571.27,3398.89
Copy of IMG03494.JPG,conductor,1,0.2342,7169.32,1209.64,8853.41,1816.2
Copy of IMG03494.JPG,conductor,1,0.2302,6443.66,1652.35,7897.92,2336.42
Copy of IMG03494.JPG,conductor,1,0.2155,6834.79,1244.91,8785.16,1881.97
Copy of IMG03494.JPG,insulator,2,0.2074,3878.89,3194.94,4314.1,3539.22
Copy of IMG03494.JPG,conductor,1,0.1758,7660.34,1233.43,8949.51,1714.79
Copy of IMG03494.JPG,conductor,1,0.1624,9088.99,4187.81,9504.0,5518.45
Copy of IMG03494.JPG,conductor,1,0.1489,1566.14,3847.55,3096.06,4673.67
Copy of IMG03494.JPG,conductor,1,0.1484,1481.77,5139.02,3252.93,6003.49
Copy of IMG03494.JPG,conductor,1,0.1479,0.0,4982.17,877.35,5444.33
Copy of IMG03494.JPG,conductor,1,0.1434,7560.93,1286.5,8795.39,1770.93
Copy of IMG03494.JPG,conductor,1,0.1339,1691.65,3764.73,3258.16,4583.84
Copy of IMG03494.JPG,conductor,1,0.1243,6509.3,1727.07,7847.09,2225.55
Copy of IMG03494.JPG,conductor,1,0.1207,8051.65,1911.62,9500.96,2724.57
Copy of IMG03494.JPG,conductor,1,0.1191,8440.64,1981.05,9503.42,2603.58
Copy of IMG03494.JPG,conductor,1,0.1095,8199.67,952.9,9504.0,1445.22
Copy of IMG03494.JPG,conductor,1,0.1094,8598.44,2764.32,9504.0,4349.21
Copy of IMG03494.JPG,conductor,1,0.1075,7011.97,1497.09,8476.96,1895.44
Copy of IMG03494.JPG,insulator,2,0.1029,5460.08,2386.33,5948.22,2834.22
Copy of IMG03494.JPG,conductor,1,0.1019,1425.66,5243.59,2934.7,6026.77
Copy of IMG03494.JPG,insulator,2,0.0995,6423.1,3272.16,6850.1,3634.46
Copy of IMG03494.JPG,conductor,1,0.0981,7690.27,1727.06,9504.0,2805.54
Copy of IMG03494.JPG,conductor,1,0.0964,1299.04,3947.43,2954.12,4765.82
Copy of IMG03494.JPG,pylon_fissure,3,0.0954,5447.6,5644.71,5730.35,6290.55
Copy of IMG03494.JPG,conductor,1,0.0943,6546.48,1537.38,8065.17,2212.17
Copy of IMG03494.JPG,insulator,2,0.0881,6316.39,3164.19,6825.1,3653.7
Copy of IMG03494.JPG,conductor,1,0.0868,7284.16,2336.12,9088.2,3131.14
Copy of IMG03494.JPG,insulator,2,0.0861,5217.83,3123.35,5498.22,3432.53
Copy of IMG03494.JPG,conductor,1,0.0825,0.0,4995.13,856.12,5647.29
Copy of IMG03494.JPG,conductor,1,0.0781,6205.84,2140.95,6876.89,2602.6
Copy of IMG03494.JPG,conductor,1,0.0777,6327.42,1778.34,7640.55,2463.62
Copy of IMG03494.JPG,conductor,1,0.077,7430.3,2475.06,8672.17,3021.37
Copy of IMG03494.JPG,conductor,1,0.0769,6720.25,1519.89,8211.6,2035.26
Copy of IMG03494.JPG,insulator,2,0.0767,5555.0,2397.61,5987.93,2805.65
Copy of IMG03494.JPG,conductor,1,0.0746,7128.67,1389.84,8664.41,1868.6
Copy of IMG03494.JPG,conductor,1,0.074,788.37,5671.81,1988.55,6291.88
Copy of IMG03494.JPG,pylon_fissure,3,0.0727,5383.81,5460.46,5774.59,6295.13
Copy of IMG03494.JPG,conductor,1,0.0719,2710.66,3456.96,4038.15,3980.14
Copy of IMG03494.JPG,conductor,1,0.0717,7069.83,2462.4,8619.79,3279.15
Copy of IMG03494.JPG,conductor,1,0.0682,8451.46,984.13,9503.27,1384.89
Copy of IMG03494.JPG,conductor,1,0.0649,7579.32,2368.56,9072.41,2914.03
Copy of IMG03494.JPG,conductor,1,0.0643,7666.7,911.6,9476.2,1576.09
Copy of IMG03494.JPG,conductor,1,0.063,7010.17,2668.1,8133.61,3326.96
Copy of IMG03494.JPG,conductor,1,0.0625,1438.44,5362.99,2573.59,6014.33
Copy of IMG03494.JPG,conductor,1,0.0624,9102.33,4215.67,9504.0,6153.07
Copy of IMG03494.JPG,insulator,2,0.0614,6554.75,4659.08,6854.86,4905.35
Copy of IMG03494.JPG,conductor,1,0.061,7891.28,1011.76,9401.9,1514.0
Copy of IMG03494.JPG,conductor,1,0.0598,8588.53,2006.63,9504.0,2504.72
Copy of IMG03494.JPG,conductor,1,0.0588,6283.84,1961.26,7290.0,2522.86
Copy of IMG03494.JPG,conductor,1,0.0569,6669.87,1682.29,7944.49,2151.73
Copy of IMG03494.JPG,conductor,1,0.0561,6688.79,1402.77,8631.41,2109.65
Copy of IMG03494.JPG,conductor,1,0.056,6248.06,2066.1,7132.02,2544.99
Copy of IMG03494.JPG,conductor,1,0.0555,7470.12,1081.95,9254.28,1716.46
Copy of IMG03494.JPG,conductor,1,0.0524,8733.33,979.28,9504.0,1334.31
Copy of IMG03494.JPG,conductor,1,0.0521,2416.15,3615.66,3681.42,4138.6
Copy of IMG03494.JPG,insulator,2,0.0513,5514.12,5335.37,5876.93,5536.71
Copy of IMG03494.JPG,insulator,2,0.0501,7206.41,4276.92,7733.62,4700.76
Copy of IMG03424.JPG,pylon,0,0.915,4501.16,3418.91,4983.06,6314.21
Copy of IMG03424.JPG,insulator,2,0.7535,4130.77,3413.98,4384.21,3698.59
Copy of IMG03424.JPG,conductor,1,0.7486,7368.7,4204.01,9311.88,4891.43
Copy of IMG03424.JPG,conductor,1,0.6502,7842.5,3701.89,9428.47,4170.31
Copy of IMG03424.JPG,conductor,1,0.5338,5808.1,3367.63,7446.69,3865.06
Copy of IMG03424.JPG,conductor,1,0.5041,5226.32,3157.73,6099.02,3516.85
Copy of IMG03424.JPG,conductor,1,0.283,1520.99,3030.07,3245.31,3351.63
Copy of IMG03424.JPG,conductor,1,0.2804,6056.16,3937.28,7523.61,4494.98
Copy of IMG03424.JPG,conductor,1,0.2733,7900.54,3728.53,9321.12,4032.75
Copy of IMG03424.JPG,conductor,1,0.2582,7734.94,4374.92,9504.0,4931.33
Copy of IMG03424.JPG,conductor,1,0.2535,7967.56,3765.51,9501.21,4247.22
Copy of IMG03424.JPG,conductor,1,0.2431,8188.81,4407.38,9503.62,4975.3
Copy of IMG03424.JPG,conductor,1,0.2365,8986.29,3873.0,9504.0,4219.64
Copy of IMG03424.JPG,conductor,1,0.2262,6352.48,3412.61,7517.52,3892.24
Copy of IMG03424.JPG,conductor,1,0.2159,5279.84,3191.95,6413.3,3457.44
Copy of IMG03424.JPG,conductor,1,0.2049,7854.81,3718.61,9245.45,3950.44
Copy of IMG03424.JPG,conductor,1,0.1931,6516.61,3441.33,7679.51,3922.17
Copy of IMG03424.JPG,conductor,1,0.1883,8676.24,4502.47,9503.53,4947.37
Copy of IMG03424.JPG,conductor,1,0.1851,8462.84,4441.34,9483.5,4915.34
Copy of IMG03424.JPG,conductor,1,0.1812,5658.9,3897.42,7370.62,4502.06
Copy of IMG03424.JPG,conductor,1,0.1691,7101.66,3549.29,8088.2,3957.47
Copy of IMG03424.JPG,conductor,1,0.1601,1.01,3043.01,541.11,3263.27
Copy of IMG03424.JPG,conductor,1,0.1495,8863.3,4540.61,9502.69,4969.99
Copy of IMG03424.JPG,conductor,1,0.1415,1.1,2972.04,516.74,3297.41
Copy of IMG03424.JPG,conductor,1,0.1365,0.0,4539.62,962.9,4932.32
Copy of IMG03424.JPG,conductor,1,0.1271,8171.37,3808.19,9377.87,4185.08
Copy of IMG03424.JPG,conductor,1,0.123,6578.39,3435.39,7470.35,3779.26
Copy of IMG03424.JPG,insulator,2,0.1115,5062.72,3153.06,5251.37,3348.46
Copy of IMG03424.JPG,conductor,1,0.1032,8399.76,3864.08,9478.16,4200.98
Copy of IMG03424.JPG,conductor,1,0.1032,6301.86,3419.51,7412.73,3785.02
Copy of IMG03424.JPG,conductor,1,0.0986,8904.36,3953.49,9500.92,4251.15
Copy of IMG03424.JPG,conductor,1,0.0967,8850.13,3798.88,9504.0,4183.4
Copy of IMG03424.JPG,conductor,1,0.095,9045.88,4615.79,9503.23,5020.36
Copy of IMG03424.JPG,conductor,1,0.0896,5311.04,3101.02,6403.63,3343.03
Copy of IMG03424.JPG,conductor,1,0.0892,8108.14,4364.4,9315.41,4871.88
Copy of IMG03424.JPG,conductor,1,0.0884,0.0,4504.58,846.25,5087.93
Copy of IMG03424.JPG,conductor,1,0.0856,8998.85,3741.79,9504.0,4143.38
Copy of IMG03424.JPG,conductor,1,0.0828,7719.18,4331.42,9022.11,4803.85
Copy of IMG03424.JPG,conductor,1,0.0822,7480.52,4240.28,8735.65,4777.93
Copy of IMG03424.JPG,conductor,1,0.0815,6015.79,3397.93,7330.32,3749.1
Copy of IMG03424.JPG,conductor,1,0.0713,0.35,4501.91,789.91,4807.91
Copy of IMG03424.JPG,conductor,1,0.0688,7167.86,3590.11,8151.68,3903.53
Copy of IMG03424.JPG,conductor,1,0.0664,7735.57,3709.47,9051.14,3914.2
Copy of IMG03424.JPG,conductor,1,0.065,0.36,3050.85,408.92,3295.35
Copy of IMG03424.JPG,conductor,1,0.0634,5745.06,3409.05,7053.86,3662.07
Copy of IMG03424.JPG,conductor,1,0.0583,1575.25,3088.75,2854.82,3273.0
Copy of IMG03424.JPG,conductor,1,0.0578,3.24,3006.39,618.24,3228.66
Copy of IMG03424.JPG,conductor,1,0.0568,7194.42,3640.24,8147.47,3962.13
Copy of IMG03424.JPG,conductor,1,0.0562,8578.42,3947.71,9380.34,4224.46
Copy of IMG03424.JPG,conductor,1,0.0537,5753.07,3460.88,6668.96,3710.69
Copy of IMG03424.JPG,conductor,1,0.0533,8773.2,3984.51,9463.77,4240.3
Copy of IMG03424.JPG,conductor,1,0.0532,9107.81,4383.45,9503.47,4871.27
Copy of IMG03506.JPG,pylon,0,0.9761,3903.49,3484.22,4664.3,6274.8
Copy of IMG03506.JPG,conductor,1,0.7426,7066.03,3839.67,9504.0,4821.32
Copy of IMG03506.JPG,insulator,2,0.6991,4666.73,2432.35,4934.19,2741.33
Copy of IMG03506.JPG,insulator,2,0.6404,4249.04,2398.39,4570.09,2708.69
Copy of IMG03506.JPG,insulator,2,0.5669,4280.18,3239.08,4593.09,3483.42
Copy of IMG03506.JPG,insulator,2,0.5509,4976.23,2378.11,5210.19,2726.22
Copy of IMG03506.JPG,conductor,1,0.4189,867.41,3514.37,2821.25,4195.77
Copy of IMG03506.JPG,insulator,2,0.4167,2960.76,2562.2,3243.09,2931.26
Copy of IMG03506.JPG,insulator,2,0.343,3624.5,3015.58,4004.82,3426.9
Copy of IMG03506.JPG,conductor,1,0.3204,8954.17,3451.14,9501.92,4014.4
Copy of IMG03506.JPG,conductor,1,0.2956,6987.1,3090.72,9280.1,3677.17
Copy of IMG03506.JPG,conductor,1,0.2892,1535.6,2990.49,2848.71,3521.23
Copy of IMG03506.JPG,conductor,1,0.283,6869.33,3037.65,8776.88,3607.71
Copy of IMG03506.JPG,conductor,1,0.2619,6842.04,3019.69,8435.58,3537.99
Copy of IMG03506.JPG,insulator,2,0.2383,4320.02,3213.78,4634.75,3442.28
Copy of IMG03506.JPG,insulator,2,0.2233,4257.66,3269.41,4557.54,3504.08
Copy of IMG03506.JPG,insulator,2,0.2218,2993.12,2531.72,3305.3,2905.08
Copy of IMG03506.JPG,insulator,2,0.2215,3183.73,2520.35,3531.4,2782.59
Copy of IMG03506.JPG,insulator,2,0.2202,3632.95,2923.96,3976.31,3350.44
Copy of IMG03506.JPG,conductor,1,0.1911,4995.33,3076.46,6428.86,3673.84
Copy of IMG03506.JPG,conductor,1,0.1885,7541.94,3988.49,9504.0,4815.48
Copy of IMG03506.JPG,insulator,2,0.1647,3119.16,2523.19,3499.46,2842.05
Copy of IMG03506.JPG,conductor,1,0.1606,1414.67,3170.6,2552.85,3575.43
Copy of IMG03506.JPG,conductor,1,0.1235,5610.38,3269.48,6573.06,3763.22
Copy of IMG03506.JPG,conductor,1,0.1229,4982.07,3056.81,6067.87,3620.86
Copy of IMG03506.JPG,insulator,2,0.1095,3659.75,2921.66,3941.21,3184.79
Copy of IMG03506.JPG,conductor,1,0.1067,503.25,3376.18,1712.56,3780.26
Copy of IMG03506.JPG,conductor,1,0.1052,791.06,3675.28,2727.78,4251.55
Copy of IMG03506.JPG,conductor,1,0.0991,6946.69,3037.8,8196.89,3495.44
Copy of IMG03506.JPG,conductor,1,0.0974,2.51,2618.76,577.69,3071.99
Copy of IMG03506.JPG,conductor,1,0.0949,14.17,3547.38,931.82,3903.07
Copy of IMG03506.JPG,insulator,2,0.0864,4546.08,3107.62,4824.24,3387.1
Copy of IMG03506.JPG,pylon_fissure,3,0.086,4222.68,5150.01,4409.5,6275.08
Copy of IMG03506.JPG,conductor,1,0.0855,819.1,3168.81,2808.95,3887.03
Copy of IMG03506.JPG,insulator,2,0.079,5133.06,2298.2,5495.89,2629.7
Copy of IMG03506.JPG,conductor,1,0.0776,1522.48,3096.29,2640.39,3525.95
Copy of IMG03506.JPG,conductor,1,0.0765,2.31,3257.55,636.35,3812.83
Copy of IMG03506.JPG,conductor,1,0.0758,1755.38,2930.0,2864.92,3433.11
Copy of IMG03506.JPG,conductor,1,0.0738,390.55,3428.65,1524.68,3812.96
Copy of IMG03506.JPG,conductor,1,0.0724,9021.34,3283.87,9503.27,3889.42
Copy of IMG03506.JPG,insulator,2,0.0717,3002.7,2520.51,3464.61,2900.56
Copy of IMG03506.JPG,conductor,1,0.0667,6932.23,3729.44,9321.55,4538.7
Copy of IMG03506.JPG,conductor,1,0.0666,1.87,3445.29,748.42,3992.59
Copy of IMG03506.JPG,conductor,1,0.0641,572.8,3350.83,2068.12,3803.01
Copy of IMG03506.JPG,conductor,1,0.0627,872.17,3736.54,2118.07,4230.26
Copy of IMG03506.JPG,conductor,1,0.0606,1046.84,3726.42,2303.98,4182.73
Copy of IMG03506.JPG,conductor,1,0.059,2.22,3132.92,640.76,3706.26
Copy of IMG03506.JPG,insulator,2,0.0535,3639.45,3117.82,4069.76,3447.65
Copy of IMG03506.JPG,conductor,1,0.0532,8766.78,3352.75,9503.74,3992.59
Copy of IMG00522.JPG,insulator,2,0.9431,3677.52,5030.49,4097.33,5425.55
Copy of IMG00522.JPG,insulator,2,0.9239,5033.67,3787.12,5528.48,4298.33
Copy of IMG00522.JPG,insulator,2,0.8779,4120.16,3136.24,4631.21,3634.4
Copy of IMG00522.JPG,insulator,2,0.8628,3608.88,3662.82,4090.05,4174.91
Copy of IMG00522.JPG,pylon,0,0.8089,4516.63,5072.14,5079.55,6275.67
Copy of IMG00522.JPG,insulator,2,0.7874,5433.43,5099.34,5919.01,5560.81
Copy of IMG00522.JPG,insulator,2,0.7774,5957.75,4497.1,6405.83,4950.63
Copy of IMG00522.JPG,conductor,1,0.7243,5.24,2309.92,760.32,2995.53
Copy of IMG00522.JPG,conductor,1,0.6659,2628.55,2438.51,3860.37,3243.26
Copy of IMG00522.JPG,conductor,1,0.5688,2123.17,3957.45,3012.94,4658.87
Copy of IMG00522.JPG,conductor,1,0.547,3905.4,5466.15,4422.22,6146.9
Copy of IMG00522.JPG,conductor,1,0.4996,5107.17,5612.05,5667.38,6304.54
Copy of IMG00522.JPG,conductor,1,0.4916,7115.37,2124.49,7839.98,3004.03
Copy of IMG00522.JPG,insulator,2,0.4734,4368.67,4494.32,4830.66,4895.26
Copy of IMG00522.JPG,conductor,1,0.4532,1636.3,2641.02,2425.7,3257.12
Copy of IMG00522.JPG,conductor,1,0.428,1444.3,3448.68,2413.39,4175.64
Copy of IMG00522.JPG,conductor,1,0.4243,3.62,3038.69,612.65,3776.7
Copy of IMG00522.JPG,conductor,1,0.4014,611.99,2828.4,1537.51,3511.94
Copy of IMG00522.JPG,conductor,1,0.3967,1688.64,1719.87,2497.56,2334.53
Copy of IMG00522.JPG,insulator,2,0.3967,4500.26,4449.71,4939.41,4874.15
Copy of IMG00522.JPG,conductor,1,0.3627,5732.88,2304.63,6435.67,3263.78
Copy of IMG00522.JPG,insulator,2,0.3581,4324.49,4541.08,4745.79,4905.15
Copy of IMG00522.JPG,conductor,1,0.3278,691.89,2924.36,1676.3,3659.0
Copy of IMG00522.JPG,conductor,1,0.303,2608.24,3375.07,3377.91,3947.01
Copy of IMG00522.JPG,conductor,1,0.2942,931.27,2127.36,1789.86,2757.5
Copy of IMG00522.JPG,conductor,1,0.2823,3938.79,5378.77,4500.86,6108.29
Copy of IMG00522.JPG,conductor,1,0.2639,6693.75,1089.87,7228.59,1737.42
Copy of IMG00522.JPG,conductor,1,0.2606,2086.27,2984.68,3009.26,3699.31
Copy of IMG00522.JPG,conductor,1,0.2566,998.32,1230.23,1729.92,1823.7
Copy of IMG00522.JPG,conductor,1,0.2231,2.34,403.65,674.1,1051.63
Copy of IMG00522.JPG,conductor,1,0.2158,0.0,2176.34,625.55,2890.71
Copy of IMG00522.JPG,conductor,1,0.2125,6229.44,1732.61,6884.05,2419.47
Copy of IMG00522.JPG,conductor,1,0.2043,851.97,1110.42,1656.0,1732.35
Copy of IMG00522.JPG,conductor,1,0.1817,2.31,1156.55,473.56,1837.06
Copy of IMG00522.JPG,conductor,1,0.1797,1164.4,2203.09,1891.14,2794.18
Copy of IMG00522.JPG,conductor,1,0.1749,324.79,1648.34,1034.54,2249.52
Copy of IMG00522.JPG,conductor,1,0.1737,6640.03,1160.29,7196.8,1812.13
Copy of IMG00522.JPG,conductor,1,0.1715,5974.62,656.99,6450.93,1140.5
Copy of IMG00522.JPG,conductor,1,0.1713,6763.08,1061.76,7241.71,1578.13
Copy of IMG00522.JPG,conductor,1,0.1687,1.13,2943.37,303.21,3675.7
Copy of IMG00522.JPG,conductor,1,0.1595,613.49,1857.4,1363.47,2509.75
Copy of IMG00522.JPG,conductor,1,0.1593,7334.4,437.16,7698.8,859.89
Copy of IMG00522.JPG,conductor,1,0.1592,763.07,3000.41,1760.92,3749.59
Copy of IMG00522.JPG,conductor,1,0.1531,1833.94,2815.58,2866.28,3505.15
Copy of IMG00522.JPG,conductor,1,0.1523,686.83,1955.22,1487.22,2597.08
Copy of IMG00522.JPG,conductor,1,0.1472,7660.79,1423.39,8207.37,2222.86
Copy of IMG00522.JPG,conductor,1,0.1456,695.95,998.46,1586.14,1621.13
Copy of IMG00522.JPG,conductor,1,0.1436,1114.61,3305.05,2238.48,4077.02
Copy of IMG00522.JPG,insulator,2,0.1415,5341.9,4257.07,5665.04,4513.76
Copy of IMG00522.JPG,conductor,1,0.1408,1066.24,1321.31,1792.5,1921.4
Copy of IMG00522.JPG,conductor,1,0.1393,44.46,3293.99,977.71,4112.6
Copy of IMG00522.JPG,conductor,1,0.1333,2403.1,3261.91,3341.27,3916.95
Copy of IMG00522.JPG,conductor,1,0.1328,2655.23,5086.36,3391.8,5898.4
Copy of IMG00522.JPG,conductor,1,0.1313,11.51,3148.96,770.33,3803.76
Copy of IMG00522.JPG,conductor,1,0.1268,15.37,3219.64,864.23,4017.73
Copy of IMG00522.JPG,conductor,1,0.1265,230.65,1572.27,990.08,2186.96
Copy of IMG00522.JPG,conductor,1,0.1259,1885.57,4683.53,2735.51,5522.69
Copy of IMG00522.JPG,conductor,1,0.1228,543.52,905.57,1444.24,1544.33
Copy of IMG00522.JPG,conductor,1,0.1213,5621.4,2294.1,6405.07,3445.59
Copy of IMG00522.JPG,conductor,1,0.1197,5.41,1266.89,619.91,1907.86
Copy of IMG00522.JPG,conductor,1,0.118,430.29,1739.67,1175.58,2358.64
Copy of IMG00522.JPG,conductor,1,0.1158,6582.76,1211.41,7148.13,1924.35
Copy of IMG00522.JPG,conductor,1,0.1138,7988.37,1153.16,8444.2,1632.86
Copy of IMG00522.JPG,conductor,1,0.11,1565.0,2575.43,2312.52,3168.28
Copy of IMG00522.JPG,conductor,1,0.1094,794.64,2043.08,1659.19,2710.72
Copy of IMG00522.JPG,conductor,1,0.1073,1674.28,2685.07,2540.89,3378.36
Copy of IMG00522.JPG,conductor,1,0.1073,2175.01,3064.38,3124.74,3762.67
Copy of IMG00522.JPG,conductor,1,0.1071,140.95,3379.52,1068.69,4209.65
Copy of IMG00522.JPG,conductor,1,0.1061,1.11,2111.22,440.17,2759.33
Copy of IMG00522.JPG,conductor,1,0.1054,0.0,2422.42,836.71,3044.9
Copy of IMG00522.JPG,conductor,1,0.1024,489.6,832.29,1316.01,1449.4
Copy of IMG00522.JPG,conductor,1,0.1024,7782.34,1299.07,8290.28,1889.31
Copy of IMG00522.JPG,conductor,1,0.1005,1.12,3041.72,408.0,3701.29
Copy of IMG00522.JPG,conductor,1,0.0995,1273.96,1415.18,1899.49,1962.1
Copy of IMG00522.JPG,conductor,1,0.0989,12.41,1465.91,808.79,2072.95
Copy of IMG00522.JPG,conductor,1,0.0969,578.88,2791.91,1353.56,3380.34
Copy of IMG00522.JPG,conductor,1,0.0965,1783.0,1812.31,2718.5,2466.28
Copy of IMG00522.JPG,conductor,1,0.0962,7849.91,1249.5,8303.61,1794.54
Copy of IMG00522.JPG,conductor,1,0.0949,7002.88,897.73,7515.63,1369.7
Copy of IMG00522.JPG,conductor,1,0.0941,1309.45,2288.75,1933.54,2808.36
Copy of IMG00522.JPG,conductor,1,0.094,952.68,3097.23,1982.16,3820.16
Copy of IMG00522.JPG,conductor,1,0.0933,7044.87,790.29,7485.24,1260.32
Copy of IMG00522.JPG,conductor,1,0.0841,2461.2,2313.26,3795.63,3118.21
Copy of IMG00522.JPG,conductor,1,0.0794,5578.34,1080.64,6050.82,1538.25
Copy of IMG00522.JPG,conductor,1,0.0777,2222.79,4052.2,3193.09,4832.9
Copy of IMG00522.JPG,conductor,1,0.0768,1.29,1098.42,288.32,1672.77
Copy of IMG00522.JPG,conductor,1,0.0756,6418.96,1533.64,7003.15,2278.93
Copy of IMG00522.JPG,conductor,1,0.0748,7892.5,1187.76,8387.97,1735.04
Copy of IMG00522.JPG,conductor,1,0.0746,2373.27,2246.25,3124.97,2818.8
Copy of IMG00522.JPG,conductor,1,0.0744,6011.71,615.5,6514.14,1093.12
Copy of IMG00522.JPG,conductor,1,0.0725,7081.15,744.93,7460.11,1163.57
Copy of IMG00522.JPG,conductor,1,0.0699,8052.41,1110.56,8465.86,1542.54
Copy of IMG00522.JPG,conductor,1,0.0688,6955.65,824.61,7446.75,1319.49
Copy of IMG00522.JPG,conductor,1,0.0683,5488.61,2354.0,6373.64,3660.99
Copy of IMG00522.JPG,conductor,1,0.0676,168.55,1532.27,898.02,2107.94
Copy of IMG00522.JPG,conductor,1,0.0675,7150.83,679.08,7478.65,1103.64
Copy of IMG00522.JPG,conductor,1,0.0668,1988.92,2885.64,2891.0,3561.96
Copy of IMG00522.JPG,conductor,1,0.0659,5117.26,1576.76,5707.25,2320.54
Copy of IMG00522.JPG,conductor,1,0.0658,6851.66,948.34,7387.22,1423.07
Copy of IMG00522.JPG,conductor,1,0.0656,7587.3,84.07,7938.9,529.49
Copy of IMG00522.JPG,conductor,1,0.0651,7935.23,1204.25,8339.61,1660.91
Copy of IMG00522.JPG,conductor,1,0.0628,7614.15,1558.16,8086.61,2218.84
Copy of IMG00522.JPG,conductor,1,0.0621,6.75,554.16,730.22,1085.9
Copy of IMG00522.JPG,conductor,1,0.0616,5534.85,1040.48,6063.34,1640.14
Copy of IMG00522.JPG,conductor,1,0.0602,7234.72,529.05,7632.96,986.23
Copy of IMG00522.JPG,conductor,1,0.06,7262.68,476.64,7704.21,907.67
Copy of IMG00522.JPG,conductor,1,0.0599,7352.64,393.28,7720.29,787.76
Copy of IMG00522.JPG,conductor,1,0.0583,6325.56,1689.74,6892.67,2260.33
Copy of IMG00522.JPG,conductor,1,0.0581,499.92,2695.69,1234.56,3294.16
Copy of IMG00522.JPG,conductor,1,0.058,6466.73,1575.09,6943.82,2103.13
Copy of IMG00522.JPG,conductor,1,0.0572,20.08,556.71,909.52,1184.72
Copy of IMG00522.JPG,conductor,1,0.057,5169.98,5540.41,5793.67,6304.9
Copy of IMG00522.JPG,conductor,1,0.057,7592.81,1673.39,8026.69,2240.37
Copy of IMG00522.JPG,conductor,1,0.0567,1341.32,2330.29,1995.86,2919.71
Copy of IMG00522.JPG,conductor,1,0.0564,7572.31,153.17,7883.83,537.64
Copy of IMG00522.JPG,insulator,2,0.0562,4405.68,4468.5,4920.56,4919.39
Copy of IMG00522.JPG,conductor,1,0.056,2288.93,2173.1,2981.84,2718.0
Copy of IMG00522.JPG,insulator,2,0.0559,5122.8,3817.34,5603.54,4374.6
Copy of IMG00522.JPG,conductor,1,0.0556,2009.52,3828.95,2908.85,4558.8
Copy of IMG00522.JPG,conductor,1,0.0556,1564.83,1623.37,2303.22,2156.78
Copy of IMG00522.JPG,conductor,1,0.0553,8081.33,999.16,8465.45,1447.31
Copy of IMG00522.JPG,conductor,1,0.0548,1631.16,1672.24,2362.61,2244.38
Copy of IMG00522.JPG,conductor,1,0.0542,7719.4,1426.33,8188.2,2000.34
Copy of IMG00522.JPG,conductor,1,0.054,6532.23,1482.12,7029.0,1977.13
Copy of IMG00522.JPG,conductor,1,0.0523,4998.47,1614.4,5661.94,2493.58
Copy of IMG00522.JPG,conductor,1,0.052,1374.83,2384.46,2093.72,3016.4
Copy of IMG00522.JPG,conductor,1,0.0511,2786.81,5073.8,3354.57,5729.9
Copy of IMG00522.JPG,conductor,1,0.0506,5185.27,5583.38,5713.75,6201.24
Copy of IMG00522.JPG,conductor,1,0.0506,6207.1,1852.51,6793.72,2468.71
Copy of IMG00522.JPG,conductor,1,0.05,7109.07,713.71,7497.59,1227.07
Copy of IMG00362.JPG,pylon,0,0.1476,4791.61,169.26,5278.17,2639.76
Copy of IMG00362.JPG,conductor,1,0.0714,0.88,4211.89,412.9,5984.53
Copy of IMG03446.JPG,conductor,1,0.3576,5855.39,4458.71,6535.1,5169.57
Copy of IMG03446.JPG,conductor,1,0.3242,6629.86,5535.75,7331.21,6301.0
Copy of IMG03446.JPG,conductor,1,0.2024,7290.29,4688.26,8112.7,5219.53
Copy of IMG03446.JPG,conductor,1,0.1953,7750.19,5159.09,8677.97,5741.88
Copy of IMG03446.JPG,conductor,1,0.1898,6734.82,4173.84,7744.45,4764.37
Copy of IMG03446.JPG,conductor,1,0.1813,7850.01,5229.65,8804.86,5836.77
Copy of IMG03446.JPG,conductor,1,0.1735,7642.82,5722.77,8149.4,6241.11
Copy of IMG03446.JPG,conductor,1,0.1717,6683.73,5736.87,7447.96,6314.93
Copy of IMG03446.JPG,conductor,1,0.1475,94.0,3657.86,4199.94,4312.07
Copy of IMG03446.JPG,conductor,1,0.1475,6886.25,5850.75,7421.41,6326.9
Copy of IMG03446.JPG,conductor,1,0.141,7743.03,5793.28,8221.52,6289.58
Copy of IMG03446.JPG,conductor,1,0.1313,7015.99,4961.23,7509.61,5441.19
Copy of IMG03446.JPG,conductor,1,0.1292,7862.28,5297.3,8850.09,6025.23
Copy of IMG03446.JPG,conductor,1,0.1248,6572.51,5435.48,7230.58,6278.89
Copy of IMG03446.JPG,conductor,1,0.1114,0.0,3992.88,2828.25,4916.45
Copy of IMG03446.JPG,conductor,1,0.1102,7204.31,4647.97,8014.32,5141.3
Copy of IMG03446.JPG,conductor,1,0.1067,7375.45,5369.5,7829.5,5775.11
Copy of IMG03446.JPG,conductor,1,0.1042,7557.94,5623.76,8063.19,6149.75
Copy of IMG03446.JPG,conductor,1,0.1037,6237.23,4992.56,6970.05,5707.91
Copy of IMG03446.JPG,conductor,1,0.0985,7056.84,4362.38,7911.5,4956.3
Copy of IMG03446.JPG,conductor,1,0.0957,0.0,3949.78,3480.7,4683.24
Copy of IMG03446.JPG,conductor,1,0.0899,7691.94,5135.28,8481.24,5724.12
Copy of IMG03446.JPG,conductor,1,0.088,7549.29,4906.61,8351.62,5470.21
Copy of IMG03446.JPG,conductor,1,0.0875,989.41,3116.28,4321.29,3784.65
Copy of IMG03446.JPG,conductor,1,0.0832,6971.3,4933.49,7468.83,5372.11
Copy of IMG03446.JPG,conductor,1,0.0815,1991.18,2980.63,4344.03,3641.3
Copy of IMG03446.JPG,conductor,1,0.0779,6452.62,5224.96,7149.59,6216.98
Copy of IMG03446.JPG,conductor,1,0.0759,8131.52,5574.0,8861.65,6091.31
Copy of IMG03446.JPG,conductor,1,0.0728,7412.09,5425.79,7867.11,5854.17
Copy of IMG03446.JPG,conductor,1,0.0688,7328.84,5310.87,7747.5,5730.44
Copy of IMG03446.JPG,conductor,1,0.0677,5936.45,4602.34,6669.13,5266.1
Copy of IMG03446.JPG,insulator,2,0.064,4056.78,1540.12,4350.43,1774.45
Copy of IMG03446.JPG,conductor,1,0.0628,6352.28,4216.84,6823.14,4623.36
Copy of IMG03446.JPG,conductor,1,0.0628,6548.94,4448.96,7098.04,4927.2
Copy of IMG03446.JPG,conductor,1,0.061,6328.74,5121.02,7036.07,5777.25
Copy of IMG03446.JPG,conductor,1,0.0605,7780.99,5240.36,8547.34,5788.14
Copy of IMG03446.JPG,conductor,1,0.0604,7225.51,5184.04,7725.76,5660.11
Copy of IMG03446.JPG,conductor,1,0.0564,5807.87,4392.96,6495.29,5010.81
Copy of IMG03446.JPG,conductor,1,0.0551,7593.02,5037.13,8391.96,5562.35
Copy of IMG03446.JPG,conductor,1,0.055,7055.69,5019.19,7574.19,5480.28
Copy of IMG03446.JPG,conductor,1,0.053,7123.05,4558.35,7912.09,5023.88
Copy of IMG03446.JPG,conductor,1,0.0525,7107.98,5094.13,7597.68,5548.63
Copy of IMG03446.JPG,conductor,1,0.0522,0.0,3551.92,3536.68,4357.79
Copy of IMG03446.JPG,conductor,1,0.052,6377.27,4225.79,6940.16,4680.81
Copy of IMG00271.JPG,conductor,1,0.4255,46.24,3019.21,5701.75,4067.04
Copy of IMG00271.JPG,conductor,1,0.3456,0.0,2797.04,6643.34,3949.81
Copy of IMG00271.JPG,conductor,1,0.1544,0.0,1918.52,6721.19,2805.4
Copy of IMG00271.JPG,conductor,1,0.0938,48.64,2118.19,5940.99,2880.07
Copy of IMG00271.JPG,conductor,1,0.0904,16.67,2691.93,7462.67,3740.95
Copy of IMG00271.JPG,conductor,1,0.0859,6085.52,2218.59,8421.71,3099.04
Copy of IMG00271.JPG,conductor,1,0.0611,5282.86,1377.39,8087.66,2112.92
Copy of IMG00271.JPG,conductor,1,0.0594,1522.73,1540.54,8953.6,2504.16
Copy of IMG00271.JPG,conductor,1,0.0564,0.0,3050.34,3271.5,4095.79
Copy of IMG00271.JPG,conductor,1,0.0552,6284.3,2254.87,9257.6,3134.45
Copy of IMG00271.JPG,conductor,1,0.0525,0.0,3119.4,4496.6,4124.56
Copy of IMG00177.JPG,insulator,2,0.4472,4869.2,2202.15,5093.42,2415.24
Copy of IMG00177.JPG,insulator,2,0.4211,4749.1,2587.11,4900.67,2797.04
Copy of IMG00177.JPG,conductor,1,0.3998,990.69,195.88,1541.89,722.2
Copy of IMG00177.JPG,conductor,1,0.308,5256.39,3330.59,6518.48,4008.74
Copy of IMG00177.JPG,insulator,2,0.2827,4711.7,2222.5,4910.47,2423.36
Copy of IMG00177.JPG,pylon,0,0.1997,4909.05,2702.69,5216.68,4159.65
Copy of IMG00177.JPG,insulator,2,0.1937,4698.46,2237.0,4866.55,2425.06
Copy of IMG00177.JPG,conductor,1,0.1735,1513.3,54.07,1971.1,689.45
Copy of IMG00177.JPG,conductor,1,0.1553,1564.08,24.05,1928.46,347.49
Copy of IMG00177.JPG,conductor,1,0.1403,1439.01,89.36,1907.63,683.51
Copy of IMG00177.JPG,insulator,2,0.1357,4762.6,2200.79,5045.72,2416.76
Copy of IMG00177.JPG,conductor,1,0.1185,8918.93,5806.71,9503.79,6319.4
Copy of IMG00177.JPG,conductor,1,0.1175,1540.39,37.08,2026.44,517.32
Copy of IMG00177.JPG,insulator,2,0.1072,4624.16,2574.15,4798.68,2788.79
Copy of IMG00177.JPG,insulator,2,0.0932,4979.37,2567.53,5141.07,2762.36
Copy of IMG00177.JPG,conductor,1,0.0831,8713.93,5694.49,9503.13,6305.81
Copy of IMG00177.JPG,conductor,1,0.0748,8991.75,5903.06,9504.0,6329.67
Copy of IMG00231.JPG,pylon,0,0.8779,4941.75,3983.23,5466.28,6146.96
Copy of IMG00231.JPG,conductor,1,0.5823,0.0,4021.68,4855.59,4958.72
Copy of IMG00231.JPG,insulator,2,0.4751,4929.6,3436.66,5143.06,3655.18
Copy of IMG00231.JPG,insulator,2,0.4416,4716.67,3349.9,4908.61,3553.34
Copy of IMG00231.JPG,insulator,2,0.378,5361.76,3539.61,5625.57,3754.89
Copy of IMG00231.JPG,conductor,1,0.3499,8144.27,5732.53,9499.46,6261.54
Copy of IMG00231.JPG,conductor,1,0.2225,6976.5,1199.68,8227.18,1576.67
Copy of IMG00231.JPG,insulator,2,0.2097,5293.18,3496.37,5608.69,3738.48
Copy of IMG00231.JPG,insulator,2,0.1896,5183.47,3458.68,5463.35,3684.03
Copy of IMG00231.JPG,insulator,2,0.1782,5186.06,3524.98,5407.32,3737.82
Copy of IMG00231.JPG,conductor,1,0.1441,5537.84,4295.71,9500.26,5895.66
Copy of IMG00231.JPG,insulator,2,0.1063,5191.51,3395.05,5453.0,3569.28
Copy of IMG00231.JPG,insulator,2,0.0872,5060.28,3297.48,5256.24,3462.46
Copy of IMG00231.JPG,conductor,1,0.0864,8558.19,5807.79,9503.26,6267.85
Copy of IMG00231.JPG,insulator,2,0.079,4746.0,834.29,5120.01,1192.65
Copy of IMG00231.JPG,insulator,2,0.0772,4936.64,3397.96,5204.92,3611.07
Copy of IMG00231.JPG,insulator,2,0.063,5198.1,3419.31,5470.08,3645.06
Copy of IMG00231.JPG,insulator,2,0.0547,4743.81,855.39,5064.12,1127.85
Copy of IMG00231.JPG,insulator,2,0.0527,5209.88,3462.31,5559.89,3722.12
Copy of IMG00217.JPG,conductor,1,0.3841,7155.44,5538.82,8006.34,6291.1
Copy of IMG00217.JPG,pylon,0,0.3636,4694.18,1533.51,5122.63,4040.69
Copy of IMG00217.JPG,conductor,1,0.3285,5163.16,4583.97,6036.32,6289.43
Copy of IMG00217.JPG,conductor,1,0.3224,6374.75,5610.58,7032.29,6305.02
Copy of IMG00217.JPG,pylon,0,0.2455,4669.66,1508.59,5127.85,6011.75
Copy of IMG00217.JPG,conductor,1,0.2265,6761.91,4893.19,7910.37,5641.37
Copy of IMG00217.JPG,conductor,1,0.2088,5321.68,1671.18,5868.56,2323.24
Copy of IMG00217.JPG,conductor,1,0.1961,5038.0,4381.42,5948.79,6185.69
Copy of IMG00217.JPG,conductor,1,0.1811,6680.13,4661.59,7857.99,5578.65
Copy of IMG00217.JPG,conductor,1,0.1755,5197.55,5204.45,6036.74,6297.13
Copy of IMG00217.JPG,insulator,2,0.1687,5170.59,982.71,5396.83,1345.46
Copy of IMG00217.JPG,insulator,2,0.1563,4160.11,1143.42,4355.58,1423.1
Copy of IMG00217.JPG,conductor,1,0.1295,6646.1,4538.69,7784.17,5446.63
Copy of IMG00217.JPG,conductor,1,0.0993,4279.82,1612.36,4504.78,2059.25
Copy of IMG00217.JPG,conductor,1,0.0969,6954.6,5211.34,7962.93,6206.43
Copy of IMG00217.JPG,insulator,2,0.083,4668.61,943.88,4834.27,1165.42
Copy of IMG00217.JPG,conductor,1,0.081,6292.99,5352.68,6999.65,6271.18
Copy of IMG00217.JPG,conductor,1,0.0743,5266.13,5607.05,6109.22,6306.27
Copy of IMG00217.JPG,conductor,1,0.0614,39.35,3842.09,4506.43,4655.33
Copy of IMG00217.JPG,conductor,1,0.0571,5033.6,4397.02,5878.93,5669.13
Copy of IMG00217.JPG,conductor,1,0.0567,4349.77,1710.27,4644.39,2515.7
Copy of IMG00217.JPG,conductor,1,0.0531,4356.96,1831.06,4675.54,2612.23
Copy of IMG03452.JPG,insulator,2,0.882,6940.88,3497.54,7355.05,3945.03
Copy of IMG03452.JPG,insulator,2,0.8693,5319.78,2190.75,5766.97,2660.52
Copy of IMG03452.JPG,pylon,0,0.8305,5859.5,3352.37,6529.0,6284.24
Copy of IMG03452.JPG,conductor,1,0.6918,3598.8,2574.32,5202.64,3269.05
Copy of IMG03452.JPG,conductor,1,0.6357,1365.01,3517.83,3142.87,4291.62
Copy of IMG03452.JPG,conductor,1,0.6306,2716.94,2965.22,4331.53,3734.83
Copy of IMG03452.JPG,conductor,1,0.5752,7791.16,2529.92,9504.0,3745.72
Copy of IMG03452.JPG,conductor,1,0.5258,0.0,4214.16,1693.25,5012.07
Copy of IMG03452.JPG,conductor,1,0.4902,2385.35,5364.0,4161.09,6267.6
Copy of IMG03452.JPG,insulator,2,0.4486,6170.34,2578.34,6489.99,2962.39
Copy of IMG03452.JPG,conductor,1,0.3854,3593.03,4535.49,5648.3,5596.11
Copy of IMG03452.JPG,conductor,1,0.3707,2838.75,2867.64,4500.17,3662.92
Copy of IMG03452.JPG,conductor,1,0.3696,2084.81,4180.61,3508.28,5056.74
Copy of IMG03452.JPG,conductor,1,0.3596,7543.43,1252.39,8999.39,1821.75
Copy of IMG03452.JPG,conductor,1,0.3516,8030.35,2608.95,9499.79,3556.2
Copy of IMG03452.JPG,conductor,1,0.3368,0.61,5291.54,1253.21,6256.98
Copy of IMG03452.JPG,conductor,1,0.316,3412.84,4753.98,5362.59,5677.92
Copy of IMG03452.JPG,conductor,1,0.3045,8787.26,713.64,9502.69,1506.81
Copy of IMG03452.JPG,conductor,1,0.3025,1027.52,3579.79,3055.85,4378.85
Copy of IMG03452.JPG,conductor,1,0.296,1556.0,3443.82,3343.69,4180.47
Copy of IMG03452.JPG,conductor,1,0.2914,0.52,5421.21,969.71,6278.71
Copy of IMG03452.JPG,conductor,1,0.286,6558.15,1581.51,8175.08,2158.0
Copy of IMG03452.JPG,conductor,1,0.2748,3103.82,3669.51,4572.15,4517.93
Copy of IMG03452.JPG,conductor,1,0.2622,7798.56,1151.68,9365.46,1731.72
Copy of IMG03452.JPG,conductor,1,0.2453,6634.37,1512.35,8317.21,2074.06
Copy of IMG03452.JPG,conductor,1,0.2449,0.0,4332.17,1473.44,5113.31
Copy of IMG03452.JPG,conductor,1,0.2419,0.0,5502.47,735.2,6287.72
Copy of IMG03452.JPG,conductor,1,0.2323,3001.08,3782.7,4396.29,4620.5
Copy of IMG03452.JPG,conductor,1,0.23,2512.35,5192.28,4328.66,6235.8
Copy of IMG03452.JPG,conductor,1,0.2092,7178.15,1334.04,8815.8,1955.44
Copy of IMG03452.JPG,conductor,1,0.1925,8194.11,2343.38,9503.58,3455.75
Copy of IMG03452.JPG,conductor,1,0.1796,3861.8,4445.79,5739.65,5477.68
Copy of IMG03452.JPG,conductor,1,0.1779,786.03,3662.79,2818.32,4447.52
Copy of IMG03452.JPG,conductor,1,0.176,8723.37,1598.1,9502.74,2174.37
Copy of IMG03452.JPG,conductor,1,0.1551,4320.46,4445.18,5769.55,5345.42
Copy of IMG03452.JPG,conductor,1,0.1474,7884.92,1258.46,9239.38,1717.43
Copy of IMG03452.JPG,conductor,1,0.141,3176.27,2608.61,5130.14,3401.23
Copy of IMG03452.JPG,conductor,1,0.141,2323.24,5565.44,3890.46,6312.64
Copy of IMG03452.JPG,conductor,1,0.1401,3746.27,3490.62,4987.91,4270.03
Copy of IMG03452.JPG,conductor,1,0.1384,3314.04,3626.99,4758.95,4464.04
Copy of IMG03452.JPG,conductor,1,0.1363,8195.74,715.57,9504.0,1546.82
Copy of IMG03452.JPG,conductor,1,0.1356,0.0,5110.65,1677.06,6185.45
Copy of IMG03452.JPG,conductor,1,0.1295,6465.07,1656.29,7801.82,2262.27
Copy of IMG03452.JPG,conductor,1,0.1291,1857.83,4264.86,3361.45,5166.91
Copy of IMG03452.JPG,conductor,1,0.1256,2456.29,3056.05,4155.96,3854.13
Copy of IMG03452.JPG,conductor,1,0.1198,0.0,4056.2,1890.45,4824.4
Copy of IMG03452.JPG,conductor,1,0.1196,1060.38,4652.35,2575.88,5517.72
Copy of IMG03452.JPG,conductor,1,0.1146,3.04,4458.97,1163.61,5231.17
Copy of IMG03452.JPG,conductor,1,0.1138,8001.97,1182.43,9449.29,1649.18
Copy of IMG03452.JPG,conductor,1,0.1007,7286.35,1455.48,8677.06,1917.17
Copy of IMG03452.JPG,conductor,1,0.0937,2712.4,3775.9,4321.92,4791.47
Copy of IMG03452.JPG,conductor,1,0.0922,604.11,4782.95,2233.99,5660.17
Copy of IMG03452.JPG,conductor,1,0.0902,6881.87,1572.65,8327.72,2027.18
Copy of IMG03452.JPG,conductor,1,0.0871,3567.19,3563.93,4884.33,4383.33
Copy of IMG03452.JPG,conductor,1,0.0867,8460.02,1127.95,9502.49,1537.39
Copy of IMG03452.JPG,conductor,1,0.0862,3192.64,4864.23,5179.64,5741.13
Copy of IMG03452.JPG,conductor,1,0.0856,116.49,3959.83,2198.72,4660.86
Copy of IMG03452.JPG,conductor,1,0.0846,6746.17,1379.39,8575.76,1986.34
Copy of IMG03452.JPG,conductor,1,0.082,106.24,5043.76,1734.5,5908.0
Copy of IMG03452.JPG,conductor,1,0.0813,429.67,3822.75,2473.14,4575.5
Copy of IMG03452.JPG,conductor,1,0.0791,6640.49,1667.96,7990.89,2120.09
Copy of IMG03452.JPG,conductor,1,0.0786,7514.41,1403.56,8944.13,1870.2
Copy of IMG03452.JPG,conductor,1,0.0732,301.92,4964.61,1992.72,5805.79
Copy of IMG03452.JPG,conductor,1,0.0729,1646.64,3331.45,3480.84,4086.72
Copy of IMG03452.JPG,conductor,1,0.0728,4323.84,3281.38,5376.67,4000.41
Copy of IMG03452.JPG,conductor,1,0.0688,3886.07,3390.28,5232.46,4208.71
Copy of IMG03452.JPG,conductor,1,0.0666,2859.11,2741.19,4752.35,3553.55
Copy of IMG03452.JPG,conductor,1,0.0665,0.0,5658.74,482.45,6310.83
Copy of IMG03452.JPG,conductor,1,0.066,7819.96,1315.99,9105.52,1784.44
Copy of IMG03452.JPG,conductor,1,0.0658,3934.47,2589.56,5242.88,3184.94
Copy of IMG03452.JPG,conductor,1,0.064,0.0,4278.27,1782.71,4810.98
Copy of IMG03452.JPG,conductor,1,0.0614,7048.94,1496.19,8489.81,1964.21
Copy of IMG03452.JPG,conductor,1,0.0594,1.23,4586.32,953.35,5345.33
Copy of IMG03452.JPG,conductor,1,0.0573,2812.66,4992.0,4623.0,6168.62
Copy of IMG03452.JPG,conductor,1,0.0557,1.07,4822.34,680.76,5480.02
Copy of IMG03452.JPG,conductor,1,0.0545,3034.5,4921.02,4965.47,5942.31
Copy of IMG03452.JPG,conductor,1,0.0544,4033.17,3315.5,5330.6,4096.66
Copy of IMG03452.JPG,conductor,1,0.0524,6444.12,1782.07,7578.31,2266.85
Copy of IMG03452.JPG,conductor,1,0.0511,7606.52,2751.97,9479.92,3837.01
Copy of IMG03452.JPG,conductor,1,0.0506,2792.99,3111.14,4250.33,3704.79
Copy of IMG03464.JPG,insulator,2,0.8794,4565.9,3554.23,4927.66,4066.54
Copy of IMG03464.JPG,insulator,2,0.8673,5728.52,3547.04,6153.14,4054.85
Copy of IMG03464.JPG,pylon,0,0.8463,4607.46,4296.75,5095.86,6299.27
Copy of IMG03464.JPG,insulator,2,0.7959,3340.87,4280.22,3774.09,4829.64
Copy of IMG03464.JPG,conductor,1,0.6742,6100.85,4182.7,6948.84,4802.65
Copy of IMG03464.JPG,conductor,1,0.5215,5898.88,5352.11,6795.57,6186.68
Copy of IMG03464.JPG,conductor,1,0.5156,417.46,0.0,728.45,357.55
Copy of IMG03464.JPG,conductor,1,0.4821,7341.37,5454.64,8133.35,6121.62
Copy of IMG03464.JPG,conductor,1,0.4474,3569.46,4903.26,4233.68,5595.19
Copy of IMG03464.JPG,conductor,1,0.3706,1321.23,2307.79,2345.71,3302.07
Copy of IMG03464.JPG,conductor,1,0.3521,6636.15,4732.02,7755.68,5503.07
Copy of IMG03464.JPG,conductor,1,0.347,607.02,96.02,1019.2,734.31
Copy of IMG03464.JPG,conductor,1,0.332,655.64,198.31,1097.97,776.02
Copy of IMG03464.JPG,conductor,1,0.3308,4970.41,4240.98,5452.65,4822.78
Copy of IMG03464.JPG,conductor,1,0.3156,2157.16,940.27,3077.79,1566.01
Copy of IMG03464.JPG,conductor,1,0.2827,349.09,0.0,656.11,310.47
Copy of IMG03464.JPG,conductor,1,0.2678,783.72,1721.7,1732.7,2445.85
Copy of IMG03464.JPG,conductor,1,0.2471,1148.43,70.54,1589.52,595.17
Copy of IMG03464.JPG,conductor,1,0.2438,1979.85,1585.6,2722.11,2151.4
Copy of IMG03464.JPG,conductor,1,0.2295,3839.9,5356.58,4672.94,6147.2
Copy of IMG03464.JPG,conductor,1,0.2206,6495.32,4659.48,7634.83,5327.79
Copy of IMG03464.JPG,conductor,1,0.2128,5148.21,4543.61,5726.42,5139.75
Copy of IMG03464.JPG,conductor,1,0.2033,426.93,0.0,771.92,448.83
Copy of IMG03464.JPG,conductor,1,0.1941,5216.01,4534.64,5845.39,5170.23
Copy of IMG03464.JPG,conductor,1,0.1887,1007.31,0.0,1288.7,333.3
Copy of IMG03464.JPG,conductor,1,0.1638,5072.98,4331.94,5550.33,5033.64
Copy of IMG03464.JPG,conductor,1,0.1636,729.2,290.36,1118.5,790.18
Copy of IMG03464.JPG,conductor,1,0.1612,1199.07,90.06,1677.9,613.99
Copy of IMG03464.JPG,conductor,1,0.1594,2508.99,2104.9,3428.37,2729.01
Copy of IMG03464.JPG,conductor,1,0.159,502.91,22.41,862.95,631.42
Copy of IMG03464.JPG,conductor,1,0.1558,1074.47,13.28,1425.93,487.1
Copy of IMG03464.JPG,conductor,1,0.1524,5776.15,5255.41,6719.24,6099.8
Copy of IMG03464.JPG,conductor,1,0.1452,5432.54,4819.29,6175.1,5487.91
Copy of IMG03464.JPG,conductor,1,0.1435,579.14,85.58,949.14,669.41
Copy of IMG03464.JPG,conductor,1,0.1425,0.4,294.63,153.83,1002.41
Copy of IMG03464.JPG,conductor,1,0.1377,5493.89,4941.15,6372.34,5561.91
Copy of IMG03464.JPG,conductor,1,0.1291,4006.76,5456.25,4714.98,6203.55
Copy of IMG03464.JPG,conductor,1,0.1246,7196.46,5357.51,8104.38,6073.66
Copy of IMG03464.JPG,conductor,1,0.1202,599.1,1643.32,1597.9,2284.56
Copy of IMG03464.JPG,conductor,1,0.1009,6312.77,4608.25,7437.85,5223.93
Copy of IMG03464.JPG,conductor,1,0.0946,1491.52,1296.35,2374.91,1851.96
Copy of IMG03464.JPG,conductor,1,0.0934,1025.2,0.0,1375.9,405.99
Copy of IMG03464.JPG,conductor,1,0.0902,1467.08,1190.57,2318.67,1784.2
Copy of IMG03464.JPG,conductor,1,0.0898,5332.17,4682.75,6094.68,5401.67
Copy of IMG03464.JPG,conductor,1,0.0891,92.53,0.0,433.79,236.83
Copy of IMG03464.JPG,conductor,1,0.0867,5593.28,5073.46,6534.91,5774.99
Copy of IMG03464.JPG,conductor,1,0.0847,3587.92,5042.24,4349.59,5660.67
Copy of IMG03464.JPG,conductor,1,0.083,1331.8,184.76,1790.7,745.89
Copy of IMG03464.JPG,conductor,1,0.0825,1264.08,191.63,1667.97,643.61
Copy of IMG03464.JPG,conductor,1,0.0781,5115.54,4433.49,5673.84,5091.68
Copy of IMG03464.JPG,conductor,1,0.0769,5278.9,4640.18,6015.23,5259.59
Copy of IMG03464.JPG,conductor,1,0.0754,1379.59,245.42,1848.43,783.78
Copy of IMG03464.JPG,conductor,1,0.0722,1103.48,2027.54,2267.04,3241.67
Copy of IMG03464.JPG,conductor,1,0.0707,3546.35,4850.34,4172.38,5312.6
Copy of IMG03464.JPG,conductor,1,0.0696,0.0,345.9,234.64,1072.56
Copy of IMG03464.JPG,conductor,1,0.0676,6029.92,4069.6,6653.52,4527.56
Copy of IMG03464.JPG,conductor,1,0.0661,2017.13,3130.79,3095.66,4099.28
Copy of IMG03464.JPG,conductor,1,0.0653,5018.64,4319.63,5505.61,4842.01
Copy of IMG03464.JPG,conductor,1,0.0644,893.89,1797.17,1951.71,2561.29
Copy of IMG03464.JPG,conductor,1,0.0624,6062.41,4133.19,6850.11,4710.36
Copy of IMG03464.JPG,conductor,1,0.0606,270.72,0.0,700.42,303.53
Copy of IMG03464.JPG,conductor,1,0.0604,5511.32,5021.14,6471.24,5633.17
Copy of IMG03464.JPG,conductor,1,0.0601,6804.21,4862.02,7935.31,5660.5
Copy of IMG03464.JPG,conductor,1,0.059,6055.32,4091.86,6783.08,4606.27
Copy of IMG03464.JPG,conductor,1,0.0582,2253.43,1068.5,3127.83,1618.71
Copy of IMG03464.JPG,conductor,1,0.0575,6083.06,5593.47,6809.28,6240.79
Copy of IMG03464.JPG,conductor,1,0.0561,216.67,770.35,536.18,1427.72
Copy of IMG03464.JPG,conductor,1,0.0547,3587.91,4961.75,4371.37,6022.87
Copy of IMG03464.JPG,conductor,1,0.0542,6170.63,4278.62,7026.31,4872.16
Copy of IMG03464.JPG,conductor,1,0.0536,140.61,588.31,396.98,1269.66
Copy of IMG00505.JPG,insulator,2,0.7548,5675.08,3007.57,6019.02,3340.92
Copy of IMG00505.JPG,insulator,2,0.5937,4239.51,2902.95,4661.12,3267.86
Copy of IMG00505.JPG,conductor,1,0.4856,3992.01,3340.74,4446.89,4156.0
Copy of IMG00505.JPG,insulator,2,0.4508,5128.33,2873.3,5397.28,3193.76
Copy of IMG00505.JPG,conductor,1,0.4427,4099.64,4730.78,4793.16,6058.39
Copy of IMG00505.JPG,conductor,1,0.3726,3414.7,3955.46,4210.01,5581.13
Copy of IMG00505.JPG,insulator,2,0.332,4276.83,2869.14,4728.42,3223.02
Copy of IMG00505.JPG,conductor,1,0.2719,4094.21,5402.48,4545.95,6250.73
Copy of IMG00505.JPG,insulator,2,0.2572,4963.73,3119.44,5234.74,3337.79
Copy of IMG00505.JPG,conductor,1,0.2484,3330.4,3616.81,4281.2,5552.58
Copy of IMG00505.JPG,conductor,1,0.2286,5501.38,3486.39,5814.38,4097.25
Copy of IMG00505.JPG,insulator,2,0.2131,5019.48,2931.41,5374.43,3273.64
Copy of IMG00505.JPG,insulator,2,0.2056,4412.95,2859.73,4786.03,3122.75
Copy of IMG00505.JPG,conductor,1,0.1774,4840.24,3408.38,5369.53,6207.36
Copy of IMG00505.JPG,pylon,0,0.1533,4913.75,3422.39,5338.91,6243.06
Copy of IMG00505.JPG,conductor,1,0.1487,7121.37,2049.81,7691.98,2505.88
Copy of IMG00505.JPG,conductor,1,0.1478,4580.53,3858.12,4970.98,4558.42
Copy of IMG00505.JPG,conductor,1,0.1464,4089.43,5671.38,4500.01,6287.51
Copy of IMG00505.JPG,conductor,1,0.1456,4145.95,4604.99,4859.27,5810.71
Copy of IMG00505.JPG,conductor,1,0.1436,4105.36,5075.11,4684.09,6029.91
Copy of IMG00505.JPG,conductor,1,0.1431,4104.04,5190.82,4603.25,6140.48
Copy of IMG00505.JPG,conductor,1,0.1404,5430.08,3498.71,5830.15,4900.54
Copy of IMG00505.JPG,conductor,1,0.1382,5281.65,3732.8,5720.74,5028.3
Copy of IMG00505.JPG,conductor,1,0.1242,4025.01,3319.24,4479.5,3945.3
Copy of IMG00505.JPG,conductor,1,0.0947,5415.16,3532.77,5770.07,4166.47
Copy of IMG00505.JPG,conductor,1,0.0887,3259.95,5688.55,3650.03,6252.82
Copy of IMG00505.JPG,conductor,1,0.0859,3287.05,5597.93,3669.42,6197.36
Copy of IMG00505.JPG,conductor,1,0.0744,4234.68,4567.22,4828.06,5524.08
Copy of IMG00505.JPG,insulator,2,0.0705,5085.77,2875.39,5374.0,3256.7
Copy of IMG00505.JPG,conductor,1,0.0689,5373.45,3598.48,5744.64,4833.39
Copy of IMG00505.JPG,insulator,2,0.0667,4982.76,3022.39,5304.83,3315.93
Copy of IMG00505.JPG,conductor,1,0.0648,5158.98,4323.84,5644.06,5457.49
Copy of IMG00505.JPG,conductor,1,0.0646,4555.66,4072.17,4969.05,4603.3
Copy of IMG00505.JPG,conductor,1,0.0608,4178.7,4684.2,4804.06,5642.23
Copy of IMG00505.JPG,conductor,1,0.0563,5206.08,4056.29,5689.1,5185.41
Copy of IMG00505.JPG,conductor,1,0.0553,5288.37,3519.03,5833.81,5054.3
Copy of IMG00505.JPG,conductor,1,0.0548,4911.36,3459.97,5580.71,6168.36
Copy of IMG00049.JPG,pylon,0,0.7733,4106.01,3414.61,4577.23,6274.4
Copy of IMG00049.JPG,insulator,2,0.684,3714.48,3149.32,4034.14,3493.18
Copy of IMG00049.JPG,conductor,1,0.6583,5539.31,5456.58,6212.94,6090.52
Copy of IMG00049.JPG,conductor,1,0.622,6452.03,5588.76,7314.66,6156.91
Copy of IMG00049.JPG,insulator,2,0.5896,5123.87,2943.49,5514.75,3307.82
Copy of IMG00049.JPG,insulator,2,0.5457,4412.07,3051.8,4682.83,3310.99
Copy of IMG00049.JPG,insulator,2,0.5204,3399.87,2837.59,3736.56,3196.49
Copy of IMG00049.JPG,conductor,1,0.4916,4609.46,4557.49,5495.18,5243.88
Copy of IMG00049.JPG,insulator,2,0.4493,4828.96,2709.87,5164.44,2999.86
Copy of IMG00049.JPG,insulator,2,0.4179,4138.52,2751.43,4414.52,3016.51
Copy of IMG00049.JPG,conductor,1,0.3411,563.92,5609.98,1043.02,6134.73
Copy of IMG00049.JPG,conductor,1,0.3256,4692.72,3388.02,5311.56,3851.41
Copy of IMG00049.JPG,conductor,1,0.2419,7396.45,5486.4,8107.68,5947.0
Copy of IMG00049.JPG,conductor,1,0.2368,7643.49,5691.84,8234.88,6158.71
Copy of IMG00049.JPG,conductor,1,0.2367,4601.65,4632.06,5669.12,5303.62
Copy of IMG00049.JPG,conductor,1,0.2111,7474.16,5551.73,8180.31,6057.29
Copy of IMG00049.JPG,conductor,1,0.1527,5980.06,4989.94,6622.62,5409.37
Copy of IMG00049.JPG,conductor,1,0.1257,4668.69,3372.34,5141.51,3814.18
Copy of IMG00049.JPG,conductor,1,0.1226,6572.53,5633.99,7352.27,6223.81
Copy of IMG00049.JPG,insulator,2,0.1141,4171.06,2729.39,4472.41,2982.3
Copy of IMG00049.JPG,conductor,1,0.1071,7558.76,5646.67,8186.46,6112.11
Copy of IMG00049.JPG,insulator,2,0.0988,3421.65,2860.05,3777.16,3154.11
Copy of IMG00049.JPG,conductor,1,0.0916,6415.95,5548.18,7200.21,6073.02
Copy of IMG00049.JPG,conductor,1,0.0905,7742.91,5791.52,8265.57,6206.04
Copy of IMG00049.JPG,conductor,1,0.0901,432.36,5474.28,1004.9,6057.35
Copy of IMG00049.JPG,conductor,1,0.088,1118.17,88.12,1473.39,336.02
Copy of IMG00049.JPG,conductor,1,0.0868,5410.26,3360.61,5969.88,3827.56
Copy of IMG00049.JPG,conductor,1,0.086,6145.81,5159.46,6728.31,5526.29
Copy of IMG00049.JPG,insulator,2,0.0773,4217.69,2746.12,4520.58,2976.13
Copy of IMG00049.JPG,conductor,1,0.0742,4649.72,4476.53,5338.23,5030.2
Copy of IMG00049.JPG,conductor,1,0.0697,372.65,5375.14,865.36,5807.04
Copy of IMG00049.JPG,conductor,1,0.0681,1782.53,777.49,2238.76,1051.88
Copy of IMG00049.JPG,insulator,2,0.0665,3532.5,2911.02,3834.49,3210.99
Copy of IMG00049.JPG,conductor,1,0.0639,5475.42,3465.9,6140.34,3874.07
Copy of IMG00049.JPG,conductor,1,0.0621,4723.1,4688.7,5521.53,5185.15
Copy of IMG00049.JPG,conductor,1,0.0614,6087.34,5085.71,6722.63,5466.34
Copy of IMG00049.JPG,conductor,1,0.0585,5827.47,4949.66,6587.54,5366.88
Copy of IMG00049.JPG,conductor,1,0.0583,1567.06,518.4,1937.03,728.52
Copy of IMG00049.JPG,conductor,1,0.0571,5075.69,5012.53,5794.09,5431.54
Copy of IMG00049.JPG,conductor,1,0.0522,5936.07,4902.93,6557.78,5307.62
Copy of IMG00049.JPG,conductor,1,0.0509,6184.91,5206.97,6804.43,5589.72
Copy of IMG00261.JPG,conductor,1,0.1825,5926.88,1335.26,9139.66,2087.39
Copy of IMG00261.JPG,conductor,1,0.1703,5904.06,1385.53,8003.25,2097.38
Copy of IMG00261.JPG,conductor,1,0.1219,0.0,3397.83,6438.79,4420.24
Copy of IMG00261.JPG,conductor,1,0.0941,1646.41,3014.68,8524.43,3989.22
Copy of IMG00261.JPG,conductor,1,0.0747,3052.93,2912.44,9303.37,3858.56
Copy of IMG00261.JPG,conductor,1,0.0675,0.0,2491.38,6604.77,3370.28
Copy of IMG00261.JPG,conductor,1,0.0653,5126.65,3717.43,9448.86,4863.01
Copy of IMG00261.JPG,conductor,1,0.0621,4641.98,2863.33,9219.37,3784.35
Copy of IMG00261.JPG,conductor,1,0.0557,2487.48,2050.62,9458.2,2950.42
Copy of IMG00463.JPG,pylon,0,0.8741,4686.98,3387.18,5348.42,6266.77
Copy of IMG00463.JPG,insulator,2,0.4497,4263.66,3041.95,4587.4,3384.24
Copy of IMG00463.JPG,insulator,2,0.4366,4375.39,3091.15,4684.67,3395.75
Copy of IMG00463.JPG,insulator,2,0.4207,4667.0,2940.93,5034.88,3241.61
Copy of IMG00463.JPG,conductor,1,0.2239,4147.61,3514.25,4631.37,5035.01
Copy of IMG00463.JPG,insulator,2,0.2148,4953.07,3029.66,5184.0,3310.93
Copy of IMG00463.JPG,insulator,2,0.1839,4630.06,2930.84,5000.1,3304.4
Copy of IMG00463.JPG,conductor,1,0.1645,3760.19,3495.37,4623.28,6276.71
Copy of IMG00463.JPG,conductor,1,0.1447,850.19,4111.73,4193.81,4686.53
Copy of IMG00463.JPG,conductor,1,0.136,469.76,2736.83,4275.2,3209.15
Copy of IMG00463.JPG,insulator,2,0.1323,5142.24,2898.29,5521.3,3109.97
Copy of IMG00463.JPG,insulator,2,0.1059,4985.72,3008.63,5211.06,3262.96
Copy of IMG00463.JPG,conductor,1,0.1033,4080.75,3521.1,4637.55,6208.7
Copy of IMG00463.JPG,insulator,2,0.0877,5186.63,2905.22,5547.91,3182.76
Copy of IMG00463.JPG,conductor,1,0.0674,197.43,4060.37,4077.32,4862.68
Copy of IMG00463.JPG,conductor,1,0.0564,4263.12,3494.36,4610.7,4156.75
Copy of IMG03451.JPG,pylon,0,0.8777,5500.38,3557.19,6188.32,6305.53
Copy of IMG03451.JPG,conductor,1,0.7259,6361.9,3397.96,9504.0,4170.4
Copy of IMG03451.JPG,conductor,1,0.5721,7149.94,2969.21,9504.0,3469.94
Copy of IMG03451.JPG,conductor,1,0.46,7260.97,4723.03,9502.2,5387.35
Copy of IMG03451.JPG,conductor,1,0.3685,0.0,3012.56,5699.92,3846.84
Copy of IMG03451.JPG,conductor,1,0.3328,6272.12,4521.58,9472.91,5441.19
Copy of IMG03451.JPG,conductor,1,0.3257,4483.92,2744.21,5768.81,3123.45
Copy of IMG03451.JPG,conductor,1,0.3129,0.0,4279.24,5518.68,5108.69
Copy of IMG03451.JPG,conductor,1,0.1708,4121.48,2744.67,5747.05,3160.68
Copy of IMG03451.JPG,conductor,1,0.1393,6509.65,2825.67,9494.65,3429.82
Copy of IMG03451.JPG,conductor,1,0.0929,839.58,4403.83,5971.35,5022.34
Copy of IMG03451.JPG,pylon_fissure,3,0.0882,5723.06,5217.71,5870.84,6299.96
Copy of IMG03451.JPG,conductor,1,0.0751,726.05,3188.14,6038.47,3801.98
Copy of IMG03451.JPG,conductor,1,0.0615,6204.58,2784.09,7675.15,3271.93
Copy of IMG03451.JPG,conductor,1,0.0526,0.0,3184.28,4752.61,3783.56
Copy of IMG03451.JPG,conductor,1,0.0523,6227.97,2795.19,8330.39,3287.57
Copy of IMG00204.JPG,conductor,1,0.6953,5256.19,3915.23,5905.2,4469.74
Copy of IMG00204.JPG,insulator,2,0.6377,4989.7,2223.06,5259.83,2524.68
Copy of IMG00204.JPG,conductor,1,0.6141,7239.78,5199.97,7920.74,5763.2
Copy of IMG00204.JPG,conductor,1,0.5851,5553.93,4401.96,6367.76,5003.31
Copy of IMG00204.JPG,conductor,1,0.5455,6944.43,5712.71,7560.31,6293.14
Copy of IMG00204.JPG,conductor,1,0.5321,4862.71,3336.97,5469.98,4069.47
Copy of IMG00204.JPG,pylon,0,0.4228,4568.47,2417.5,4851.21,5074.42
Copy of IMG00204.JPG,conductor,1,0.386,4528.46,2486.09,4894.55,4953.35
Copy of IMG00204.JPG,conductor,1,0.307,7642.58,5644.07,8151.86,6106.05
Copy of IMG00204.JPG,conductor,1,0.2387,6536.41,4444.47,7076.55,4936.15
Copy of IMG00204.JPG,conductor,1,0.2202,6909.3,5630.62,7484.94,6231.12
Copy of IMG00204.JPG,conductor,1,0.1978,6449.25,4381.53,7065.15,4888.28
Copy of IMG00204.JPG,conductor,1,0.192,6633.72,4604.72,7249.26,5127.35
Copy of IMG00204.JPG,conductor,1,0.1763,5497.43,4239.85,6293.21,4892.27
Copy of IMG00204.JPG,conductor,1,0.173,7060.25,5785.3,7593.95,6305.81
Copy of IMG00204.JPG,conductor,1,0.1678,6170.06,4952.27,6975.1,5609.38
Copy of IMG00204.JPG,conductor,1,0.1505,6536.0,5255.19,7131.47,5800.19
Copy of IMG00204.JPG,conductor,1,0.1355,7319.52,5293.6,8018.66,5855.61
Copy of IMG00204.JPG,conductor,1,0.1338,5324.21,2627.52,5917.33,3309.06
Copy of IMG00204.JPG,conductor,1,0.1322,6106.78,4884.01,6841.77,5547.74
Copy of IMG00204.JPG,conductor,1,0.1281,6804.33,5543.34,7449.16,6205.04
Copy of IMG00204.JPG,conductor,1,0.1272,4890.45,2590.38,5213.27,3059.27
Copy of IMG00204.JPG,conductor,1,0.1246,6352.02,5104.55,7057.57,5729.39
Copy of IMG00204.JPG,conductor,1,0.1228,6556.71,5327.86,7200.0,5885.24
Copy of IMG00204.JPG,conductor,1,0.1181,6684.26,4708.4,7299.29,5199.12
Copy of IMG00204.JPG,conductor,1,0.1144,5316.07,2603.7,5818.69,3083.97
Copy of IMG00204.JPG,conductor,1,0.114,5278.05,3953.37,6018.98,4562.99
Copy of IMG00204.JPG,conductor,1,0.107,7197.21,5147.33,7855.94,5687.29
Copy of IMG00204.JPG,conductor,1,0.1056,6073.52,3911.23,6638.8,4479.18
Copy of IMG00204.JPG,conductor,1,0.1044,6597.92,4558.82,7183.29,5053.57
Copy of IMG00204.JPG,conductor,1,0.0993,5627.32,4517.45,6476.47,5083.7
Copy of IMG00204.JPG,conductor,1,0.0916,5376.43,4113.87,6215.51,4818.14
Copy of IMG00204.JPG,conductor,1,0.0915,7499.19,5428.84,8105.47,6017.85
Copy of IMG00204.JPG,conductor,1,0.0895,4856.88,3273.06,5381.77,3951.81
Copy of IMG00204.JPG,conductor,1,0.0859,5291.47,3996.85,6166.25,4755.65
Copy of IMG00204.JPG,conductor,1,0.0833,6659.45,5456.89,7340.01,6131.52
Copy of IMG00204.JPG,conductor,1,0.0828,6902.63,4918.24,7441.7,5389.14
Copy of IMG00204.JPG,conductor,1,0.079,6373.16,4312.95,6963.88,4797.11
Copy of IMG00204.JPG,conductor,1,0.079,6593.05,5393.82,7280.45,5968.44
Copy of IMG00204.JPG,insulator,2,0.0764,4072.63,2283.64,4324.78,2619.68
Copy of IMG00204.JPG,conductor,1,0.076,6171.34,3766.48,6968.62,4547.51
Copy of IMG00204.JPG,conductor,1,0.076,7138.87,5861.18,7612.18,6319.17
Copy of IMG00204.JPG,conductor,1,0.0757,5128.41,3776.5,5862.13,4381.65
Copy of IMG00204.JPG,conductor,1,0.073,6972.71,4985.2,7520.84,5427.61
Copy of IMG00204.JPG,conductor,1,0.0693,7957.23,5810.3,8411.69,6308.23
Copy of IMG00204.JPG,conductor,1,0.0664,4901.07,2621.71,5293.55,3088.17
Copy of IMG00204.JPG,conductor,1,0.0638,4929.28,2666.44,5340.05,3136.95
Copy of IMG00204.JPG,conductor,1,0.0637,5992.98,4769.44,6781.81,5440.12
Copy of IMG00204.JPG,pylon,0,0.0634,4431.08,2439.51,4903.04,4956.94
Copy of IMG00204.JPG,conductor,1,0.0592,7784.54,5737.45,8374.79,6298.32
Copy of IMG00204.JPG,conductor,1,0.0583,7076.16,5087.34,7725.18,5570.02
Copy of IMG00204.JPG,conductor,1,0.0571,4876.54,3411.19,5578.43,4145.62
Copy of IMG00204.JPG,conductor,1,0.0566,5952.83,4681.28,6703.99,5360.15
Copy of IMG00204.JPG,conductor,1,0.0543,5673.67,4575.05,6550.94,5184.74
Copy of IMG00204.JPG,conductor,1,0.0535,4885.17,2594.47,5159.69,2993.09
Copy of IMG00204.JPG,conductor,1,0.0534,6737.98,4773.09,7399.89,5280.8
Copy of IMG00204.JPG,conductor,1,0.0532,5871.02,4642.07,6595.56,5243.66
Copy of IMG00405.JPG,insulator,2,0.6093,4411.13,2827.24,4711.93,3137.71
Copy of IMG00405.JPG,insulator,2,0.5319,5270.48,3046.92,5486.78,3265.16
Copy of IMG00405.JPG,insulator,2,0.5274,4885.11,2623.45,5173.05,2878.98
Copy of IMG00405.JPG,conductor,1,0.4819,3010.06,3399.75,4310.64,5091.0
Copy of IMG00405.JPG,conductor,1,0.4112,3216.77,3778.34,4314.69,4967.92
Copy of IMG00405.JPG,conductor,1,0.2527,2713.55,5282.74,3320.52,6200.89
Copy of IMG00405.JPG,conductor,1,0.2514,3277.36,5388.82,3673.58,6024.92
Copy of IMG00405.JPG,pylon,0,0.22,4789.5,3061.19,5084.4,4576.25
Copy of IMG00405.JPG,conductor,1,0.1663,3358.19,5309.9,3726.85,5828.87
Copy of IMG00405.JPG,conductor,1,0.1595,2706.24,5419.29,3239.56,6167.05
Copy of IMG00405.JPG,conductor,1,0.1558,3880.74,5496.43,4353.7,6180.08
Copy of IMG00405.JPG,conductor,1,0.1481,3211.8,5516.48,3622.05,6142.67
Copy of IMG00405.JPG,conductor,1,0.1326,4868.29,3067.08,5099.56,3641.0
Copy of IMG00405.JPG,conductor,1,0.1314,3925.65,5333.52,4582.84,6241.58
Copy of IMG00405.JPG,conductor,1,0.1205,4108.69,5199.49,4609.16,5689.52
Copy of IMG00405.JPG,pylon,0,0.1048,4815.0,3072.48,5116.66,4203.65
Copy of IMG00405.JPG,conductor,1,0.0974,4184.88,4754.58,4694.58,5387.72
Copy of IMG00405.JPG,conductor,1,0.0937,4149.96,5098.74,4646.93,5602.75
Copy of IMG00405.JPG,conductor,1,0.0923,4774.94,3349.51,5157.2,4700.64
Copy of IMG00405.JPG,conductor,1,0.0875,300.28,5478.68,771.44,6101.41
Copy of IMG00405.JPG,conductor,1,0.082,2899.98,4867.48,3542.77,5426.94
Copy of IMG00405.JPG,conductor,1,0.0802,326.53,5294.4,820.98,6114.27
Copy of IMG00405.JPG,conductor,1,0.0795,1.57,5521.68,233.84,6151.79
Copy of IMG00405.JPG,conductor,1,0.0784,4193.84,3195.89,4531.24,3651.28
Copy of IMG00405.JPG,conductor,1,0.0748,4004.11,5219.1,4609.55,6061.3
Copy of IMG00405.JPG,conductor,1,0.0741,2774.73,5216.1,3427.99,5923.1
Copy of IMG00405.JPG,conductor,1,0.073,4182.08,4910.08,4670.99,5529.05
Copy of IMG00405.JPG,conductor,1,0.0719,2842.27,5132.59,3480.02,5706.04
Copy of IMG00405.JPG,conductor,1,0.0714,2.06,4714.34,417.07,5344.07
Copy of IMG00405.JPG,conductor,1,0.0661,3628.7,4917.98,4065.85,5371.13
Copy of IMG00405.JPG,conductor,1,0.0622,4087.7,3197.42,4467.78,3668.41
Copy of IMG00405.JPG,conductor,1,0.0618,3615.64,4797.18,4066.4,5280.79
Copy of IMG00405.JPG,conductor,1,0.0617,4780.25,3769.06,5173.07,4596.5
Copy of IMG00405.JPG,conductor,1,0.0587,3624.46,4880.46,4011.08,5290.94
Copy of IMG00405.JPG,conductor,1,0.0547,2894.4,4927.27,3516.73,5569.9
Copy of IMG00405.JPG,conductor,1,0.0546,8324.35,4819.38,9066.68,5862.29
Copy of IMG00405.JPG,conductor,1,0.0542,4058.68,3188.12,4486.11,3806.55
Copy of IMG00405.JPG,conductor,1,0.0538,4325.17,3602.49,4633.06,3984.04
Copy of IMG00405.JPG,conductor,1,0.0535,0.0,4827.34,376.67,5420.65
Copy of IMG00405.JPG,conductor,1,0.0522,3212.61,5279.33,3607.84,5822.7
Copy of IMG00405.JPG,conductor,1,0.0521,0.05,5431.65,325.26,6139.22
Copy of IMG00499.JPG,insulator,2,0.8264,4054.15,3702.7,4387.37,4049.68
Copy of IMG00499.JPG,pylon,0,0.7768,4046.16,4094.02,4476.55,6258.45
Copy of IMG00499.JPG,insulator,2,0.7674,2689.3,3787.03,3067.78,4156.44
Copy of IMG00499.JPG,insulator,2,0.6984,5378.05,4065.01,5746.52,4402.82
Copy of IMG00499.JPG,conductor,1,0.6893,5100.74,4569.28,5600.09,6244.13
Copy of IMG00499.JPG,conductor,1,0.1647,3407.26,4694.8,4045.05,6236.41
Copy of IMG00499.JPG,pylon,0,0.1326,5088.65,4544.9,5619.37,6215.98
Copy of IMG00499.JPG,conductor,1,0.0827,3619.12,4621.65,4087.83,6230.34
Copy of IMG00499.JPG,conductor,1,0.0687,8370.09,625.1,8790.9,821.21
Copy of IMG00499.JPG,conductor,1,0.0641,9143.08,1588.68,9504.0,1918.72
Copy of IMG00499.JPG,conductor,1,0.0627,8304.08,498.13,8721.33,712.75
Copy of IMG00499.JPG,conductor,1,0.0605,9106.75,1498.04,9501.71,1900.94
Copy of IMG00499.JPG,conductor,1,0.0595,8251.0,403.16,8594.6,608.57
Copy of IMG00499.JPG,conductor,1,0.0566,8236.05,468.06,8678.4,690.75
Copy of IMG00499.JPG,conductor,1,0.0559,3660.48,4638.71,4096.82,5669.03
Copy of IMG00499.JPG,conductor,1,0.0519,8324.7,598.34,8770.87,802.64
Copy of IMG00499.JPG,conductor,1,0.0519,8518.49,993.33,9031.06,1188.85
Copy of IMG00499.JPG,conductor,1,0.0513,8449.71,720.23,8842.82,903.62
Copy of IMG00499.JPG,conductor,1,0.0511,8280.62,423.37,8662.32,641.63
Copy of IMG00499.JPG,conductor,1,0.0501,8815.66,1315.92,9226.89,1538.82
Copy of IMG03391.JPG,conductor,1,0.8199,4529.26,4012.95,6131.19,5292.88
Copy of IMG03391.JPG,insulator,2,0.7615,2657.12,2830.72,3045.2,3259.43
Copy of IMG03391.JPG,pylon,0,0.7513,3592.95,2932.83,4273.75,6290.07
Copy of IMG03391.JPG,insulator,2,0.734,4570.9,2368.78,4974.02,2800.18
Copy of IMG03391.JPG,insulator,2,0.7127,3690.36,2273.64,4040.52,2655.64
Copy of IMG03391.JPG,conductor,1,0.6084,2110.7,2063.65,3202.89,2565.39
Copy of IMG03391.JPG,conductor,1,0.5901,5754.87,3492.75,6825.24,4132.51
Copy of IMG03391.JPG,conductor,1,0.5591,7005.26,5476.08,8501.31,6280.04
Copy of IMG03391.JPG,conductor,1,0.5457,4968.61,3106.5,5885.13,3654.48
Copy of IMG03391.JPG,conductor,1,0.495,6841.55,5222.66,8477.76,6261.02
Copy of IMG03391.JPG,conductor,1,0.4803,5940.23,3014.96,7448.52,3697.35
Copy of IMG03391.JPG,conductor,1,0.4319,7377.38,3718.77,8537.42,4217.76
Copy of IMG03391.JPG,conductor,1,0.4018,8815.22,4836.37,9502.75,5573.1
Copy of IMG03391.JPG,conductor,1,0.3572,92.72,2331.14,2035.71,3053.59
Copy of IMG03391.JPG,conductor,1,0.3541,5829.7,2948.74,7254.37,3643.65
Copy of IMG03391.JPG,conductor,1,0.3026,5740.32,4702.85,7383.77,5746.77
Copy of IMG03391.JPG,conductor,1,0.2772,548.62,1749.31,2347.81,2367.59
Copy of IMG03391.JPG,conductor,1,0.2621,8463.04,4194.24,9501.79,4787.96
Copy of IMG03391.JPG,conductor,1,0.252,5067.74,2676.41,6415.89,3195.1
Copy of IMG03391.JPG,conductor,1,0.2514,10.53,2239.35,1872.37,2930.48
Copy of IMG03391.JPG,conductor,1,0.2442,8669.86,4295.64,9503.8,4828.65
Copy of IMG03391.JPG,conductor,1,0.2199,8287.91,4129.02,9504.0,4705.39
Copy of IMG03391.JPG,conductor,1,0.1704,364.56,1660.41,2304.98,2276.83
Copy of IMG03391.JPG,conductor,1,0.1633,7342.36,3725.08,8939.11,4300.28
Copy of IMG03391.JPG,conductor,1,0.1622,1125.36,1791.55,2379.87,2382.8
Copy of IMG03391.JPG,conductor,1,0.1605,7932.84,4055.86,9504.0,4608.02
Copy of IMG03391.JPG,conductor,1,0.1551,565.35,2474.63,2342.22,3167.52
Copy of IMG03391.JPG,conductor,1,0.1387,7173.37,3789.26,9106.59,4540.18
Copy of IMG03391.JPG,conductor,1,0.1368,7276.36,3772.49,9185.23,4369.8
Copy of IMG03391.JPG,conductor,1,0.133,8080.75,4470.99,8894.04,5063.31
Copy of IMG03391.JPG,conductor,1,0.1293,5060.54,3177.33,6002.4,3727.5
Copy of IMG03391.JPG,conductor,1,0.1278,7093.39,4061.38,8341.09,4803.17
Copy of IMG03391.JPG,conductor,1,0.1266,5193.48,2754.06,7183.37,3566.82
Copy of IMG03391.JPG,conductor,1,0.1165,2.37,2151.34,1255.25,2769.33
Copy of IMG03391.JPG,conductor,1,0.1094,1.6,2079.66,746.43,2664.87
Copy of IMG03391.JPG,conductor,1,0.0985,5912.33,4864.32,7580.59,5798.14
Copy of IMG03391.JPG,conductor,1,0.0944,8341.15,4628.59,9206.02,5203.77
Copy of IMG03391.JPG,conductor,1,0.0892,9011.27,4927.85,9504.0,5641.48
Copy of IMG03391.JPG,conductor,1,0.0862,1.19,2185.55,1044.43,2582.23
Copy of IMG03391.JPG,conductor,1,0.0812,5183.75,2709.52,7083.21,3383.25
Copy of IMG03391.JPG,conductor,1,0.0772,7477.23,3940.77,9342.93,4460.33
Copy of IMG03391.JPG,conductor,1,0.0699,791.56,2528.25,2171.53,3041.76
Copy of IMG03391.JPG,conductor,1,0.0696,8976.7,4442.14,9504.0,4874.32
Copy of IMG03391.JPG,conductor,1,0.0686,5894.88,3625.85,7077.14,4255.56
Copy of IMG03391.JPG,conductor,1,0.0673,5647.73,3411.37,6606.36,4039.77
Copy of IMG03391.JPG,conductor,1,0.0666,5138.45,2743.35,6527.78,3297.34
Copy of IMG03391.JPG,conductor,1,0.0649,6122.46,4896.83,8037.17,5881.26
Copy of IMG03391.JPG,conductor,1,0.0641,8133.22,4549.81,9019.69,5125.88
Copy of IMG03391.JPG,conductor,1,0.0635,7692.83,4372.34,8722.92,4982.33
Copy of IMG03391.JPG,conductor,1,0.0601,5874.1,2996.83,7055.3,3574.37
Copy of IMG03391.JPG,conductor,1,0.0584,7844.79,3935.87,9438.91,4542.41
Copy of IMG03391.JPG,conductor,1,0.0533,6234.53,3684.7,7179.84,4301.62
Copy of IMG03391.JPG,conductor,1,0.0526,7033.32,3904.41,8896.05,4728.5
Copy of IMG03391.JPG,conductor,1,0.0524,71.74,2383.01,2366.7,3151.49
Copy of IMG03391.JPG,conductor,1,0.051,4985.89,2687.73,6237.84,3482.06
Copy of IMG03391.JPG,conductor,1,0.0506,7191.35,4113.58,8529.39,4878.87
Copy of IMG00010.JPG,insulator,2,0.6779,4837.18,2148.09,5130.28,2492.93
Copy of IMG00010.JPG,insulator,2,0.5921,5413.12,2485.06,5658.5,2744.26
Copy of IMG00010.JPG,conductor,1,0.5921,2293.45,4103.57,3740.39,4967.69
Copy of IMG00010.JPG,conductor,1,0.5825,2260.88,3467.53,3477.37,4109.6
Copy of IMG00010.JPG,conductor,1,0.5803,192.99,5269.39,1456.59,6126.77
Copy of IMG00010.JPG,conductor,1,0.5708,281.82,4286.78,1631.74,4980.27
Copy of IMG00010.JPG,conductor,1,0.3864,210.27,3451.84,2002.73,4117.8
Copy of IMG00010.JPG,conductor,1,0.3456,1356.99,3889.29,2483.74,4536.66
Copy of IMG00010.JPG,conductor,1,0.3162,1649.04,2996.1,3094.85,3605.96
Copy of IMG00010.JPG,conductor,1,0.3069,271.32,3356.53,2191.47,4029.94
Copy of IMG00010.JPG,conductor,1,0.2969,2935.0,2484.13,4220.99,3096.97
Copy of IMG00010.JPG,conductor,1,0.2892,687.21,4761.61,2349.9,5643.37
Copy of IMG00010.JPG,conductor,1,0.2891,8744.91,277.19,9501.92,666.9
Copy of IMG00010.JPG,conductor,1,0.2682,3518.96,3026.83,4429.02,3556.1
Copy of IMG00010.JPG,conductor,1,0.2635,7829.74,2689.87,9485.59,3447.88
Copy of IMG00010.JPG,conductor,1,0.2533,4098.65,2799.1,4727.33,3309.96
Copy of IMG00010.JPG,conductor,1,0.2452,3703.8,3512.61,4752.47,4249.36
Copy of IMG00010.JPG,conductor,1,0.2447,0.0,4753.19,546.59,5538.33
Copy of IMG00010.JPG,insulator,2,0.2428,5140.34,2009.08,5414.3,2261.62
Copy of IMG00010.JPG,conductor,1,0.2318,99.0,3522.55,1787.8,4201.22
Copy of IMG00010.JPG,conductor,1,0.2138,7603.59,574.65,8763.66,1122.67
Copy of IMG00010.JPG,conductor,1,0.2062,3565.28,3572.61,4576.49,4306.26
Copy of IMG00010.JPG,conductor,1,0.1928,688.76,3251.54,2446.05,3888.48
Copy of IMG00010.JPG,pylon,0,0.1863,5019.05,2565.46,5366.83,6250.53
Copy of IMG00010.JPG,conductor,1,0.1842,2686.17,2555.8,4013.86,3198.83
Copy of IMG00010.JPG,conductor,1,0.1834,3.45,3761.81,1069.06,4378.68
Copy of IMG00010.JPG,pylon,0,0.1723,4915.35,2511.53,5424.83,6214.36
Copy of IMG00010.JPG,conductor,1,0.1655,7712.67,479.29,8946.57,1037.07
Copy of IMG00010.JPG,conductor,1,0.1646,3602.8,2959.18,4530.43,3486.54
Copy of IMG00010.JPG,conductor,1,0.1608,3871.02,3418.99,4863.69,4174.74
Copy of IMG00010.JPG,conductor,1,0.1568,0.18,4025.22,755.16,4596.09
Copy of IMG00010.JPG,conductor,1,0.1505,0.72,3845.35,911.51,4451.17
Copy of IMG00010.JPG,conductor,1,0.1505,6500.51,999.7,7845.12,1585.39
Copy of IMG00010.JPG,conductor,1,0.1428,47.33,3589.85,1631.61,4307.82
Copy of IMG00010.JPG,conductor,1,0.1403,364.45,4834.8,2240.88,5710.27
Copy of IMG00010.JPG,insulator,2,0.1389,5377.58,2449.85,5641.26,2755.29
Copy of IMG00010.JPG,conductor,1,0.1261,1333.06,4605.74,2634.9,5528.51
Copy of IMG00010.JPG,conductor,1,0.1239,2807.16,3953.26,3962.17,4840.82
Copy of IMG00010.JPG,conductor,1,0.1234,1006.1,3130.09,2619.8,3821.49
Copy of IMG00010.JPG,conductor,1,0.1205,6620.75,927.23,7938.9,1503.48
Copy of IMG00010.JPG,conductor,1,0.1154,2995.51,2433.66,4358.96,2980.64
Copy of IMG00010.JPG,conductor,1,0.1136,8870.07,672.68,9503.64,1212.15
Copy of IMG00010.JPG,conductor,1,0.1129,968.94,4685.1,2546.42,5584.04
Copy of IMG00010.JPG,conductor,1,0.1123,1976.69,2729.71,3693.34,3396.87
Copy of IMG00010.JPG,conductor,1,0.1113,2.14,4133.4,388.12,4672.87
Copy of IMG00010.JPG,conductor,1,0.1097,2117.15,4223.16,3564.97,5085.43
Copy of IMG00010.JPG,conductor,1,0.1093,7549.42,633.42,8629.4,1189.76
Copy of IMG00010.JPG,conductor,1,0.1077,3202.95,2407.6,4465.39,2900.56
Copy of IMG00010.JPG,conductor,1,0.1007,1202.76,3031.68,2879.69,3675.24
Copy of IMG00010.JPG,conductor,1,0.0944,2521.33,2628.55,3872.45,3292.96
Copy of IMG00010.JPG,conductor,1,0.0928,3785.39,2876.82,4718.98,3424.66
Copy of IMG00010.JPG,conductor,1,0.0908,0.97,4732.04,365.07,5522.27
Copy of IMG00010.JPG,conductor,1,0.0906,7865.74,1057.24,8931.07,1680.09
Copy of IMG00010.JPG,conductor,1,0.0853,8984.13,651.84,9501.77,1131.92
Copy of IMG00010.JPG,conductor,1,0.0846,2578.39,4055.24,3828.28,4927.26
Copy of IMG00010.JPG,conductor,1,0.0837,8342.75,838.26,9390.83,1416.89
Copy of IMG00010.JPG,conductor,1,0.0814,59.14,3725.96,1260.08,4290.82
Copy of IMG00010.JPG,conductor,1,0.0785,9204.56,0.0,9504.0,344.61
Copy of IMG00010.JPG,conductor,1,0.0765,0.0,4161.78,293.0,4736.62
Copy of IMG00010.JPG,conductor,1,0.0763,3198.97,3191.15,4058.3,3720.37
Copy of IMG00010.JPG,conductor,1,0.0761,3925.62,2809.51,4750.64,3363.08
Copy of IMG00010.JPG,conductor,1,0.0756,8739.59,0.0,9501.47,382.77
Copy of IMG00010.JPG,conductor,1,0.075,8268.12,920.49,9276.11,1478.79
Copy of IMG00010.JPG,conductor,1,0.0737,3667.2,2368.32,4535.2,2836.2
Copy of IMG00010.JPG,conductor,1,0.0734,1607.65,4544.97,2820.77,5401.91
Copy of IMG00010.JPG,conductor,1,0.0714,1842.85,4332.52,3301.19,5207.31
Copy of IMG00010.JPG,conductor,1,0.0709,3268.43,3126.18,4204.34,3696.28
Copy of IMG00010.JPG,conductor,1,0.0705,8712.22,744.79,9497.8,1262.33
Copy of IMG00010.JPG,conductor,1,0.0696,7089.45,908.33,8093.87,1404.2
Copy of IMG00010.JPG,conductor,1,0.0686,8032.9,983.95,9114.4,1570.43
Copy of IMG00010.JPG,conductor,1,0.0659,4150.28,3334.04,4931.3,4037.39
Copy of IMG00010.JPG,conductor,1,0.0658,181.64,3623.09,1566.25,4195.9
Copy of IMG00010.JPG,conductor,1,0.0655,1743.68,4481.02,2956.04,5316.06
Copy of IMG00010.JPG,conductor,1,0.0639,3436.02,3085.94,4349.84,3619.23
Copy of IMG00010.JPG,conductor,1,0.0638,7712.15,1126.53,8848.19,1752.78
Copy of IMG00010.JPG,conductor,1,0.0611,7875.49,448.26,9006.95,949.53
Copy of IMG00010.JPG,conductor,1,0.0608,3070.97,3251.46,3920.96,3760.61
Copy of IMG00010.JPG,conductor,1,0.056,1483.31,3821.12,2599.45,4425.52
Copy of IMG00010.JPG,conductor,1,0.0549,9263.42,601.19,9502.5,1093.81
Copy of IMG00010.JPG,conductor,1,0.0533,2792.64,2717.11,3913.39,3254.9
Copy of IMG00010.JPG,conductor,1,0.0532,1787.86,2823.65,3656.59,3512.94
Copy of IMG00010.JPG,conductor,1,0.0525,9182.82,622.96,9504.0,1139.86
Copy of IMG00010.JPG,pylon,0,0.0517,5069.59,2550.81,5340.04,5821.66
Copy of IMG00010.JPG,conductor,1,0.0515,8100.08,435.77,9219.9,918.95
Copy of IMG00010.JPG,conductor,1,0.0506,3.31,4580.35,634.58,5479.04
Copy of IMG00010.JPG,conductor,1,0.0502,0.19,5814.33,296.06,6306.91
Copy of IMG00010.JPG,conductor,1,0.0501,8996.9,43.21,9504.0,487.21
Copy of IMG00010.JPG,conductor,1,0.0501,197.23,5112.79,1855.91,6032.9
Copy of IMG00228.JPG,pylon,0,0.7968,4820.62,2504.48,5433.86,6126.91
Copy of IMG00228.JPG,conductor,1,0.6602,5759.56,4165.49,6753.93,5749.34
Copy of IMG00228.JPG,conductor,1,0.6165,6157.26,3521.88,7973.78,5839.39
Copy of IMG00228.JPG,insulator,2,0.5902,4238.4,2314.57,4514.7,2680.82
Copy of IMG00228.JPG,conductor,1,0.4224,5398.33,835.39,8409.56,1750.24
Copy of IMG00228.JPG,insulator,2,0.3729,8689.79,891.05,9025.62,1153.8
Copy of IMG00228.JPG,conductor,1,0.3692,1956.84,4074.56,4706.92,5168.97
Copy of IMG00228.JPG,insulator,2,0.3678,5028.97,2134.51,5279.25,2383.48
Copy of IMG00228.JPG,conductor,1,0.325,8578.1,3235.1,9504.0,3956.85
Copy of IMG00228.JPG,insulator,2,0.3213,5751.34,2260.16,6033.13,2544.96
Copy of IMG00228.JPG,conductor,1,0.1767,5220.92,4984.63,5788.26,5897.06
Copy of IMG00228.JPG,conductor,1,0.1447,6204.95,2761.07,8832.99,3449.56
Copy of IMG00228.JPG,conductor,1,0.1445,3148.46,2771.63,4524.49,3639.1
Copy of IMG00228.JPG,insulator,2,0.1252,8463.99,1503.74,8796.9,1702.41
Copy of IMG00228.JPG,conductor,1,0.1245,8130.86,3318.81,9500.55,4066.43
Copy of IMG00228.JPG,insulator,2,0.1134,8725.63,924.91,9080.78,1227.37
Copy of IMG00228.JPG,conductor,1,0.1026,6655.21,5189.31,8121.07,5966.58
Copy of IMG00228.JPG,conductor,1,0.0955,6120.27,2288.56,8655.05,3068.83
Copy of IMG00228.JPG,conductor,1,0.077,9130.64,2111.75,9504.0,3162.1
Copy of IMG00228.JPG,pylon,0,0.0732,4877.35,3000.81,5337.34,6175.72
Copy of IMG00228.JPG,insulator,2,0.0722,8376.15,973.04,8694.5,1327.64
Copy of IMG00228.JPG,conductor,1,0.0621,6174.97,3594.65,8610.82,5928.65
Copy of IMG00228.JPG,conductor,1,0.0616,5342.85,997.14,8616.18,1640.72
Copy of IMG00228.JPG,conductor,1,0.0573,5397.14,1087.5,7012.88,1589.35
Copy of IMG00228.JPG,conductor,1,0.0513,8727.16,2133.28,9502.76,3234.54
Copy of IMG00228.JPG,conductor,1,0.0502,6642.95,2225.08,8657.69,2941.15
Copy of IMG00025.JPG,insulator,2,0.6869,7145.06,2647.94,7665.86,3242.29
Copy of IMG00025.JPG,conductor,1,0.435,8394.99,101.25,9500.93,1013.18
Copy of IMG00025.JPG,conductor,1,0.202,8331.11,53.55,9162.25,889.17
Copy of IMG00025.JPG,insulator,2,0.1467,6821.42,523.93,7114.75,891.48
Copy of IMG00025.JPG,conductor,1,0.127,8536.07,1448.55,9496.97,2341.81
Copy of IMG00025.JPG,conductor,1,0.1204,8515.07,248.61,9502.83,1107.12
Copy of IMG00025.JPG,conductor,1,0.1192,8768.05,337.02,9503.03,1157.43
Copy of IMG00025.JPG,conductor,1,0.1151,9177.89,0.0,9504.0,337.97
Copy of IMG00025.JPG,conductor,1,0.0845,8420.38,1350.14,9477.52,2191.08
Copy of IMG00025.JPG,conductor,1,0.081,8284.56,22.73,8969.54,635.96
Copy of IMG00025.JPG,insulator,2,0.0664,6540.91,93.83,7085.61,768.3
Copy of IMG00025.JPG,insulator,2,0.0637,8032.21,1597.74,8442.02,2092.71
Copy of IMG00025.JPG,conductor,1,0.0603,6598.51,6075.61,9491.16,6336.0
Copy of IMG00214.JPG,conductor,1,0.6018,6688.07,2101.07,8154.05,3265.68
Copy of IMG00214.JPG,conductor,1,0.5146,6152.09,684.5,6930.19,1199.57
Copy of IMG00214.JPG,pylon,0,0.4166,3864.19,513.61,4279.31,3572.32
Copy of IMG00214.JPG,conductor,1,0.37,4305.74,682.22,5273.65,1219.3
Copy of IMG00214.JPG,conductor,1,0.3351,6229.98,5518.48,6790.26,6280.65
Copy of IMG00214.JPG,conductor,1,0.2608,8177.01,1100.43,9076.37,1695.68
Copy of IMG00214.JPG,conductor,1,0.2011,8397.66,2116.04,9492.93,2833.53
Copy of IMG00214.JPG,conductor,1,0.1973,6179.45,5679.18,6743.56,6286.68
Copy of IMG00214.JPG,conductor,1,0.194,8874.22,1539.36,9503.6,2149.82
Copy of IMG00214.JPG,conductor,1,0.1912,4969.11,1061.89,5729.15,1576.41
Copy of IMG00214.JPG,pylon,0,0.1797,3847.78,287.08,4183.05,3611.12
Copy of IMG00214.JPG,conductor,1,0.1678,4231.1,568.59,5070.06,951.18
Copy of IMG00214.JPG,conductor,1,0.167,5571.21,3762.53,6677.48,4703.73
Copy of IMG00214.JPG,conductor,1,0.1666,7224.39,1275.86,7915.66,1809.99
Copy of IMG00214.JPG,conductor,1,0.1561,6286.77,3059.4,7212.41,3891.51
Copy of IMG00214.JPG,conductor,1,0.1322,9026.71,3772.17,9504.0,4921.14
Copy of IMG00214.JPG,conductor,1,0.1198,4481.14,850.77,5357.26,1298.7
Copy of IMG00214.JPG,conductor,1,0.1191,4393.43,817.33,5486.18,1368.26
Copy of IMG00214.JPG,conductor,1,0.1098,6010.06,1746.17,7001.78,2441.19
Copy of IMG00214.JPG,conductor,1,0.1075,7705.16,2828.47,9146.54,3942.69
Copy of IMG00214.JPG,conductor,1,0.1032,4225.59,501.55,4939.27,772.16
Copy of IMG00214.JPG,conductor,1,0.1024,4279.65,589.94,5189.12,1148.71
Copy of IMG00214.JPG,conductor,1,0.0961,9157.49,2804.35,9504.0,3542.15
Copy of IMG00214.JPG,conductor,1,0.0941,7621.34,851.87,8366.35,1291.83
Copy of IMG00214.JPG,conductor,1,0.0934,4347.28,670.96,5150.19,1043.84
Copy of IMG00214.JPG,conductor,1,0.0878,5993.45,5057.29,6658.18,5586.68
Copy of IMG00214.JPG,conductor,1,0.0864,4178.37,499.66,4680.81,809.9
Copy of IMG00214.JPG,conductor,1,0.086,7305.96,1377.45,8000.22,1850.1
Copy of IMG00214.JPG,conductor,1,0.0784,7697.49,1655.94,8752.26,2275.43
Copy of IMG00214.JPG,conductor,1,0.0784,7173.31,1263.32,7796.73,1718.85
Copy of IMG00214.JPG,conductor,1,0.078,9132.38,2625.87,9504.0,3419.39
Copy of IMG00214.JPG,conductor,1,0.0746,4666.47,900.17,5531.76,1364.1
Copy of IMG00214.JPG,conductor,1,0.0719,7420.08,1436.79,8010.33,1869.57
Copy of IMG00214.JPG,conductor,1,0.0692,8315.4,1982.22,9332.72,2725.68
Copy of IMG00214.JPG,conductor,1,0.0685,4809.32,998.81,5698.49,1506.28
Copy of IMG00214.JPG,conductor,1,0.0676,8583.77,2135.63,9504.0,3140.71
Copy of IMG00214.JPG,conductor,1,0.0647,5699.58,405.01,6347.57,815.87
Copy of IMG00214.JPG,conductor,1,0.0632,1988.8,422.22,2382.69,590.72
Copy of IMG00214.JPG,conductor,1,0.063,8766.76,2203.52,9501.63,2777.74
Copy of IMG00214.JPG,conductor,1,0.0625,9044.67,2247.32,9504.0,2809.64
Copy of IMG00214.JPG,conductor,1,0.062,4101.7,470.79,4546.39,761.0
Copy of IMG00214.JPG,conductor,1,0.0606,4180.03,544.42,4728.75,856.96
Copy of IMG00214.JPG,conductor,1,0.0604,5721.66,1610.12,6362.05,2066.73
Copy of IMG00214.JPG,conductor,1,0.06,5730.84,5580.83,6231.65,6269.59
Copy of IMG00214.JPG,conductor,1,0.0581,1260.34,826.31,1782.81,1037.51
Copy of IMG00214.JPG,conductor,1,0.057,4555.86,5746.97,5080.82,6297.23
Copy of IMG00214.JPG,conductor,1,0.0548,5983.7,5166.93,6588.91,5706.94
Copy of IMG00214.JPG,conductor,1,0.0541,6874.05,3548.96,7991.02,4606.7
Copy of IMG00214.JPG,conductor,1,0.0539,5661.48,1442.52,6319.1,2004.2
Copy of IMG00214.JPG,conductor,1,0.0537,5508.28,5143.65,6048.84,5590.07
Copy of IMG00214.JPG,conductor,1,0.0536,4004.36,383.36,4429.45,653.07
Copy of IMG00214.JPG,conductor,1,0.0524,9131.87,3789.08,9503.25,4621.76
Copy of IMG00214.JPG,conductor,1,0.0523,6002.24,4861.94,6699.42,5534.9
Copy of IMG00214.JPG,conductor,1,0.0523,8542.07,2061.0,9350.82,2602.7
Copy of IMG00214.JPG,conductor,1,0.0518,5139.03,5441.64,5691.71,6047.15
Copy of IMG00214.JPG,conductor,1,0.0511,8668.44,2143.41,9468.93,2706.88
Copy of IMG00214.JPG,conductor,1,0.0509,4599.74,5567.04,5169.15,6281.58
Copy of IMG00214.JPG,conductor,1,0.0507,5679.64,1557.52,6254.53,2002.61
Copy of IMG00165.JPG,pylon,0,0.7727,5153.66,4618.43,5701.57,6312.23
Copy of IMG00165.JPG,insulator,2,0.5326,5344.29,3221.91,5682.76,3460.88
Copy of IMG00165.JPG,insulator,2,0.4286,4743.04,3067.55,5013.44,3300.89
Copy of IMG00165.JPG,insulator,2,0.3428,5966.71,3342.1,6276.81,3590.35
Copy of IMG00165.JPG,conductor,1,0.1683,2992.85,3942.76,4847.33,6197.55
Copy of IMG00165.JPG,conductor,1,0.1062,4910.59,2389.54,5553.88,2787.32
Copy of IMG00165.JPG,insulator,2,0.0769,5498.68,2426.4,5974.8,2849.67
Copy of IMG00476.JPG,insulator,2,0.8918,2010.41,3364.48,2447.33,3810.5
Copy of IMG00476.JPG,pylon,0,0.8281,3274.15,3981.42,3694.57,6279.85
Copy of IMG00476.JPG,insulator,2,0.8166,3339.38,3545.65,3655.55,3935.99
Copy of IMG00476.JPG,conductor,1,0.7807,7175.75,112.98,7985.33,1007.63
Copy of IMG00476.JPG,insulator,2,0.7251,4556.78,4171.5,4964.94,4590.5
Copy of IMG00476.JPG,conductor,1,0.7166,3729.62,5154.58,4482.89,6150.22
Copy of IMG00476.JPG,conductor,1,0.7107,1274.21,3935.26,2122.98,4813.01
Copy of IMG00476.JPG,conductor,1,0.6399,4525.6,345.95,5248.29,1128.47
Copy of IMG00476.JPG,conductor,1,0.6254,4048.47,2177.72,4861.76,3254.04
Copy of IMG00476.JPG,conductor,1,0.5862,5720.17,203.39,6434.41,1070.3
Copy of IMG00476.JPG,conductor,1,0.5815,440.42,5329.54,1127.95,6006.29
Copy of IMG00476.JPG,conductor,1,0.4728,1928.47,4540.87,3041.4,6071.01
Copy of IMG00476.JPG,conductor,1,0.4308,4033.88,973.42,4742.02,1715.67
Copy of IMG00476.JPG,conductor,1,0.4045,4157.21,4707.69,4731.5,5416.14
Copy of IMG00476.JPG,conductor,1,0.337,1895.91,5118.56,2765.07,6157.76
Copy of IMG00476.JPG,conductor,1,0.3338,5038.61,18.44,5590.53,570.11
Copy of IMG00476.JPG,conductor,1,0.2838,2013.87,4488.62,3104.96,5704.96
Copy of IMG00476.JPG,conductor,1,0.2726,3941.86,1171.87,4520.67,1740.45
Copy of IMG00476.JPG,conductor,1,0.2724,942.11,4678.04,1667.93,5247.0
Copy of IMG00476.JPG,conductor,1,0.2621,393.01,5429.02,1104.53,6110.0
Copy of IMG00476.JPG,conductor,1,0.2579,6856.18,852.63,7381.15,1401.51
Copy of IMG00476.JPG,conductor,1,0.2475,5273.51,840.88,5919.24,1546.13
Copy of IMG00476.JPG,conductor,1,0.2275,5190.14,984.36,5713.76,1608.72
Copy of IMG00476.JPG,conductor,1,0.208,6152.95,0.61,6686.12,469.64
Copy of IMG00476.JPG,conductor,1,0.1911,3943.41,1320.57,4383.39,1743.41
Copy of IMG00476.JPG,conductor,1,0.1862,5172.09,1045.93,5629.86,1654.01
Copy of IMG00476.JPG,conductor,1,0.1705,2383.08,4450.14,3168.78,5407.19
Copy of IMG00476.JPG,conductor,1,0.1688,5821.91,145.46,6494.75,908.94
Copy of IMG00476.JPG,conductor,1,0.1607,4015.43,1089.06,4614.13,1700.81
Copy of IMG00476.JPG,conductor,1,0.1545,5620.06,310.85,6277.32,1129.68
Copy of IMG00476.JPG,conductor,1,0.1525,3667.58,5260.69,4379.61,6180.86
Copy of IMG00476.JPG,conductor,1,0.1187,6812.96,908.23,7304.31,1427.54
Copy of IMG00476.JPG,conductor,1,0.1166,5221.13,924.63,5819.42,1570.19
Copy of IMG00476.JPG,conductor,1,0.1155,5975.13,12.09,6652.97,730.44
Copy of IMG00476.JPG,conductor,1,0.1154,5102.69,0.0,5596.86,458.25
Copy of IMG00476.JPG,conductor,1,0.1151,993.55,3982.59,2110.81,5181.03
Copy of IMG00476.JPG,conductor,1,0.1132,4184.54,2053.75,4907.43,3153.25
Copy of IMG00476.JPG,conductor,1,0.11,7309.86,90.92,8005.74,847.09
Copy of IMG00476.JPG,conductor,1,0.11,400.27,5678.38,871.77,6114.13
Copy of IMG00476.JPG,conductor,1,0.1097,1866.24,5709.52,2371.45,6244.63
Copy of IMG00476.JPG,conductor,1,0.1086,417.88,5564.74,1024.38,6076.45
Copy of IMG00476.JPG,conductor,1,0.1018,7069.77,376.31,7687.9,1153.62
Copy of IMG00476.JPG,conductor,1,0.1013,2530.2,4368.24,3194.13,5181.44
Copy of IMG00476.JPG,conductor,1,0.0979,2767.92,4260.17,3249.17,4922.22
Copy of IMG00476.JPG,conductor,1,0.0973,968.1,4549.95,1817.94,5194.11
Copy of IMG00476.JPG,conductor,1,0.0973,5266.36,2174.67,6258.07,3659.0
Copy of IMG00476.JPG,conductor,1,0.0954,7110.83,266.93,7826.25,1095.38
Copy of IMG00476.JPG,conductor,1,0.0931,6931.5,696.87,7529.11,1336.23
Copy of IMG00476.JPG,conductor,1,0.093,4804.38,135.78,5459.91,751.25
Copy of IMG00476.JPG,conductor,1,0.0923,4440.87,492.54,5053.99,1161.73
Copy of IMG00476.JPG,conductor,1,0.0907,344.46,5825.65,717.37,6267.5
Copy of IMG00476.JPG,conductor,1,0.0882,2673.31,4314.1,3235.33,5004.07
Copy of IMG00476.JPG,conductor,1,0.0877,4913.74,58.05,5535.49,656.39
Copy of IMG00476.JPG,conductor,1,0.0873,540.65,5262.66,1127.04,5780.89
Copy of IMG00476.JPG,conductor,1,0.0866,4444.8,401.05,5179.76,1211.09
Copy of IMG00476.JPG,conductor,1,0.0861,5891.31,89.97,6572.19,803.31
Copy of IMG00476.JPG,conductor,1,0.0847,3748.32,4946.41,4611.78,6085.52
Copy of IMG00476.JPG,conductor,1,0.0847,5390.41,704.61,6062.86,1470.67
Copy of IMG00476.JPG,conductor,1,0.0834,371.26,5751.5,754.4,6241.48
Copy of IMG00476.JPG,conductor,1,0.0823,1884.76,5530.9,2496.75,6158.56
Copy of IMG00476.JPG,conductor,1,0.0817,3983.03,2733.02,4566.35,3290.78
Copy of IMG00476.JPG,conductor,1,0.08,7031.7,551.53,7604.89,1215.25
Copy of IMG00476.JPG,conductor,1,0.0796,5546.85,328.09,6301.72,1325.87
Copy of IMG00476.JPG,conductor,1,0.0778,5162.47,2392.63,6058.29,3838.18
Copy of IMG00476.JPG,conductor,1,0.0777,935.41,4780.21,1559.73,5255.14
Copy of IMG00476.JPG,conductor,1,0.0764,6380.93,1552.5,6977.17,2179.7
Copy of IMG00476.JPG,conductor,1,0.0753,3963.55,2563.69,4712.0,3322.55
Copy of IMG00476.JPG,conductor,1,0.075,4794.83,170.07,5404.75,966.16
Copy of IMG00476.JPG,conductor,1,0.074,5146.57,1186.01,5503.15,1755.59
Copy of IMG00476.JPG,conductor,1,0.0721,4611.5,255.84,5311.24,962.56
Copy of IMG00476.JPG,conductor,1,0.0713,5120.64,1114.88,5559.05,1709.49
Copy of IMG00476.JPG,conductor,1,0.0705,3906.86,2906.18,4481.96,3349.61
Copy of IMG00476.JPG,conductor,1,0.0685,875.01,4833.68,1452.34,5392.36
Copy of IMG00476.JPG,conductor,1,0.0684,677.77,5164.76,1186.94,5546.87
Copy of IMG00476.JPG,conductor,1,0.0664,1906.01,5408.9,2619.44,6159.71
Copy of IMG00476.JPG,conductor,1,0.0659,587.61,5195.36,1140.36,5591.35
Copy of IMG00476.JPG,conductor,1,0.065,6475.32,1530.16,7002.34,2052.39
Copy of IMG00476.JPG,conductor,1,0.0633,3638.42,5549.24,4241.31,6223.0
Copy of IMG00476.JPG,conductor,1,0.0621,5509.93,525.0,6154.66,1323.62
Copy of IMG00476.JPG,conductor,1,0.0617,539.39,5464.18,1113.73,5933.16
Copy of IMG00476.JPG,conductor,1,0.0606,4377.25,551.67,5015.8,1256.54
Copy of IMG00476.JPG,conductor,1,0.0577,4647.97,1827.86,5158.69,2502.07
Copy of IMG00476.JPG,conductor,1,0.0573,4027.88,2365.29,4697.77,3224.54
Copy of IMG00476.JPG,conductor,1,0.0572,1386.1,3936.03,2157.21,4649.44
Copy of IMG00476.JPG,conductor,1,0.0572,4003.61,4825.98,4673.56,5584.04
Copy of IMG00476.JPG,conductor,1,0.0571,4117.64,893.7,4851.03,1536.03
Copy of IMG00476.JPG,conductor,1,0.056,4945.24,1556.27,5458.79,2037.36
Copy of IMG00476.JPG,conductor,1,0.0557,4846.99,1634.3,5359.96,2159.55
Copy of IMG00476.JPG,conductor,1,0.0556,5098.07,2359.76,6307.28,3952.27
Copy of IMG00476.JPG,conductor,1,0.0553,4734.34,1729.54,5254.05,2316.84
Copy of IMG00476.JPG,conductor,1,0.0552,4713.71,231.12,5341.78,866.77
Copy of IMG00476.JPG,conductor,1,0.0546,762.89,5077.61,1236.19,5498.34
Copy of IMG00476.JPG,conductor,1,0.0545,4234.27,4678.53,4753.55,5281.22
Copy of IMG00476.JPG,conductor,1,0.053,3639.92,5670.32,4102.81,6246.41
Copy of IMG00476.JPG,conductor,1,0.0522,5045.39,3176.36,5821.84,4010.21
Copy of IMG00476.JPG,conductor,1,0.0522,1962.86,5180.94,2720.31,6002.64
Copy of IMG00476.JPG,conductor,1,0.0519,5017.14,3351.26,5738.45,4030.12
Copy of IMG00476.JPG,conductor,1,0.0519,5008.35,3546.87,5518.48,4038.66
Copy of IMG00476.JPG,conductor,1,0.0512,6982.1,356.27,7644.14,1347.44
Copy of IMG00476.JPG,conductor,1,0.0502,4323.62,1992.61,4999.65,2919.1
Copy of IMG00518.JPG,pylon,0,0.8952,4285.46,2886.11,5105.06,6288.58
Copy of IMG00518.JPG,insulator,2,0.8743,3840.39,2265.05,4113.85,2570.96
Copy of IMG00518.JPG,insulator,2,0.77,4513.35,1700.47,4866.55,1980.65
Copy of IMG00518.JPG,insulator,2,0.72,5085.7,2537.51,5386.27,2863.4
Copy of IMG00518.JPG,insulator,2,0.6683,4470.48,2397.68,4731.96,2710.33
Copy of IMG00518.JPG,insulator,2,0.3643,2514.85,2219.36,2968.92,2819.45
Copy of IMG00518.JPG,insulator,2,0.2354,5418.2,2690.55,5697.33,2992.7
Copy of IMG00518.JPG,conductor,1,0.1827,4968.96,607.51,5769.95,1489.6
Copy of IMG00518.JPG,conductor,1,0.1378,5568.16,2788.65,9504.0,4573.11
Copy of IMG00518.JPG,insulator,2,0.0894,5046.74,3204.89,5416.78,3637.93
Copy of IMG00518.JPG,insulator,2,0.081,5089.88,2069.19,5297.6,2250.92
Copy of IMG00518.JPG,conductor,1,0.0738,5491.39,3425.18,7694.62,4404.57
Copy of IMG00518.JPG,conductor,1,0.0684,7319.35,5582.64,8796.67,6133.39
Copy of IMG00518.JPG,conductor,1,0.0631,6371.82,6126.62,9504.0,6336.0
Copy of IMG00518.JPG,insulator,2,0.0622,1618.85,2961.8,2128.29,3588.71
Copy of IMG00518.JPG,conductor,1,0.059,7195.56,5837.48,9497.32,6336.0
Copy of IMG00518.JPG,conductor,1,0.0568,6873.86,6021.1,9492.45,6336.0
Copy of IMG00518.JPG,conductor,1,0.0552,1062.2,3658.61,2028.52,4492.93
Copy of IMG00518.JPG,insulator,2,0.0502,4518.85,1689.25,4911.82,2054.27
Copy of IMG00079.JPG,insulator,2,0.6838,2994.57,5231.06,3446.48,5591.16
Copy of IMG00079.JPG,insulator,2,0.6514,3628.91,5337.21,4026.38,5701.57
Copy of IMG00079.JPG,insulator,2,0.5612,3668.57,4899.13,4077.2,5252.34
Copy of IMG00079.JPG,insulator,2,0.4717,4970.23,5362.71,5456.25,5784.25
Copy of IMG00079.JPG,insulator,2,0.2631,3462.64,5771.73,4012.5,6208.69
Copy of IMG00079.JPG,conductor,1,0.2392,7992.76,5713.96,9503.7,6220.39
Copy of IMG00079.JPG,insulator,2,0.2148,4434.97,4939.83,4864.04,5348.51
Copy of IMG00079.JPG,conductor,1,0.1387,6443.45,5695.18,9504.0,6145.22
Copy of IMG00079.JPG,conductor,1,0.1136,5622.64,5486.69,9207.62,5904.59
Copy of IMG00079.JPG,conductor,1,0.0712,481.97,5164.54,2863.93,5532.95
Copy of IMG00079.JPG,conductor,1,0.0579,5417.95,5662.17,9504.0,6080.82
Copy of IMG00079.JPG,insulator,2,0.0511,4144.13,5321.98,4629.64,5745.54
Copy of IMG03542.JPG,pylon,0,0.7874,3920.78,1829.76,4333.96,4897.36
Copy of IMG03542.JPG,pylon,0,0.5556,3893.03,1841.94,4387.11,6070.25
Copy of IMG03542.JPG,conductor,1,0.5429,0.92,4763.41,780.57,5608.45
Copy of IMG03542.JPG,conductor,1,0.5294,521.11,4004.39,1869.61,4851.95
Copy of IMG03542.JPG,conductor,1,0.5133,1333.66,3344.52,2489.47,4085.15
Copy of IMG03542.JPG,conductor,1,0.4391,0.0,4757.35,836.25,5936.19
Copy of IMG03542.JPG,conductor,1,0.4299,5186.95,739.52,6367.91,1294.7
Copy of IMG03542.JPG,conductor,1,0.3893,2182.46,2726.61,3406.67,3365.31
Copy of IMG03542.JPG,conductor,1,0.1979,5257.85,645.72,6484.04,1253.14
Copy of IMG03542.JPG,conductor,1,0.1866,3038.18,2273.38,3809.17,2770.01
Copy of IMG03542.JPG,conductor,1,0.1607,2243.49,2664.82,3552.71,3249.7
Copy of IMG03542.JPG,conductor,1,0.1473,1177.13,3373.55,2435.23,4210.81
Copy of IMG03542.JPG,conductor,1,0.1396,1471.95,3191.04,2711.49,3928.75
Copy of IMG03542.JPG,conductor,1,0.1295,2048.72,2777.11,3352.16,3511.21
Copy of IMG03542.JPG,conductor,1,0.116,0.0,4927.91,511.99,5708.99
Copy of IMG03542.JPG,conductor,1,0.1072,2316.48,2718.13,3399.47,3177.21
Copy of IMG03542.JPG,conductor,1,0.1061,3.53,777.93,931.54,1374.35
Copy of IMG03542.JPG,conductor,1,0.0995,8622.48,4591.99,9504.0,6322.56
Copy of IMG03542.JPG,conductor,1,0.0993,3132.01,2258.94,3833.63,2617.44
Copy of IMG03542.JPG,conductor,1,0.0986,5213.25,816.54,6164.56,1236.71
Copy of IMG03542.JPG,conductor,1,0.0946,576.08,3873.4,2131.9,4804.6
Copy of IMG03542.JPG,conductor,1,0.0884,0.52,4875.98,611.45,6142.84
Copy of IMG03542.JPG,conductor,1,0.086,503.78,4168.66,1609.18,4879.75
Copy of IMG03542.JPG,conductor,1,0.0821,11.42,4653.13,1033.79,5480.91
Copy of IMG03542.JPG,conductor,1,0.079,2094.07,2908.12,3129.64,3420.56
Copy of IMG03542.JPG,conductor,1,0.0766,1596.51,3056.63,2909.23,3732.22
Copy of IMG03542.JPG,conductor,1,0.0765,2832.29,2319.68,3785.47,2819.27
Copy of IMG03542.JPG,conductor,1,0.0752,6228.25,244.14,7215.22,756.06
Copy of IMG03542.JPG,conductor,1,0.0726,1790.2,2867.54,3169.31,3567.98
Copy of IMG03542.JPG,conductor,1,0.0659,2158.85,2585.75,3572.52,3463.21
Copy of IMG03542.JPG,conductor,1,0.0647,593.15,4106.19,1745.98,4775.32
Copy of IMG03542.JPG,conductor,1,0.0618,629.04,3721.66,2191.66,4496.47
Copy of IMG03542.JPG,conductor,1,0.0589,0.0,5052.96,431.48,5896.89
Copy of IMG03542.JPG,conductor,1,0.0586,6041.63,360.18,6985.55,883.57
Copy of IMG03542.JPG,conductor,1,0.0581,5253.19,754.92,6262.42,1196.97
Copy of IMG03542.JPG,conductor,1,0.0571,505.64,4313.36,1515.24,4920.73
Copy of IMG03542.JPG,conductor,1,0.056,1294.6,3502.43,2386.68,4096.83
Copy of IMG03542.JPG,insulator,2,0.0557,9326.66,3272.78,9502.37,3594.75
Copy of IMG03542.JPG,conductor,1,0.0556,2012.99,2949.91,3054.72,3499.67
Copy of IMG03542.JPG,conductor,1,0.0545,600.98,3903.14,1937.94,4661.38
Copy of IMG03542.JPG,conductor,1,0.0543,2256.48,2527.29,3625.68,3134.8
Copy of IMG03542.JPG,conductor,1,0.0539,2189.67,2795.07,3252.87,3309.44
Copy of IMG03542.JPG,conductor,1,0.0515,5375.13,679.98,6392.41,1151.37
Copy of IMG00156.JPG,conductor,1,0.5916,1056.49,5015.62,2079.81,6279.15
Copy of IMG00156.JPG,insulator,2,0.2032,3557.13,804.04,3920.73,1262.77
Copy of IMG00156.JPG,conductor,1,0.1626,5.96,3385.83,1534.53,6255.72
Copy of IMG00156.JPG,conductor,1,0.0847,401.59,2386.23,3734.76,5738.09
Copy of IMG03550.JPG,pylon,0,0.8539,5039.54,4092.84,5519.12,6292.28
Copy of IMG03550.JPG,conductor,1,0.8025,7856.28,4519.8,9079.32,5087.55
Copy of IMG03550.JPG,insulator,2,0.6543,5067.42,3525.59,5312.44,3816.5
Copy of IMG03550.JPG,conductor,1,0.5919,6828.38,4002.33,8012.82,4636.54
Copy of IMG03550.JPG,conductor,1,0.5559,8482.17,5400.33,9359.82,5948.34
Copy of IMG03550.JPG,insulator,2,0.4216,5086.22,3106.92,5318.62,3373.06
Copy of IMG03550.JPG,conductor,1,0.4199,8606.56,4964.01,9503.55,5514.49
Copy of IMG03550.JPG,conductor,1,0.3527,6947.67,4625.08,7848.69,5198.8
Copy of IMG03550.JPG,conductor,1,0.3435,6295.62,3713.05,7493.92,4275.19
Copy of IMG03550.JPG,conductor,1,0.2748,7932.05,5097.46,8654.75,5578.42
Copy of IMG03550.JPG,conductor,1,0.263,7750.4,5437.85,8428.51,6160.52
Copy of IMG03550.JPG,conductor,1,0.2618,6336.56,3730.95,7768.38,4355.65
Copy of IMG03550.JPG,conductor,1,0.2557,6420.41,3869.99,7952.89,4594.0
Copy of IMG03550.JPG,insulator,2,0.2476,5077.09,3870.11,5298.04,4131.9
Copy of IMG03550.JPG,conductor,1,0.196,6112.01,4183.41,6980.43,4671.04
Copy of IMG03550.JPG,conductor,1,0.1558,8177.0,3386.6,9422.03,3886.7
Copy of IMG03550.JPG,conductor,1,0.1468,7791.66,4469.08,8912.96,5025.49
Copy of IMG03550.JPG,insulator,2,0.1269,5108.7,3517.02,5349.61,3855.14
Copy of IMG03550.JPG,conductor,1,0.1058,7492.81,4858.95,8223.44,5310.37
Copy of IMG03550.JPG,conductor,1,0.097,7284.31,4793.98,8142.11,5269.97
Copy of IMG03550.JPG,conductor,1,0.0942,6725.42,3947.33,7893.31,4496.73
Copy of IMG03550.JPG,conductor,1,0.0814,8790.63,3404.87,9500.21,3861.59
Copy of IMG03550.JPG,conductor,1,0.08,7125.91,4702.34,8048.13,5238.93
Copy of IMG03550.JPG,insulator,2,0.0792,5121.08,3866.94,5331.24,4135.47
Copy of IMG03550.JPG,conductor,1,0.0786,8480.71,4836.22,9504.0,5432.34
Copy of IMG03550.JPG,conductor,1,0.0771,7782.92,5033.21,8589.73,5505.97
Copy of IMG03550.JPG,conductor,1,0.0764,6872.22,4587.9,7750.59,5111.81
Copy of IMG03550.JPG,conductor,1,0.0703,9150.74,5708.55,9504.0,6254.89
Copy of IMG03550.JPG,conductor,1,0.0699,6395.4,3822.51,7608.36,4305.95
Copy of IMG03550.JPG,conductor,1,0.0641,6949.97,4158.16,8083.85,4675.05
Copy of IMG03550.JPG,conductor,1,0.0622,8544.92,5010.3,9499.75,5806.45
Copy of IMG03550.JPG,conductor,1,0.0612,8972.42,5583.1,9500.02,6184.58
Copy of IMG03550.JPG,pylon_fissure,3,0.0583,5165.07,5399.2,5333.66,6284.34
Copy of IMG03550.JPG,conductor,1,0.0564,7919.81,4595.62,9408.73,5222.55
Copy of IMG03550.JPG,conductor,1,0.0536,9262.81,3849.17,9502.27,4487.69
Copy of IMG03550.JPG,conductor,1,0.0534,6499.98,3854.25,7709.58,4377.33
Copy of IMG03550.JPG,conductor,1,0.0529,8447.37,5411.45,9351.47,6158.81
Copy of IMG03550.JPG,conductor,1,0.0528,8173.69,4724.24,9482.75,5276.94
Copy of IMG03550.JPG,conductor,1,0.0528,8972.54,3410.7,9503.69,3837.28
Copy of IMG03550.JPG,conductor,1,0.052,8591.46,3392.75,9449.36,3847.41
Copy of IMG03550.JPG,conductor,1,0.0509,8848.51,197.61,9501.11,651.09
Copy of IMG00018.JPG,insulator,2,0.7997,4230.66,3925.06,4592.44,4339.54
Copy of IMG00018.JPG,insulator,2,0.7133,5612.13,3375.89,5980.16,3774.08
Copy of IMG00018.JPG,conductor,1,0.7097,4848.54,5092.0,5696.31,6253.69
Copy of IMG00018.JPG,insulator,2,0.2895,3223.53,2382.47,3495.67,2566.62
Copy of IMG00018.JPG,insulator,2,0.2031,5045.42,3368.9,5392.28,3728.42
Copy of IMG00018.JPG,insulator,2,0.2001,3281.95,2322.46,3518.58,2541.31
Copy of IMG00018.JPG,conductor,1,0.1658,5863.34,3856.71,6331.67,4529.74
Copy of IMG00018.JPG,insulator,2,0.1279,2924.21,2271.54,3170.65,2465.04
Copy of IMG00018.JPG,conductor,1,0.1144,3576.77,4514.09,4778.14,6276.47
Copy of IMG00018.JPG,insulator,2,0.1001,3165.99,2409.42,3367.59,2594.52
Copy of IMG00018.JPG,insulator,2,0.0865,3067.29,2275.54,3239.42,2479.83
Copy of IMG00018.JPG,conductor,1,0.0863,5842.94,3868.66,6284.88,4400.78
Copy of IMG00018.JPG,conductor,1,0.082,0.0,3945.56,733.14,5692.21
Copy of IMG00018.JPG,conductor,1,0.0761,5357.62,4155.08,5877.02,4731.28
Copy of IMG00018.JPG,insulator,2,0.0757,3220.71,2318.9,3481.08,2556.24
Copy of IMG00018.JPG,conductor,1,0.0672,3955.96,3230.01,4695.85,3643.48
Copy of IMG00018.JPG,insulator,2,0.0632,3108.83,2449.0,3355.12,2623.97
Copy of IMG00018.JPG,conductor,1,0.0554,3030.65,2547.97,3359.36,2999.47
Copy of IMG00038.JPG,insulator,2,0.8785,3207.19,270.05,3450.68,487.45
Copy of IMG00038.JPG,insulator,2,0.8485,2484.4,298.07,2704.47,578.11
Copy of IMG00038.JPG,conductor,1,0.7114,4855.53,5330.99,5737.56,6278.92
Copy of IMG00038.JPG,conductor,1,0.5885,3397.93,2306.37,4245.94,3424.8
Copy of IMG00038.JPG,pylon,0,0.5445,2821.9,708.75,3197.94,3499.99
Copy of IMG00038.JPG,insulator,2,0.3814,2822.86,0.0,3063.44,171.97
Copy of IMG00038.JPG,conductor,1,0.1675,1777.05,638.49,2441.99,1016.6
Copy of IMG00038.JPG,conductor,1,0.1424,1816.55,637.59,2452.46,917.79
Copy of IMG00038.JPG,conductor,1,0.1217,4362.61,4235.33,4914.17,4781.96
Copy of IMG00038.JPG,insulator,2,0.1112,3227.14,207.24,3499.53,489.36
Copy of IMG00038.JPG,conductor,1,0.1044,6407.16,5804.58,7071.82,6296.4
Copy of IMG00038.JPG,conductor,1,0.0963,1960.19,654.05,2517.83,949.32
Copy of IMG00038.JPG,conductor,1,0.0923,4425.67,2987.95,4799.5,3453.56
Copy of IMG00038.JPG,conductor,1,0.0894,3542.91,820.82,4084.32,1164.51
Copy of IMG00038.JPG,conductor,1,0.0836,3568.26,880.77,4107.67,1230.19
Copy of IMG00038.JPG,conductor,1,0.0689,1810.55,772.53,2362.0,1050.23
Copy of IMG00038.JPG,conductor,1,0.0679,5173.89,4351.57,6169.2,5133.79
Copy of IMG00038.JPG,conductor,1,0.059,3474.88,689.0,3903.91,999.65
Copy of IMG00038.JPG,conductor,1,0.0572,2136.15,674.89,2554.89,933.78
Copy of IMG00038.JPG,conductor,1,0.0534,1760.68,692.62,2343.24,957.31
Copy of IMG00038.JPG,conductor,1,0.053,3463.4,657.27,3833.59,924.91
Copy of IMG00038.JPG,conductor,1,0.0529,4435.34,2915.19,4789.29,3363.25
Copy of IMG00038.JPG,conductor,1,0.0527,5453.11,4196.8,6075.64,4691.5
Copy of IMG00038.JPG,conductor,1,0.0518,3511.73,776.08,4126.99,1212.48
Copy of IMG00509.JPG,insulator,2,0.4533,917.77,2602.8,1214.33,2853.18
Copy of IMG00509.JPG,conductor,1,0.3453,4387.05,2513.01,4863.42,5931.22
Copy of IMG00509.JPG,conductor,1,0.237,5479.91,737.96,5792.13,2184.31
Copy of IMG00509.JPG,insulator,2,0.2368,4803.67,2142.11,5039.13,2362.73
Copy of IMG00509.JPG,insulator,2,0.1885,4301.68,2413.38,4537.02,2590.98
Copy of IMG00509.JPG,pylon,0,0.1714,4339.92,2521.9,4871.91,5839.34
Copy of IMG00509.JPG,insulator,2,0.1678,4222.49,2098.29,4417.04,2290.89
Copy of IMG00509.JPG,insulator,2,0.1345,4505.92,2108.61,4722.24,2344.51
Copy of IMG00509.JPG,insulator,2,0.0517,867.67,2594.9,1171.57,2893.46
Copy of IMG00530.JPG,insulator,2,0.7557,6264.29,136.51,6676.87,626.41
Copy of IMG00530.JPG,insulator,2,0.7066,3740.09,1003.08,4185.23,1425.0
Copy of IMG00530.JPG,insulator,2,0.4816,4865.08,829.02,5103.05,1129.19
Copy of IMG00530.JPG,conductor,1,0.2523,2844.92,511.62,3803.46,973.41
Copy of IMG00530.JPG,conductor,1,0.1571,7841.52,2015.35,8679.95,2322.82
Copy of IMG00530.JPG,conductor,1,0.1468,6993.3,2193.16,7734.48,2865.17
Copy of IMG00530.JPG,conductor,1,0.131,8856.56,2235.45,9497.18,2563.85
Copy of IMG00530.JPG,insulator,2,0.1278,5092.35,563.12,5420.68,981.25
Copy of IMG00530.JPG,conductor,1,0.1139,7218.69,1785.22,7905.63,2079.51
Copy of IMG00530.JPG,conductor,1,0.1013,5431.39,5518.13,5934.76,6198.26
Copy of IMG00530.JPG,conductor,1,0.0982,7004.15,2231.37,7809.04,3029.07
Copy of IMG00530.JPG,conductor,1,0.0944,9008.24,2234.82,9501.61,2425.77
Copy of IMG00530.JPG,conductor,1,0.0924,5422.99,1269.64,6402.14,1772.13
Copy of IMG00530.JPG,conductor,1,0.0882,6991.72,2199.8,7599.96,2734.28
Copy of IMG00530.JPG,conductor,1,0.0826,5356.75,5400.5,5962.63,6222.66
Copy of IMG00530.JPG,conductor,1,0.0811,7267.17,1884.39,7826.4,2103.64
Copy of IMG00530.JPG,conductor,1,0.0808,2198.07,264.57,3398.37,625.2
Copy of IMG00530.JPG,conductor,1,0.0793,9006.83,2294.72,9501.54,2504.46
Copy of IMG00530.JPG,conductor,1,0.0767,8042.8,2123.01,8543.77,2344.29
Copy of IMG00530.JPG,conductor,1,0.0695,7939.91,2047.79,8564.17,2276.07
Copy of IMG00530.JPG,conductor,1,0.0679,7855.15,2101.41,8433.56,2334.16
Copy of IMG00530.JPG,conductor,1,0.066,7247.6,1830.11,7868.98,2055.12
Copy of IMG00530.JPG,conductor,1,0.0631,9104.11,2262.21,9503.38,2481.06
Copy of IMG00530.JPG,insulator,2,0.0621,4603.72,1114.73,4853.32,1347.95
Copy of IMG00530.JPG,conductor,1,0.0619,6905.46,1921.2,7254.52,2175.93
Copy of IMG00530.JPG,conductor,1,0.0599,0.0,993.42,593.1,1393.88
Copy of IMG00530.JPG,conductor,1,0.0583,6890.64,1949.52,7296.07,2254.38
Copy of IMG00530.JPG,conductor,1,0.0531,6697.12,1875.91,7246.54,2137.2
Copy of IMG00530.JPG,conductor,1,0.0526,7064.22,2557.29,7982.02,3387.77
Copy of IMG00530.JPG,conductor,1,0.0524,7024.85,2318.03,7942.23,3237.57
Copy of IMG00530.JPG,conductor,1,0.0504,8863.2,2380.62,9443.76,2608.1
Copy of IMG00455.JPG,conductor,1,0.8119,4364.97,3773.04,5404.18,5034.42
Copy of IMG00455.JPG,conductor,1,0.7637,3755.95,3313.08,4351.14,5937.19
Copy of IMG00455.JPG,insulator,2,0.6921,3634.65,2891.11,3896.0,3205.79
Copy of IMG00455.JPG,insulator,2,0.611,4094.1,2696.66,4324.64,3000.35
Copy of IMG00455.JPG,insulator,2,0.5322,4520.02,2776.04,4787.44,3100.32
Copy of IMG00455.JPG,conductor,1,0.4853,5571.94,5361.36,6313.42,6150.39
Copy of IMG00455.JPG,conductor,1,0.4596,0.0,3140.56,3142.81,5682.23
Copy of IMG00455.JPG,insulator,2,0.2322,4077.37,2657.87,4331.31,2945.68
Copy of IMG00455.JPG,conductor,1,0.2217,2193.75,5088.14,3232.96,6078.45
Copy of IMG00455.JPG,conductor,1,0.2216,5716.28,5454.98,6389.06,6159.27
Copy of IMG00455.JPG,conductor,1,0.2133,6430.64,5364.57,7276.36,6131.43
Copy of IMG00455.JPG,conductor,1,0.1153,3991.87,3312.34,4342.52,5972.76
Copy of IMG00455.JPG,conductor,1,0.1014,5502.17,5246.96,6252.23,6029.91
Copy of IMG00455.JPG,conductor,1,0.0906,6426.15,5453.52,7142.86,6091.77
Copy of IMG00455.JPG,conductor,1,0.0873,13.33,2442.38,2581.68,3604.95
Copy of IMG00455.JPG,conductor,1,0.0856,8102.36,5485.19,9081.64,6063.16
Copy of IMG00455.JPG,conductor,1,0.0724,5271.49,4942.88,6055.25,5746.22
Copy of IMG00455.JPG,conductor,1,0.0677,5364.68,5068.39,6140.16,5960.41
Copy of IMG00455.JPG,conductor,1,0.0672,5824.83,5617.96,6468.56,6231.64
Copy of IMG00455.JPG,conductor,1,0.0624,6888.68,5529.92,7644.85,6181.63
Copy of IMG00455.JPG,conductor,1,0.0558,0.0,3064.08,3177.24,4952.58
Copy of IMG00455.JPG,conductor,1,0.0554,6284.55,5020.22,7259.98,5846.17
Copy of IMG00455.JPG,conductor,1,0.054,6537.37,5567.01,7276.98,6232.51
Copy of IMG00460.JPG,insulator,2,0.8512,5936.81,4431.33,6405.54,4884.65
Copy of IMG00460.JPG,insulator,2,0.7824,3877.03,3243.91,4340.73,3763.44
Copy of IMG00460.JPG,insulator,2,0.7779,4971.96,3680.97,5344.84,4176.37
Copy of IMG00460.JPG,conductor,1,0.7274,5155.07,5003.87,5921.99,6238.66
Copy of IMG00460.JPG,conductor,1,0.6318,2250.07,5190.44,3095.26,6176.42
Copy of IMG00460.JPG,conductor,1,0.5109,3549.65,5086.8,4458.67,6275.57
Copy of IMG00460.JPG,conductor,1,0.4923,3583.84,4615.88,4890.49,6227.05
Copy of IMG00460.JPG,conductor,1,0.4803,3574.82,4767.43,4609.7,6249.17
Copy of IMG00460.JPG,conductor,1,0.4543,3444.04,3863.93,4032.93,4508.58
Copy of IMG00460.JPG,conductor,1,0.3669,5415.99,2530.32,6267.2,3548.86
Copy of IMG00460.JPG,conductor,1,0.3619,6848.86,761.06,7566.52,1533.15
Copy of IMG00460.JPG,conductor,1,0.3605,6138.86,1625.7,6889.32,2581.73
Copy of IMG00460.JPG,conductor,1,0.3434,3756.7,4545.1,4918.96,5579.23
Copy of IMG00460.JPG,conductor,1,0.3247,1219.51,5113.62,1866.96,5960.63
Copy of IMG00460.JPG,conductor,1,0.2894,6402.87,3088.89,7325.01,4025.58
Copy of IMG00460.JPG,conductor,1,0.2345,3614.32,4635.52,4821.05,5819.65
Copy of IMG00460.JPG,conductor,1,0.2333,4499.9,2071.09,5359.87,2960.82
Copy of IMG00460.JPG,conductor,1,0.2225,7747.15,1121.34,8649.95,1956.12
Copy of IMG00460.JPG,conductor,1,0.2158,7817.25,975.4,8773.29,1900.55
Copy of IMG00460.JPG,conductor,1,0.1889,2225.51,4470.47,3396.14,6083.54
Copy of IMG00460.JPG,conductor,1,0.186,2280.08,4991.09,3225.44,5981.94
Copy of IMG00460.JPG,conductor,1,0.1832,2827.35,4332.05,3696.64,5192.21
Copy of IMG00460.JPG,conductor,1,0.1657,6269.5,1443.2,7011.59,2385.78
Copy of IMG00460.JPG,conductor,1,0.1589,7177.28,1883.29,8093.74,2710.51
Copy of IMG00460.JPG,conductor,1,0.1462,4162.91,4479.42,4962.84,5331.46
Copy of IMG00460.JPG,conductor,1,0.1376,3509.93,3860.39,4055.9,4389.87
Copy of IMG00460.JPG,conductor,1,0.1362,6904.91,1956.02,7983.5,3307.14
Copy of IMG00460.JPG,conductor,1,0.1335,6873.03,2110.23,7799.44,3352.66
Copy of IMG00460.JPG,conductor,1,0.1305,6018.89,270.2,6690.56,1103.75
Copy of IMG00460.JPG,conductor,1,0.1207,2705.18,4376.4,3627.36,5319.45
Copy of IMG00460.JPG,conductor,1,0.1135,5486.17,4899.04,6007.66,5646.19
Copy of IMG00460.JPG,conductor,1,0.1083,5378.52,2976.12,6162.46,3620.46
Copy of IMG00460.JPG,conductor,1,0.1069,2326.65,4598.21,3376.22,5675.88
Copy of IMG00460.JPG,conductor,1,0.0986,2279.69,4771.89,3310.13,5890.2
Copy of IMG00460.JPG,conductor,1,0.0979,2540.89,4470.53,3554.72,5499.34
Copy of IMG00460.JPG,conductor,1,0.0974,7649.3,1321.54,8488.63,2030.84
Copy of IMG00460.JPG,conductor,1,0.097,4443.95,2227.07,5289.34,3047.72
Copy of IMG00460.JPG,conductor,1,0.0903,7328.59,275.15,7934.81,868.44
Copy of IMG00460.JPG,conductor,1,0.0881,5991.09,1755.82,6764.84,2784.13
Copy of IMG00460.JPG,conductor,1,0.0871,4473.27,4314.79,5032.82,5030.53
Copy of IMG00460.JPG,conductor,1,0.0832,2189.88,5333.93,2995.76,6267.52
Copy of IMG00460.JPG,conductor,1,0.0824,6845.44,2406.32,7743.93,3372.01
Copy of IMG00460.JPG,conductor,1,0.0801,3509.44,5375.8,4413.52,6279.45
Copy of IMG00460.JPG,conductor,1,0.0777,4620.23,1831.04,5488.29,2901.5
Copy of IMG00460.JPG,conductor,1,0.0769,3260.75,3995.93,3935.21,4750.6
Copy of IMG00460.JPG,conductor,1,0.0746,3314.03,3905.26,4011.9,4687.32
Copy of IMG00460.JPG,conductor,1,0.0728,5400.18,4926.83,6006.68,5807.9
Copy of IMG00460.JPG,conductor,1,0.0684,6773.29,1990.43,7940.14,3646.5
Copy of IMG00460.JPG,conductor,1,0.0658,6979.9,1898.74,8033.69,3052.58
Copy of IMG00460.JPG,conductor,1,0.0642,3098.75,4157.98,3789.43,4975.97
Copy of IMG00460.JPG,conductor,1,0.0621,6419.93,1333.66,7102.67,2140.55
Copy of IMG00460.JPG,conductor,1,0.0617,6899.53,718.21,7560.04,1372.82
Copy of IMG00460.JPG,conductor,1,0.0617,7358.02,1714.69,8218.51,2558.22
Copy of IMG00460.JPG,conductor,1,0.0598,6097.12,224.57,6729.05,946.37
Copy of IMG00460.JPG,conductor,1,0.0588,4294.18,4402.67,4991.2,5197.78
Copy of IMG00460.JPG,conductor,1,0.0579,3217.24,4110.98,3851.28,4837.52
Copy of IMG00460.JPG,conductor,1,0.0569,627.81,5185.34,1335.11,5983.62
Copy of IMG00460.JPG,conductor,1,0.0566,7371.55,189.1,7970.61,763.93
Copy of IMG00460.JPG,conductor,1,0.0563,3619.32,5243.83,4367.4,6229.03
Copy of IMG00460.JPG,conductor,1,0.056,7563.24,1466.01,8399.95,2162.33
Copy of IMG00460.JPG,conductor,1,0.0542,6493.38,3168.87,7266.15,3944.8
Copy of IMG00460.JPG,conductor,1,0.053,6704.68,869.01,7487.28,1704.67
Copy of IMG00460.JPG,conductor,1,0.0529,5186.86,5120.75,5829.12,6128.12
Copy of IMG00460.JPG,conductor,1,0.0529,5368.0,3142.21,6132.29,3655.67
Copy of IMG00460.JPG,conductor,1,0.0526,2954.91,4270.05,3732.27,5067.2
Copy of IMG00460.JPG,conductor,1,0.0517,4022.22,4523.32,4948.65,5484.8
Copy of IMG03529.JPG,insulator,2,0.8,3506.33,1590.27,3774.77,1902.56
Copy of IMG03529.JPG,insulator,2,0.5502,3504.01,1972.71,3801.14,2301.84
Copy of IMG03529.JPG,conductor,1,0.4897,2158.64,788.89,3259.79,1343.52
Copy of IMG03529.JPG,pylon,0,0.4824,3720.37,2656.22,4155.04,4169.59
Copy of IMG03529.JPG,conductor,1,0.4415,5690.23,3448.73,6930.35,4153.69
Copy of IMG03529.JPG,conductor,1,0.4288,6826.96,4407.0,8177.31,5098.15
Copy of IMG03529.JPG,conductor,1,0.4127,5508.7,4199.66,6418.87,4947.08
Copy of IMG03529.JPG,conductor,1,0.4039,8292.29,5602.1,9485.31,6286.39
Copy of IMG03529.JPG,conductor,1,0.4008,1140.66,2886.29,2682.23,3435.84
Copy of IMG03529.JPG,conductor,1,0.3238,5386.89,3392.64,6766.64,3996.48
Copy of IMG03529.JPG,conductor,1,0.3183,5816.54,4434.62,6637.55,5161.62
Copy of IMG03529.JPG,insulator,2,0.3011,6884.77,27.46,7255.83,370.78
Copy of IMG03529.JPG,insulator,2,0.262,3995.05,2665.2,4319.45,2926.43
Copy of IMG03529.JPG,conductor,1,0.2453,1305.95,265.31,2397.29,873.01
Copy of IMG03529.JPG,conductor,1,0.2398,6853.33,5211.58,7748.51,6261.58
Copy of IMG03529.JPG,conductor,1,0.2392,5648.63,4353.15,6564.94,5125.83
Copy of IMG03529.JPG,conductor,1,0.2058,5435.07,4120.76,6301.82,4757.67
Copy of IMG03529.JPG,insulator,2,0.1952,3529.33,2336.61,3820.31,2623.63
Copy of IMG03529.JPG,conductor,1,0.1929,4388.36,2339.92,5274.9,2858.87
Copy of IMG03529.JPG,conductor,1,0.1786,8179.04,5386.01,9487.14,6242.45
Copy of IMG03529.JPG,conductor,1,0.164,0.34,2529.56,1399.4,3063.66
Copy of IMG03529.JPG,conductor,1,0.1543,5006.21,2914.2,6142.03,3514.69
Copy of IMG03529.JPG,conductor,1,0.1535,4383.75,2272.63,5223.3,2733.41
Copy of IMG03529.JPG,conductor,1,0.1443,989.61,2325.51,2549.94,2832.67
Copy of IMG03529.JPG,conductor,1,0.1439,0.0,2776.75,1512.76,3331.57
Copy of IMG03529.JPG,conductor,1,0.1438,6881.94,4480.25,8560.31,5218.88
Copy of IMG03529.JPG,conductor,1,0.1422,7338.73,4949.41,8962.36,5585.18
Copy of IMG03529.JPG,conductor,1,0.1366,1325.74,2987.94,2739.11,3416.37
Copy of IMG03529.JPG,conductor,1,0.1315,6690.09,4160.8,7955.77,4834.32
Copy of IMG03529.JPG,conductor,1,0.1263,5260.37,3233.41,6702.13,3932.8
Copy of IMG03529.JPG,conductor,1,0.1255,4805.65,3526.55,5783.52,4346.96
Copy of IMG03529.JPG,conductor,1,0.1253,0.0,2947.85,1595.51,3472.52
Copy of IMG03529.JPG,conductor,1,0.1227,5796.57,3595.1,7056.4,4261.42
Copy of IMG03529.JPG,conductor,1,0.1211,6923.97,4655.86,8619.99,5335.49
Copy of IMG03529.JPG,conductor,1,0.1167,6738.12,4216.19,8079.07,4990.76
Copy of IMG03529.JPG,conductor,1,0.0955,0.0,3478.3,1816.45,4190.9
Copy of IMG03529.JPG,conductor,1,0.0923,1492.95,378.3,2516.31,899.67
Copy of IMG03529.JPG,conductor,1,0.0884,4671.69,2511.2,5464.87,3061.6
Copy of IMG03529.JPG,conductor,1,0.0868,4905.82,2772.11,5918.25,3370.13
Copy of IMG03529.JPG,conductor,1,0.0856,7038.42,4805.79,8858.81,5487.2
Copy of IMG03529.JPG,conductor,1,0.0822,1046.15,2261.75,2633.02,2732.39
Copy of IMG03529.JPG,insulator,2,0.0812,3467.08,2328.24,3796.59,2670.32
Copy of IMG03529.JPG,insulator,2,0.0759,3388.26,2371.86,3685.56,2718.05
Copy of IMG03529.JPG,conductor,1,0.0751,4747.88,3433.47,5595.03,4122.67
Copy of IMG03529.JPG,conductor,1,0.0733,5913.38,3691.48,7108.86,4371.4
Copy of IMG03529.JPG,conductor,1,0.0719,5114.3,3788.58,5975.46,4575.79
Copy of IMG03529.JPG,conductor,1,0.0716,4527.17,2481.55,5381.93,2976.36
Copy of IMG03529.JPG,conductor,1,0.0683,6582.78,4104.54,7731.74,4733.84
Copy of IMG03529.JPG,conductor,1,0.0668,7588.9,5641.67,8267.41,6282.31
Copy of IMG03529.JPG,conductor,1,0.0656,5141.7,3082.84,6509.1,3764.02
Copy of IMG03529.JPG,conductor,1,0.0647,5317.51,4037.74,6191.12,4690.39
Copy of IMG03529.JPG,conductor,1,0.0634,980.93,2550.5,2474.46,2962.18
Copy of IMG03529.JPG,conductor,1,0.0611,1179.8,2844.09,2628.98,3303.48
Copy of IMG03529.JPG,conductor,1,0.0601,2302.77,864.44,3300.32,1370.59
Copy of IMG03529.JPG,conductor,1,0.0598,8147.49,5920.12,8605.38,6282.89
Copy of IMG03529.JPG,conductor,1,0.0587,6164.57,3860.64,7455.08,4427.6
Copy of IMG03529.JPG,conductor,1,0.0581,1352.97,3388.07,3312.28,4164.42
Copy of IMG03529.JPG,conductor,1,0.0578,4283.81,2279.09,5074.68,2701.59
Copy of IMG03529.JPG,conductor,1,0.0558,4707.88,3418.62,5464.77,4018.76
Copy of IMG03529.JPG,conductor,1,0.055,1005.64,2406.04,2640.85,2931.83
Copy of IMG03529.JPG,conductor,1,0.0544,5663.45,3444.28,6810.74,3975.18
Copy of IMG03529.JPG,conductor,1,0.0539,4935.38,3558.54,5890.28,4484.53
Copy of IMG03529.JPG,conductor,1,0.0525,0.0,3440.33,2817.45,4218.19
Copy of IMG03529.JPG,conductor,1,0.0524,4727.44,2607.23,5554.96,3138.82
Copy of IMG00091.JPG,conductor,1,0.8096,5308.69,3943.07,7034.05,5630.17
Copy of IMG00091.JPG,pylon,0,0.795,4385.97,3393.02,4915.47,6265.12
Copy of IMG00091.JPG,insulator,2,0.765,4563.0,2781.07,4870.63,3060.94
Copy of IMG00091.JPG,insulator,2,0.7483,4038.15,3250.62,4306.72,3593.76
Copy of IMG00091.JPG,insulator,2,0.7421,5105.33,3104.93,5420.59,3449.73
Copy of IMG00091.JPG,conductor,1,0.4146,4897.57,5237.7,5651.23,6278.62
Copy of IMG00091.JPG,conductor,1,0.256,5005.05,5504.72,5650.02,6265.4
Copy of IMG00091.JPG,conductor,1,0.1453,5834.81,5466.48,6436.95,6252.24
Copy of IMG00091.JPG,conductor,1,0.1407,5794.93,5411.64,6368.45,6163.78
Copy of IMG00091.JPG,conductor,1,0.1364,2875.03,1379.65,3721.29,2360.79
Copy of IMG00091.JPG,conductor,1,0.1304,5337.27,3926.65,6821.55,5217.18
Copy of IMG00091.JPG,conductor,1,0.1199,2915.44,1301.26,3917.63,2715.43
Copy of IMG00091.JPG,insulator,2,0.0969,4083.19,3265.85,4365.21,3576.94
Copy of IMG00091.JPG,conductor,1,0.092,3675.39,1267.73,4448.81,1795.16
Copy of IMG00091.JPG,conductor,1,0.0907,3085.21,2073.37,3929.44,2705.84
Copy of IMG00091.JPG,conductor,1,0.0882,6436.34,5615.59,7009.11,6241.04
Copy of IMG00091.JPG,conductor,1,0.0841,2310.46,625.57,3038.34,1142.3
Copy of IMG00091.JPG,conductor,1,0.0692,5994.09,5742.23,6461.52,6285.45
Copy of IMG00091.JPG,pylon,0,0.0673,4443.45,3135.4,4833.72,6283.93
Copy of IMG00091.JPG,conductor,1,0.0667,6402.89,5546.12,6918.79,6095.57
Copy of IMG00091.JPG,conductor,1,0.063,5883.54,5669.13,6442.06,6268.96
Copy of IMG00091.JPG,conductor,1,0.063,5768.75,5357.06,6323.71,5970.33
Copy of IMG00091.JPG,conductor,1,0.0608,4151.31,1844.89,4804.37,2265.59
Copy of IMG00091.JPG,conductor,1,0.0593,6526.37,5734.94,6977.41,6262.42
Copy of IMG00091.JPG,conductor,1,0.0589,4856.95,5096.54,5540.74,6137.42
Copy of IMG00091.JPG,conductor,1,0.0545,3617.12,1247.49,4366.3,1661.33
Copy of IMG00091.JPG,conductor,1,0.0527,3046.56,1605.6,3928.78,2695.25
Copy of IMG00091.JPG,insulator,2,0.0526,3949.81,3251.67,4301.08,3624.44
Copy of IMG00190.JPG,conductor,1,0.5848,3001.22,5126.16,3656.1,6261.06
Copy of IMG00190.JPG,insulator,2,0.5368,4603.91,3071.64,4819.3,3282.58
Copy of IMG00190.JPG,insulator,2,0.4845,5039.2,3083.67,5300.57,3296.38
Copy of IMG00190.JPG,conductor,1,0.3396,234.1,3030.33,3020.46,3814.43
Copy of IMG00190.JPG,conductor,1,0.232,18.33,2947.72,3610.72,3784.46
Copy of IMG00190.JPG,conductor,1,0.1897,5333.98,3550.58,7808.24,4374.01
Copy of IMG00190.JPG,conductor,1,0.1579,3655.64,4148.66,4745.42,6253.2
Copy of IMG00190.JPG,insulator,2,0.1371,9346.63,3717.66,9502.47,3935.7
Copy of IMG00190.JPG,insulator,2,0.1344,8185.92,3253.24,8430.61,3503.03
Copy of IMG00190.JPG,insulator,2,0.1093,9369.67,3778.15,9504.0,4035.75
Copy of IMG00190.JPG,insulator,2,0.0974,4850.52,3089.91,5029.06,3268.6
Copy of IMG00190.JPG,conductor,1,0.0747,0.16,2735.42,700.75,3525.27
Copy of IMG00190.JPG,conductor,1,0.0736,3787.42,3848.73,4944.32,6261.6
Copy of IMG00190.JPG,insulator,2,0.063,7866.59,3412.27,8104.24,3620.43
Copy of IMG00190.JPG,insulator,2,0.0597,9356.31,2166.38,9503.86,2555.82
Copy of IMG00190.JPG,conductor,1,0.0556,9172.29,2252.95,9500.89,4703.33
Copy of IMG00190.JPG,insulator,2,0.0517,9350.36,2115.64,9503.78,2483.87
Copy of IMG00162.JPG,insulator,2,0.6011,3978.77,654.82,4298.95,935.1
Copy of IMG00162.JPG,insulator,2,0.4369,4396.78,1106.06,4691.38,1352.31
Copy of IMG00162.JPG,insulator,2,0.4171,3441.27,1000.42,3737.17,1286.48
Copy of IMG00162.JPG,conductor,1,0.315,5864.88,4886.68,6864.32,6266.4
Copy of IMG00162.JPG,conductor,1,0.1632,2.98,2478.07,436.6,6277.0
Copy of IMG00162.JPG,conductor,1,0.1257,2.78,2409.23,330.03,5245.5
Copy of IMG00162.JPG,conductor,1,0.0914,0.0,2746.47,714.21,6292.4
Copy of IMG00162.JPG,pylon,0,0.0828,3087.85,1249.33,4765.42,6275.22
Copy of IMG00162.JPG,conductor,1,0.0789,4081.72,4079.92,4908.36,6291.12
Copy of IMG00162.JPG,insulator,2,0.0788,4305.98,1095.45,4491.6,1321.44
Copy of IMG00162.JPG,conductor,1,0.0777,4096.39,3070.81,4886.15,6277.69
Copy of IMG00162.JPG,conductor,1,0.0623,8994.32,1408.16,9504.0,1737.91
Copy of IMG00162.JPG,conductor,1,0.057,9112.65,1339.99,9504.0,1604.13
Copy of IMG00255.JPG,insulator,2,0.7678,5998.68,5311.35,6276.16,5581.49
Copy of IMG00255.JPG,conductor,1,0.7665,7083.52,5412.16,9492.22,5890.06
Copy of IMG00255.JPG,conductor,1,0.505,2209.2,4787.33,5925.68,5929.31
Copy of IMG00255.JPG,insulator,2,0.1387,6364.61,5360.45,6624.58,5607.98
Copy of IMG00255.JPG,insulator,2,0.132,6771.78,5278.69,7004.66,5497.77
Copy of IMG00255.JPG,insulator,2,0.1254,6385.19,5416.87,6768.3,5734.44
Copy of IMG00255.JPG,insulator,2,0.1229,6346.56,5398.39,6661.4,5702.76
Copy of IMG00255.JPG,conductor,1,0.1177,4149.99,5864.21,5528.16,6336.0
Copy of IMG00255.JPG,conductor,1,0.0935,7405.15,4453.05,9498.2,5258.71
Copy of IMG00255.JPG,conductor,1,0.0775,7046.71,5209.1,9504.0,5898.92
Copy of IMG00255.JPG,conductor,1,0.0722,7160.57,6066.66,9504.0,6336.0
Copy of IMG00255.JPG,conductor,1,0.063,3392.33,3867.58,4484.35,4716.74
Copy of IMG00395.JPG,pylon,0,0.7951,4564.0,2838.38,4949.66,5553.14
Copy of IMG00395.JPG,insulator,2,0.5954,5130.48,2623.66,5377.83,2891.78
Copy of IMG00395.JPG,insulator,2,0.4817,4138.2,2525.76,4414.55,2827.96
Copy of IMG00395.JPG,conductor,1,0.4239,3408.28,2887.58,4180.89,3498.33
Copy of IMG00395.JPG,conductor,1,0.252,16.68,3213.37,3674.76,4440.97
Copy of IMG00395.JPG,conductor,1,0.2012,2476.1,5708.5,3109.91,6318.4
Copy of IMG00395.JPG,conductor,1,0.1653,2478.67,5561.65,3341.51,6306.23
Copy of IMG00395.JPG,insulator,2,0.163,4578.7,2627.84,4835.18,2849.2
Copy of IMG00395.JPG,insulator,2,0.1385,4535.88,2659.67,4840.54,2963.29
Copy of IMG00395.JPG,conductor,1,0.1337,2597.11,5278.0,3521.31,6307.01
Copy of IMG00395.JPG,insulator,2,0.1198,4645.05,2667.71,4934.77,2999.93
Copy of IMG00395.JPG,conductor,1,0.0711,1163.8,5375.63,2542.84,6294.73
Copy of IMG00395.JPG,conductor,1,0.064,1150.07,5625.47,2419.86,6300.71
Copy of IMG00395.JPG,conductor,1,0.0589,18.82,3233.85,3642.93,5118.36
Copy of IMG00395.JPG,conductor,1,0.0578,1135.39,5726.62,1881.78,6319.49
Copy of IMG00370.JPG,insulator,2,0.8026,5232.08,3276.94,5516.26,3504.03
Copy of IMG00370.JPG,pylon,0,0.7524,4706.44,3678.26,5280.13,6294.28
Copy of IMG00370.JPG,insulator,2,0.4711,4686.85,3274.07,4938.76,3497.95
Copy of IMG00370.JPG,insulator,2,0.4613,4914.08,3370.91,5092.35,3568.92
Copy of IMG00370.JPG,insulator,2,0.4069,4420.18,3471.07,4699.13,3684.59
Copy of IMG00370.JPG,insulator,2,0.345,4295.38,3432.12,4657.33,3663.67
Copy of IMG00370.JPG,insulator,2,0.2779,4905.87,3332.73,5079.48,3548.67
Copy of IMG00370.JPG,conductor,1,0.203,7974.01,2401.78,9416.18,3231.68
Copy of IMG00370.JPG,insulator,2,0.1543,4758.88,3288.91,5016.59,3533.39
Copy of IMG00370.JPG,conductor,1,0.1401,5249.51,3665.38,5638.39,4260.02
Copy of IMG00370.JPG,conductor,1,0.1255,120.61,3779.07,3874.93,4760.01
Copy of IMG00370.JPG,insulator,2,0.1046,4282.4,3411.73,4588.34,3647.14
Copy of IMG00370.JPG,conductor,1,0.0784,0.89,5064.22,313.91,5812.55
Copy of IMG00370.JPG,conductor,1,0.0737,0.0,5164.19,463.69,5923.7
Copy of IMG00370.JPG,insulator,2,0.0523,4456.02,3490.99,4732.57,3693.8
Copy of IMG00401.JPG,insulator,2,0.9115,6775.35,3113.03,7116.67,3472.51
Copy of IMG00401.JPG,insulator,2,0.7232,5868.41,2919.48,6194.19,3292.93
Copy of IMG00401.JPG,conductor,1,0.7045,2283.77,3680.89,5682.18,6267.33
Copy of IMG00401.JPG,insulator,2,0.6301,6369.89,2661.18,6691.58,2973.34
Copy of IMG00401.JPG,conductor,1,0.3974,4834.77,4841.87,5942.81,6258.87
Copy of IMG00401.JPG,pylon,0,0.2281,6063.81,3334.45,6619.34,6290.73
Copy of IMG00401.JPG,conductor,1,0.197,4777.85,5184.45,5765.41,6263.24
Copy of IMG00401.JPG,conductor,1,0.1605,5971.02,3396.19,6604.08,6229.73
Copy of IMG00401.JPG,insulator,2,0.097,9267.86,1553.35,9502.76,2161.33
Copy of IMG00401.JPG,conductor,1,0.0503,10.94,3200.56,3029.27,6222.5
Copy of IMG00097.JPG,insulator,2,0.7663,4876.96,2966.26,5136.48,3212.79
Copy of IMG00097.JPG,pylon,0,0.7474,4476.93,3092.8,4944.32,6246.18
Copy of IMG00097.JPG,conductor,1,0.6504,5226.53,5143.56,6119.59,6214.99
Copy of IMG00097.JPG,insulator,2,0.518,4315.71,2977.68,4538.0,3198.81
Copy of IMG00097.JPG,conductor,1,0.3284,4930.2,3278.51,5390.93,3919.05
Copy of IMG00097.JPG,conductor,1,0.3242,6262.55,728.27,9504.0,1293.97
Copy of IMG00097.JPG,insulator,2,0.2783,4553.05,2694.89,4831.5,2941.35
Copy of IMG00097.JPG,conductor,1,0.179,4276.75,1766.28,4822.22,2389.25
Copy of IMG00097.JPG,conductor,1,0.1647,5133.69,4611.61,6081.9,6240.93
Copy of IMG00097.JPG,conductor,1,0.1516,5429.08,5309.18,6108.41,6195.72
Copy of IMG00097.JPG,conductor,1,0.0921,5131.58,4564.99,5966.65,5495.23
Copy of IMG00097.JPG,conductor,1,0.0759,5756.21,788.2,9351.18,1340.62
Copy of IMG00097.JPG,conductor,1,0.0735,1020.29,2918.03,1842.04,3421.29
Copy of IMG00097.JPG,conductor,1,0.064,4941.9,4515.22,5478.42,5393.63
Copy of IMG00097.JPG,conductor,1,0.0512,5207.34,4587.5,5836.45,5428.79
Copy of IMG00064.JPG,conductor,1,0.6315,3468.41,3518.66,5115.73,6228.23
Copy of IMG00064.JPG,conductor,1,0.4597,5538.79,2430.74,9504.0,2724.88
Copy of IMG00064.JPG,insulator,2,0.4414,4615.33,2406.3,4957.44,2755.44
Copy of IMG00064.JPG,insulator,2,0.4283,4630.78,2397.59,5090.87,2806.82
Copy of IMG00064.JPG,insulator,2,0.3196,4854.23,2987.48,5271.74,3380.14
Copy of IMG00064.JPG,conductor,1,0.3053,5518.51,2493.31,9504.0,2753.23
Copy of IMG00064.JPG,conductor,1,0.2574,5507.1,2359.41,9504.0,2699.25
Copy of IMG00064.JPG,conductor,1,0.173,328.9,2175.5,4768.37,2557.67
Copy of IMG00064.JPG,conductor,1,0.1173,0.0,2187.24,5323.01,2494.45
Copy of IMG00064.JPG,insulator,2,0.0925,4627.39,2385.68,5034.76,2725.76
Copy of IMG00064.JPG,conductor,1,0.0899,6139.53,5526.84,6655.68,6152.94
Copy of IMG00064.JPG,insulator,2,0.089,4897.01,2324.81,5187.18,2581.46
Copy of IMG00064.JPG,conductor,1,0.07,4530.26,5193.9,5175.07,6083.37
Copy of IMG00064.JPG,conductor,1,0.0689,5.05,2140.57,4654.95,2682.29
Copy of IMG00064.JPG,conductor,1,0.0679,2.83,4060.95,536.85,4782.9
Copy of IMG00064.JPG,conductor,1,0.0621,5396.13,2851.68,9504.0,3588.4
Copy of IMG00064.JPG,conductor,1,0.0621,6.15,4208.1,517.66,4719.01
Copy of IMG00064.JPG,conductor,1,0.0596,6224.74,5575.08,6687.67,6192.73
Copy of IMG00064.JPG,conductor,1,0.0591,0.0,2142.67,3965.59,2549.16
Copy of IMG00064.JPG,conductor,1,0.0572,5356.45,2903.48,9170.59,3468.3
Copy of IMG00064.JPG,conductor,1,0.0554,499.02,4927.01,875.33,5506.91
Copy of IMG00166.JPG,pylon,0,0.7906,4439.69,3505.27,5020.67,6302.58
Copy of IMG00166.JPG,insulator,2,0.7644,3915.04,2167.91,4212.54,2456.46
Copy of IMG00166.JPG,insulator,2,0.7271,4581.71,2315.48,4905.91,2605.94
Copy of IMG00166.JPG,insulator,2,0.3865,5262.69,2420.86,5563.37,2710.71
Copy of IMG00166.JPG,insulator,2,0.2225,7985.62,2734.37,8298.06,3123.46
Copy of IMG00166.JPG,insulator,2,0.0751,4547.09,2482.6,4867.16,2689.69
Copy of IMG00166.JPG,insulator,2,0.0707,4877.48,2621.52,5237.62,2888.94
Copy of IMG00124.JPG,pylon,0,0.8091,4761.66,3486.38,5213.63,6280.14
Copy of IMG00124.JPG,conductor,1,0.5336,3047.17,4697.21,4012.9,5317.3
Copy of IMG00124.JPG,insulator,2,0.5018,4751.97,2646.26,5015.06,2908.72
Copy of IMG00124.JPG,insulator,2,0.4532,4420.6,3266.4,4709.13,3547.82
Copy of IMG00124.JPG,insulator,2,0.4414,4853.14,3389.11,5074.78,3669.7
Copy of IMG00124.JPG,insulator,2,0.4218,5119.85,3119.17,5321.78,3332.39
Copy of IMG00124.JPG,insulator,2,0.2976,5021.99,2659.22,5230.86,2865.4
Copy of IMG00124.JPG,insulator,2,0.2474,4437.2,3228.64,4755.48,3537.82
Copy of IMG00124.JPG,insulator,2,0.2264,4626.83,3068.01,4898.18,3281.4
Copy of IMG00124.JPG,insulator,2,0.1462,5481.33,3176.78,5692.95,3382.28
Copy of IMG00124.JPG,conductor,1,0.1236,2243.46,5303.85,3400.3,5919.85
Copy of IMG00124.JPG,insulator,2,0.0963,5225.16,2704.91,5423.43,2914.39
Copy of IMG00124.JPG,insulator,2,0.0849,5276.28,3431.04,5497.99,3636.06
Copy of IMG00124.JPG,insulator,2,0.0789,4987.51,2651.45,5193.76,2890.71
Copy of IMG00124.JPG,conductor,1,0.0689,2097.9,5359.59,3337.0,6071.94
Copy of IMG00124.JPG,conductor,1,0.0611,2986.63,4779.56,3924.85,5378.8
Copy of IMG00124.JPG,conductor,1,0.0583,3199.91,4629.63,4109.52,5193.69
Copy of IMG00124.JPG,conductor,1,0.056,2442.64,5235.12,3512.8,5805.55
Copy of IMG00210.JPG,insulator,2,0.4657,4546.41,2198.66,4821.71,2448.76
Copy of IMG00210.JPG,pylon,0,0.4476,4088.56,2497.51,4450.31,5178.77
Copy of IMG00210.JPG,conductor,1,0.4166,5708.82,5369.77,6565.06,6252.17
Copy of IMG00210.JPG,insulator,2,0.3431,3593.78,2296.05,3786.31,2558.15
Copy of IMG00210.JPG,conductor,1,0.2941,5148.02,3606.05,5776.77,4403.2
Copy of IMG00210.JPG,conductor,1,0.2483,5118.22,3596.19,5711.05,4220.03
Copy of IMG00210.JPG,conductor,1,0.1564,5025.7,2911.39,5717.4,3547.81
Copy of IMG00210.JPG,conductor,1,0.1559,3740.81,2606.61,4028.06,3012.45
Copy of IMG00210.JPG,conductor,1,0.1237,6556.57,5298.46,7174.23,5833.62
Copy of IMG00210.JPG,conductor,1,0.1145,4831.94,2624.88,5545.76,3053.56
Copy of IMG00210.JPG,conductor,1,0.086,3684.52,2578.22,4002.16,2956.9
Copy of IMG00210.JPG,conductor,1,0.0851,4485.41,2771.18,4933.77,3282.08
Copy of IMG00210.JPG,insulator,2,0.0777,3416.44,2277.59,3589.87,2554.36
Copy of IMG00210.JPG,conductor,1,0.0656,4845.85,2793.57,5712.79,3483.98
Copy of IMG00210.JPG,conductor,1,0.0656,4439.86,2666.82,4819.1,3190.91
Copy of IMG00210.JPG,conductor,1,0.0623,4442.88,2631.36,4717.69,3109.12
Copy of IMG00210.JPG,conductor,1,0.0609,7122.29,4478.84,8726.04,5126.39
Copy of IMG00210.JPG,conductor,1,0.0554,4469.03,2744.54,4861.21,3206.68
Copy of IMG00210.JPG,conductor,1,0.0509,5174.88,3671.22,5920.82,4447.98
Copy of IMG00493.JPG,insulator,2,0.8626,4721.72,3460.7,4967.33,3738.9
Copy of IMG00493.JPG,pylon,0,0.8171,4622.65,3809.57,5047.75,6275.47
Copy of IMG00493.JPG,conductor,1,0.4488,4059.15,1048.96,4566.33,2472.18
Copy of IMG00493.JPG,insulator,2,0.4393,3775.89,3589.89,4103.73,3873.94
Copy of IMG00493.JPG,conductor,1,0.4355,7161.68,4001.5,8394.15,4579.3
Copy of IMG00493.JPG,conductor,1,0.4085,8522.38,4435.72,9504.0,5034.77
Copy of IMG00493.JPG,conductor,1,0.3968,6420.73,3291.71,7835.41,3834.61
Copy of IMG00493.JPG,conductor,1,0.3559,3771.54,3956.43,4061.65,4558.75
Copy of IMG00493.JPG,conductor,1,0.3398,3551.47,3931.29,4020.77,6172.83
Copy of IMG00493.JPG,conductor,1,0.3135,7554.74,3648.15,8913.29,4147.77
Copy of IMG00493.JPG,conductor,1,0.2555,8609.03,4013.73,9496.14,4471.41
Copy of IMG00493.JPG,insulator,2,0.2139,5619.67,3658.99,5895.19,3974.42
Copy of IMG00493.JPG,conductor,1,0.1759,6399.54,3308.08,7574.85,3738.08
Copy of IMG00493.JPG,conductor,1,0.1737,3754.89,3922.94,4042.41,5140.34
Copy of IMG00493.JPG,conductor,1,0.1667,5473.49,3962.93,5844.86,4498.07
Copy of IMG00493.JPG,conductor,1,0.1484,6265.88,3236.61,7698.47,3732.63
Copy of IMG00493.JPG,conductor,1,0.1452,3500.7,4522.43,3906.58,6216.21
Copy of IMG00493.JPG,conductor,1,0.1397,6586.46,3367.54,8209.43,3909.95
Copy of IMG00493.JPG,conductor,1,0.1332,7334.78,3585.16,8532.9,4020.02
Copy of IMG00493.JPG,conductor,1,0.1223,3498.9,5487.99,3875.84,6211.6
Copy of IMG00493.JPG,conductor,1,0.1152,4104.5,1459.74,4441.41,2472.79
Copy of IMG00493.JPG,conductor,1,0.114,7060.99,3526.63,8389.37,3951.07
Copy of IMG00493.JPG,conductor,1,0.1091,8501.43,4133.94,9500.56,4998.99
Copy of IMG00493.JPG,conductor,1,0.1088,7786.25,3755.88,8965.56,4182.88
Copy of IMG00493.JPG,insulator,2,0.1055,5618.44,3536.3,5881.69,3949.52
Copy of IMG00493.JPG,conductor,1,0.0955,8270.49,4362.73,9484.54,5009.06
Copy of IMG00493.JPG,conductor,1,0.0931,6035.75,3162.64,7017.48,3535.72
Copy of IMG00493.JPG,conductor,1,0.0919,6424.97,3736.36,7308.59,4233.73
Copy of IMG00493.JPG,conductor,1,0.0842,4830.1,940.6,5173.36,2880.23
Copy of IMG00493.JPG,conductor,1,0.0832,8764.23,4074.65,9503.4,4480.25
Copy of IMG00493.JPG,conductor,1,0.0819,3510.6,5617.8,3810.67,6233.22
Copy of IMG00493.JPG,conductor,1,0.077,7251.86,3588.04,8841.58,4124.19
Copy of IMG00493.JPG,conductor,1,0.0763,6082.7,3200.0,7175.75,3564.14
Copy of IMG00493.JPG,conductor,1,0.062,6892.99,3445.18,8180.42,3900.55
Copy of IMG00493.JPG,conductor,1,0.0547,5105.97,2851.85,5747.75,3160.48
Copy of IMG00493.JPG,conductor,1,0.0534,6179.84,3235.01,7354.5,3618.14
Copy of IMG00493.JPG,conductor,1,0.051,8221.42,4349.77,9230.09,4828.35
Copy of IMG00376.JPG,conductor,1,0.7374,6173.78,4911.07,7234.05,5550.14
Copy of IMG00376.JPG,conductor,1,0.6733,6916.65,4028.71,7836.24,4587.4
Copy of IMG00376.JPG,insulator,2,0.6719,4713.41,3476.05,5139.4,3884.01
Copy of IMG00376.JPG,conductor,1,0.6547,6130.53,3686.45,7170.65,4196.67
Copy of IMG00376.JPG,insulator,2,0.6112,3968.23,2616.0,4308.39,2977.77
Copy of IMG00376.JPG,conductor,1,0.563,2661.58,5231.23,3348.48,5999.16
Copy of IMG00376.JPG,insulator,2,0.5439,4542.02,2423.02,4848.8,2741.86
Copy of IMG00376.JPG,conductor,1,0.4925,7696.91,4427.93,8716.91,5042.91
Copy of IMG00376.JPG,conductor,1,0.4773,5190.22,4433.8,6148.17,5052.3
Copy of IMG00376.JPG,insulator,2,0.4717,5009.85,3061.83,5431.53,3491.97
Copy of IMG00376.JPG,conductor,1,0.4643,6781.55,4568.94,7596.39,5077.19
Copy of IMG00376.JPG,pylon,0,0.4586,4110.61,4067.95,4576.25,6225.26
Copy of IMG00376.JPG,conductor,1,0.4566,5883.74,4124.67,6664.41,4592.88
Copy of IMG00376.JPG,conductor,1,0.4243,7991.75,5791.95,8759.24,6277.93
Copy of IMG00376.JPG,conductor,1,0.4056,1665.96,4655.17,2501.51,5225.75
Copy of IMG00376.JPG,conductor,1,0.3957,8691.33,4942.95,9500.71,5517.08
Copy of IMG00376.JPG,conductor,1,0.3757,5252.65,3732.28,5716.67,4141.82
Copy of IMG00376.JPG,conductor,1,0.3552,8678.39,5524.4,9500.06,6007.55
Copy of IMG00376.JPG,conductor,1,0.335,3620.78,4178.91,4119.56,4813.14
Copy of IMG00376.JPG,conductor,1,0.3319,1226.78,5221.8,1947.87,5758.22
Copy of IMG00376.JPG,conductor,1,0.3179,2754.75,5133.65,3419.24,5868.8
Copy of IMG00376.JPG,conductor,1,0.2957,6559.37,4470.87,7410.69,5009.85
Copy of IMG00376.JPG,conductor,1,0.2929,5312.49,3784.73,5845.29,4216.1
Copy of IMG00376.JPG,conductor,1,0.2875,3294.78,4516.07,3998.23,5245.88
Copy of IMG00376.JPG,conductor,1,0.2868,5470.23,3890.1,6199.67,4356.48
Copy of IMG00376.JPG,conductor,1,0.2683,5426.44,2112.18,5942.28,2696.33
Copy of IMG00376.JPG,conductor,1,0.2646,3394.84,4392.04,4045.06,5167.82
Copy of IMG00376.JPG,conductor,1,0.2362,8520.21,5422.73,9328.93,5923.51
Copy of IMG00376.JPG,conductor,1,0.2344,3676.9,4145.45,4144.02,4673.12
Copy of IMG00376.JPG,conductor,1,0.2306,2462.33,4571.67,2910.53,4980.38
Copy of IMG00376.JPG,conductor,1,0.2234,5348.33,2184.54,5903.31,2778.63
Copy of IMG00376.JPG,conductor,1,0.2227,2420.86,4616.46,2901.47,5049.52
Copy of IMG00376.JPG,conductor,1,0.2158,4957.79,4242.37,5731.24,4810.39
Copy of IMG00376.JPG,conductor,1,0.2146,8038.55,5178.21,8769.28,5665.69
Copy of IMG00376.JPG,conductor,1,0.2138,2622.34,5324.69,3251.31,6041.68
Copy of IMG00376.JPG,conductor,1,0.212,2836.4,4129.02,3336.22,4605.31
Copy of IMG00376.JPG,conductor,1,0.2103,5042.44,4300.87,5967.6,4884.09
Copy of IMG00376.JPG,conductor,1,0.2097,1265.97,5150.0,2015.14,5685.51
Copy of IMG00376.JPG,conductor,1,0.2093,3696.93,3239.45,4044.9,3625.67
Copy of IMG00376.JPG,conductor,1,0.2064,7096.43,5344.38,7877.42,5944.46
Copy of IMG00376.JPG,conductor,1,0.2036,1189.06,5286.54,1866.67,5825.04
Copy of IMG00376.JPG,conductor,1,0.1936,5922.9,4150.05,6773.91,4669.08
Copy of IMG00376.JPG,conductor,1,0.1897,2516.75,5623.48,3029.54,6174.23
Copy of IMG00376.JPG,conductor,1,0.183,3438.37,4318.83,4070.42,5004.27
Copy of IMG00376.JPG,conductor,1,0.1781,5324.13,3794.56,6052.05,4267.4
Copy of IMG00376.JPG,conductor,1,0.1777,3557.12,4253.65,4104.22,5050.89
Copy of IMG00376.JPG,conductor,1,0.1761,5310.48,2323.79,5746.01,2818.32
Copy of IMG00376.JPG,conductor,1,0.1758,5420.96,3869.61,6088.44,4303.46
Copy of IMG00376.JPG,conductor,1,0.1744,7136.41,5393.04,7980.25,6034.42
Copy of IMG00376.JPG,conductor,1,0.1715,8516.67,4865.22,9504.0,5378.46
Copy of IMG00376.JPG,conductor,1,0.1681,8354.08,5377.41,9277.45,5881.7
Copy of IMG00376.JPG,conductor,1,0.1667,5547.69,3918.95,6317.37,4439.16
Copy of IMG00376.JPG,conductor,1,0.1649,3215.13,4649.0,3955.12,5324.2
Copy of IMG00376.JPG,conductor,1,0.1647,7882.47,5711.98,8684.17,6269.69
Copy of IMG00376.JPG,conductor,1,0.1646,5646.02,4042.16,6565.93,4553.36
Copy of IMG00376.JPG,conductor,1,0.1644,1020.76,5595.06,1528.81,6208.33
Copy of IMG00376.JPG,conductor,1,0.1639,2723.08,3687.34,3255.68,4080.3
Copy of IMG00376.JPG,conductor,1,0.16,6189.35,3739.04,7280.15,4289.15
Copy of IMG00376.JPG,conductor,1,0.1579,1112.51,5350.28,1788.99,6067.98
Copy of IMG00376.JPG,insulator,2,0.1558,4960.73,3006.18,5341.74,3390.19
Copy of IMG00376.JPG,conductor,1,0.1515,2514.39,4510.13,2941.36,4935.91
Copy of IMG00376.JPG,conductor,1,0.1472,8259.0,5329.47,9182.35,5845.53
Copy of IMG00376.JPG,conductor,1,0.1453,7353.08,4866.0,8057.54,5368.32
Copy of IMG00376.JPG,insulator,2,0.1442,4945.62,3006.69,5203.25,3255.86
Copy of IMG00376.JPG,conductor,1,0.143,7766.15,5635.59,8595.35,6233.69
Copy of IMG00376.JPG,conductor,1,0.1375,3650.97,3294.2,4044.38,3675.3
Copy of IMG00376.JPG,conductor,1,0.1375,3742.18,3218.54,4053.88,3568.49
Copy of IMG00376.JPG,conductor,1,0.1361,8122.54,5228.37,9019.37,5738.08
Copy of IMG00376.JPG,conductor,1,0.1304,7122.75,4746.51,7911.72,5275.41
Copy of IMG00376.JPG,conductor,1,0.1293,7896.92,5084.9,8662.27,5567.44
Copy of IMG00376.JPG,conductor,1,0.129,1029.11,5643.2,1475.63,6118.2
Copy of IMG00376.JPG,conductor,1,0.1286,2575.82,5508.44,3126.82,6082.16
Copy of IMG00376.JPG,conductor,1,0.1285,3271.24,3702.66,3665.62,4137.34
Copy of IMG00376.JPG,conductor,1,0.1211,3788.22,3156.17,4114.92,3533.0
Copy of IMG00376.JPG,conductor,1,0.1206,3381.71,3569.84,3789.04,4006.61
Copy of IMG00376.JPG,conductor,1,0.1204,2474.62,5690.08,2935.76,6251.19
Copy of IMG00376.JPG,conductor,1,0.1203,1456.28,5669.5,1867.46,6204.93
Copy of IMG00376.JPG,conductor,1,0.1202,5876.21,1464.45,6373.31,2126.41
Copy of IMG00376.JPG,conductor,1,0.1196,2700.01,4233.28,3256.01,4679.71
Copy of IMG00376.JPG,conductor,1,0.1177,7238.41,4800.73,7986.09,5316.88
Copy of IMG00376.JPG,conductor,1,0.1173,2819.08,3593.13,3309.98,4013.28
Copy of IMG00376.JPG,conductor,1,0.1171,5940.89,1355.73,6457.51,2006.38
Copy of IMG00376.JPG,conductor,1,0.116,3322.75,3640.49,3754.73,4079.96
Copy of IMG00376.JPG,conductor,1,0.1157,7584.35,4934.84,8187.98,5457.57
Copy of IMG00376.JPG,conductor,1,0.1146,3123.58,4796.06,3765.29,5390.81
Copy of IMG00376.JPG,conductor,1,0.114,5135.18,4365.61,6037.1,4966.06
Copy of IMG00376.JPG,conductor,1,0.1124,3237.24,3770.12,3576.85,4157.58
Copy of IMG00376.JPG,conductor,1,0.1121,6377.79,814.84,6976.87,1465.2
Copy of IMG00376.JPG,conductor,1,0.1118,7560.46,5539.04,8436.76,6155.03
Copy of IMG00376.JPG,conductor,1,0.1116,3079.15,3876.93,3592.38,4294.42
Copy of IMG00376.JPG,conductor,1,0.1113,4906.24,4175.9,5635.79,4736.97
Copy of IMG00376.JPG,conductor,1,0.1104,3170.8,3814.22,3585.82,4223.22
Copy of IMG00376.JPG,conductor,1,0.1076,6397.3,4415.09,7353.2,4952.03
Copy of IMG00376.JPG,conductor,1,0.1064,8148.28,5929.05,8822.52,6290.04
Copy of IMG00376.JPG,conductor,1,0.1046,5707.08,3452.98,6600.07,3891.61
Copy of IMG00376.JPG,conductor,1,0.1039,3436.58,3251.89,3850.23,3685.05
Copy of IMG00376.JPG,conductor,1,0.1039,2907.98,4072.82,3402.08,4517.01
Copy of IMG00376.JPG,conductor,1,0.1006,6429.06,761.32,7054.38,1375.58
Copy of IMG00376.JPG,conductor,1,0.1004,6735.8,3990.43,7749.19,4536.26
Copy of IMG00376.JPG,conductor,1,0.1001,6886.68,4644.4,7733.56,5176.83
Copy of IMG00376.JPG,conductor,1,0.0996,8835.25,5591.06,9502.42,6080.88
Copy of IMG00376.JPG,conductor,1,0.0971,1160.62,5353.48,1729.4,5821.56
Copy of IMG00376.JPG,conductor,1,0.0963,3853.71,3077.33,4211.48,3475.69
Copy of IMG00376.JPG,conductor,1,0.0963,1372.99,5723.62,1773.79,6268.01
Copy of IMG00376.JPG,conductor,1,0.0954,2164.68,4906.15,2675.39,5326.73
Copy of IMG00376.JPG,conductor,1,0.0951,8962.46,5638.65,9504.0,6131.98
Copy of IMG00376.JPG,conductor,1,0.0949,6093.0,4849.0,7064.43,5470.67
Copy of IMG00376.JPG,conductor,1,0.0933,4784.42,4106.29,5427.34,4634.34
Copy of IMG00376.JPG,conductor,1,0.093,2987.73,4057.2,3421.85,4456.62
Copy of IMG00376.JPG,conductor,1,0.0909,6338.91,5003.19,7287.69,5581.06
Copy of IMG00376.JPG,conductor,1,0.0903,3620.51,3264.1,3966.4,3640.56
Copy of IMG00376.JPG,conductor,1,0.0877,2566.83,4348.1,3072.83,4849.68
Copy of IMG00376.JPG,conductor,1,0.0873,3406.22,3492.81,3805.28,3917.95
Copy of IMG00376.JPG,conductor,1,0.0872,1747.28,4599.0,2497.56,5108.01
Copy of IMG00376.JPG,conductor,1,0.0871,3024.26,3962.18,3522.38,4360.45
Copy of IMG00376.JPG,conductor,1,0.0868,7665.3,4396.04,8559.21,4925.19
Copy of IMG00376.JPG,conductor,1,0.086,8189.55,4699.22,9101.0,5205.28
Copy of IMG00376.JPG,conductor,1,0.0852,4746.39,4087.23,5289.53,4606.33
Copy of IMG00376.JPG,conductor,1,0.0843,3536.33,3331.45,3950.49,3724.78
Copy of IMG00376.JPG,conductor,1,0.0842,3441.4,3378.13,3845.18,3787.75
Copy of IMG00376.JPG,conductor,1,0.0831,1057.31,5572.09,1577.15,6069.54
Copy of IMG00376.JPG,conductor,1,0.0824,8904.63,5037.26,9504.0,5546.25
Copy of IMG00376.JPG,conductor,1,0.0801,3270.94,3697.72,3592.09,4061.73
Copy of IMG00376.JPG,conductor,1,0.0786,2527.42,4422.77,2997.77,4903.54
Copy of IMG00376.JPG,conductor,1,0.078,1343.65,5880.6,1676.53,6273.5
Copy of IMG00376.JPG,conductor,1,0.077,991.27,5721.46,1440.54,6254.1
Copy of IMG00376.JPG,conductor,1,0.0747,5393.0,4528.16,6307.53,5132.83
Copy of IMG00376.JPG,conductor,1,0.0744,3002.92,4882.41,3661.86,5504.83
Copy of IMG00376.JPG,conductor,1,0.0742,5534.44,3383.48,5916.29,3762.98
Copy of IMG00376.JPG,conductor,1,0.0741,2343.47,4663.79,2884.83,5147.15
Copy of IMG00376.JPG,conductor,1,0.0735,6829.9,207.42,7422.2,853.55
Copy of IMG00376.JPG,conductor,1,0.073,3867.18,3090.74,4157.3,3433.84
Copy of IMG00376.JPG,conductor,1,0.0728,5820.19,1611.27,6283.87,2188.53
Copy of IMG00376.JPG,conductor,1,0.072,3319.52,3167.8,3736.82,3535.57
Copy of IMG00376.JPG,conductor,1,0.0718,3729.57,3090.68,4063.74,3559.39
Copy of IMG00376.JPG,conductor,1,0.0714,5562.21,3953.82,6471.23,4514.06
Copy of IMG00376.JPG,conductor,1,0.0713,1118.27,5403.18,1710.46,5906.56
Copy of IMG00376.JPG,conductor,1,0.0709,5550.23,3414.4,6226.16,3843.39
Copy of IMG00376.JPG,conductor,1,0.0708,5995.08,4221.46,6875.37,4725.01
Copy of IMG00376.JPG,conductor,1,0.0706,3446.99,3122.46,3893.93,3518.1
Copy of IMG00376.JPG,conductor,1,0.0701,2650.09,4300.64,3142.56,4707.77
Copy of IMG00376.JPG,conductor,1,0.07,1351.09,5096.97,2049.78,5551.4
Copy of IMG00376.JPG,conductor,1,0.0699,1510.67,5589.21,1972.8,6141.14
Copy of IMG00376.JPG,conductor,1,0.068,3361.66,3049.78,3873.46,3549.86
Copy of IMG00376.JPG,conductor,1,0.0677,2406.43,5869.06,2828.47,6281.68
Copy of IMG00376.JPG,conductor,1,0.0675,1078.04,5472.23,1640.07,5986.55
Copy of IMG00376.JPG,conductor,1,0.066,6213.02,4313.96,7119.77,4812.93
Copy of IMG00376.JPG,conductor,1,0.0655,2219.02,4862.62,2685.53,5269.31
Copy of IMG00376.JPG,conductor,1,0.0654,6520.39,5070.3,7370.38,5632.81
Copy of IMG00376.JPG,conductor,1,0.0647,3955.15,3047.8,4254.12,3393.67
Copy of IMG00376.JPG,conductor,1,0.0644,1607.87,4802.85,2334.45,5260.29
Copy of IMG00376.JPG,conductor,1,0.0633,2472.28,4330.73,2948.77,4775.14
Copy of IMG00376.JPG,conductor,1,0.0633,6014.55,3662.65,6952.49,4149.53
Copy of IMG00376.JPG,conductor,1,0.0622,6058.49,1305.71,6527.92,1896.36
Copy of IMG00376.JPG,conductor,1,0.062,3138.17,3757.43,3494.84,4127.99
Copy of IMG00376.JPG,conductor,1,0.0612,2969.52,4961.48,3670.14,5657.44
Copy of IMG00376.JPG,conductor,1,0.0609,5449.15,687.75,6280.69,1194.37
Copy of IMG00376.JPG,conductor,1,0.0604,2361.01,4030.18,2954.45,4393.85
Copy of IMG00376.JPG,conductor,1,0.0599,3591.91,3001.14,3957.53,3379.01
Copy of IMG00376.JPG,conductor,1,0.0593,4691.46,4037.34,5183.31,4537.52
Copy of IMG00376.JPG,conductor,1,0.059,2815.37,5078.42,3483.4,5700.82
Copy of IMG00376.JPG,conductor,1,0.0586,2288.9,4761.31,2816.04,5229.23
Copy of IMG00376.JPG,conductor,1,0.0581,3277.51,3233.87,3732.96,3610.75
Copy of IMG00376.JPG,conductor,1,0.058,6306.29,4366.25,7197.74,4867.94
Copy of IMG00376.JPG,conductor,1,0.0576,964.78,5789.61,1364.44,6269.04
Copy of IMG00376.JPG,insulator,2,0.0567,5098.53,3092.56,5482.09,3519.03
Copy of IMG00376.JPG,conductor,1,0.0561,3431.62,2995.17,3896.1,3407.37
Copy of IMG00376.JPG,conductor,1,0.0561,7762.26,5023.87,8426.08,5523.08
Copy of IMG00376.JPG,conductor,1,0.0554,6640.18,4517.9,7530.23,5053.91
Copy of IMG00376.JPG,conductor,1,0.0553,3326.56,3283.15,3745.0,3647.65
Copy of IMG00376.JPG,conductor,1,0.0543,2946.67,3542.71,3373.33,3904.28
Copy of IMG00376.JPG,conductor,1,0.054,1923.15,5158.62,2429.31,5575.65
Copy of IMG00376.JPG,conductor,1,0.0538,2556.9,4253.02,3034.83,4662.86
Copy of IMG00376.JPG,conductor,1,0.0536,5807.84,3542.13,6850.14,4065.65
Copy of IMG00376.JPG,insulator,2,0.0533,4894.12,2995.3,5140.15,3268.06
Copy of IMG00376.JPG,conductor,1,0.0525,1554.93,4732.48,2431.13,5324.31
Copy of IMG00376.JPG,conductor,1,0.0511,7683.58,4974.95,8271.93,5486.87
Copy of IMG00376.JPG,conductor,1,0.0505,2189.68,4233.73,2767.84,4660.16
Copy of IMG00376.JPG,conductor,1,0.05,3427.03,3651.83,3831.61,4049.87
Copy of IMG03478.JPG,pylon,0,0.7531,4592.84,4471.98,5316.68,6317.75
Copy of IMG03478.JPG,pylon,0,0.6491,3592.94,4282.91,4270.92,6303.34
Copy of IMG03478.JPG,insulator,2,0.5911,3300.4,2961.19,3585.33,3185.91
Copy of IMG03478.JPG,pylon,0,0.5539,3582.74,3444.24,4248.61,6304.79
Copy of IMG03478.JPG,conductor,1,0.3731,7628.68,4878.45,9187.12,5646.41
Copy of IMG03478.JPG,conductor,1,0.3348,7697.45,4128.14,8751.25,4806.36
Copy of IMG03478.JPG,conductor,1,0.3125,8728.45,5396.7,9500.66,5896.72
Copy of IMG03478.JPG,conductor,1,0.2572,8677.76,4696.69,9498.53,5331.58
Copy of IMG03478.JPG,insulator,2,0.252,4299.09,2984.92,4722.16,3343.89
Copy of IMG03478.JPG,conductor,1,0.2429,8885.16,5450.65,9504.0,5915.88
Copy of IMG03478.JPG,conductor,1,0.2011,8508.27,5311.88,9501.93,5848.44
Copy of IMG03478.JPG,insulator,2,0.1933,4616.31,4293.25,4888.35,4499.37
Copy of IMG03478.JPG,insulator,2,0.1856,1762.55,3365.82,2098.15,3638.99
Copy of IMG03478.JPG,insulator,2,0.1737,1398.51,3103.99,1682.38,3341.27
Copy of IMG03478.JPG,insulator,2,0.1549,600.09,5109.04,1035.02,5538.71
Copy of IMG03478.JPG,conductor,1,0.1363,3673.6,1071.27,4322.49,1441.45
Copy of IMG03478.JPG,conductor,1,0.1309,7720.07,4990.86,9433.36,5721.11
Copy of IMG03478.JPG,conductor,1,0.129,7885.77,5179.61,9490.54,5780.69
Copy of IMG03478.JPG,conductor,1,0.1287,7836.01,3705.77,8981.9,4175.55
Copy of IMG03478.JPG,conductor,1,0.1267,8224.33,5215.93,9455.87,5752.54
Copy of IMG03478.JPG,insulator,2,0.1237,1727.21,3097.85,2054.63,3344.21
Copy of IMG03478.JPG,insulator,2,0.1204,5447.65,2840.59,5741.18,3175.17
Copy of IMG03478.JPG,conductor,1,0.1181,5957.03,734.53,8589.88,971.56
Copy of IMG03478.JPG,insulator,2,0.1131,4219.47,2750.89,4443.57,2944.26
Copy of IMG03478.JPG,conductor,1,0.089,7681.8,4150.03,9504.0,4835.45
Copy of IMG03478.JPG,insulator,2,0.089,1225.11,2917.44,1459.54,3116.78
Copy of IMG03478.JPG,conductor,1,0.0831,8734.73,4133.06,9503.15,4652.81
Copy of IMG03478.JPG,insulator,2,0.0735,1405.8,3033.38,1676.47,3246.93
Copy of IMG03478.JPG,insulator,2,0.0706,3202.85,2880.85,3508.36,3151.96
Copy of IMG03478.JPG,conductor,1,0.0697,9072.97,5415.08,9504.0,5870.04
Copy of IMG03478.JPG,conductor,1,0.0663,8821.69,4110.75,9504.0,4500.41
Copy of IMG03478.JPG,conductor,1,0.0605,7863.71,3648.63,9347.77,4295.91
Copy of IMG03478.JPG,conductor,1,0.0597,4802.27,4133.97,7560.72,5116.88
Copy of IMG03478.JPG,insulator,2,0.059,3183.68,2817.87,3382.07,3002.47
Copy of IMG03478.JPG,insulator,2,0.0569,1737.45,3215.02,2088.63,3619.7
Copy of IMG03478.JPG,conductor,1,0.0569,8454.17,4631.67,9496.43,5155.63
Copy of IMG03478.JPG,conductor,1,0.0562,4663.93,2050.91,5207.73,2380.33
Copy of IMG03478.JPG,conductor,1,0.055,7674.67,4135.84,8560.07,4713.08
Copy of IMG03478.JPG,insulator,2,0.0538,1415.58,2920.37,1641.56,3107.21
Copy of IMG03478.JPG,insulator,2,0.0535,5152.17,2647.35,5627.71,2923.79
Copy of IMG03478.JPG,conductor,1,0.0528,26.28,1528.07,2231.42,2056.52
Copy of IMG03478.JPG,insulator,2,0.0515,9260.74,3123.95,9502.75,3485.51
Copy of IMG00377.JPG,insulator,2,0.717,4853.98,4174.36,5290.35,4639.62
Copy of IMG00377.JPG,conductor,1,0.6869,6996.37,5308.97,7872.29,5789.39
Copy of IMG00377.JPG,conductor,1,0.6352,4908.86,5347.21,5720.13,5908.81
Copy of IMG00377.JPG,insulator,2,0.6272,4392.46,3551.96,4660.52,3839.67
Copy of IMG00377.JPG,conductor,1,0.566,5712.06,4663.72,6590.3,5149.61
Copy of IMG00377.JPG,insulator,2,0.4804,3803.21,3725.85,4183.46,4132.94
Copy of IMG00377.JPG,conductor,1,0.4369,6318.1,4946.63,7073.79,5410.15
Copy of IMG00377.JPG,conductor,1,0.4166,5068.34,4831.03,5782.2,5261.23
Copy of IMG00377.JPG,conductor,1,0.4163,3308.25,5300.65,3946.57,5976.43
Copy of IMG00377.JPG,conductor,1,0.3396,4897.26,2258.57,5839.7,2843.12
Copy of IMG00377.JPG,conductor,1,0.3377,6210.41,5401.26,6764.65,5832.58
Copy of IMG00377.JPG,conductor,1,0.3259,6669.22,5646.86,7260.69,6098.34
Copy of IMG00377.JPG,conductor,1,0.2996,5379.57,4470.8,5996.36,4897.1
Copy of IMG00377.JPG,conductor,1,0.294,5136.36,4904.93,5843.17,5334.3
Copy of IMG00377.JPG,conductor,1,0.2823,5599.29,5134.1,6273.97,5618.62
Copy of IMG00377.JPG,conductor,1,0.2438,3357.4,5290.06,3967.04,5813.33
Copy of IMG00377.JPG,pylon,0,0.2299,4035.88,5100.81,4455.07,6258.7
Copy of IMG00377.JPG,insulator,2,0.2236,4557.8,4571.31,4865.02,4846.88
Copy of IMG00377.JPG,conductor,1,0.2134,6177.51,5339.33,6734.54,5778.78
Copy of IMG00377.JPG,conductor,1,0.2125,3297.5,4184.54,3867.6,4786.92
Copy of IMG00377.JPG,conductor,1,0.2,2092.71,5647.36,2585.04,6133.75
Copy of IMG00377.JPG,conductor,1,0.1955,5255.94,4962.33,5964.73,5442.36
Copy of IMG00377.JPG,conductor,1,0.1899,1995.94,5604.2,2489.45,6197.37
Copy of IMG00377.JPG,conductor,1,0.189,4023.55,5184.05,4416.78,6240.37
Copy of IMG00377.JPG,conductor,1,0.1774,3494.26,5182.6,4048.18,5708.11
Copy of IMG00377.JPG,insulator,2,0.1745,4788.32,4101.76,5274.92,4611.29
Copy of IMG00377.JPG,conductor,1,0.1741,5339.15,5022.32,6054.67,5482.24
Copy of IMG00377.JPG,insulator,2,0.1739,4787.8,4085.45,5153.29,4426.03
Copy of IMG00377.JPG,insulator,2,0.1723,4757.08,4069.12,5084.56,4378.09
Copy of IMG00377.JPG,conductor,1,0.1721,7866.81,5663.56,8423.24,6104.79
Copy of IMG00377.JPG,conductor,1,0.1699,3177.07,5447.29,3858.02,6058.51
Copy of IMG00377.JPG,conductor,1,0.1695,3140.33,4204.76,3820.82,4783.36
Copy of IMG00377.JPG,conductor,1,0.1681,5544.12,5091.13,6194.16,5503.23
Copy of IMG00377.JPG,conductor,1,0.1633,4829.5,5273.12,5616.66,5860.04
Copy of IMG00377.JPG,conductor,1,0.1625,5511.1,4622.95,6511.71,5125.5
Copy of IMG00377.JPG,conductor,1,0.1507,5707.17,5184.52,6323.94,5688.89
Copy of IMG00377.JPG,conductor,1,0.1497,7064.65,5377.57,7998.27,5886.52
Copy of IMG00377.JPG,conductor,1,0.1485,2489.42,4855.12,3103.36,5268.49
Copy of IMG00377.JPG,conductor,1,0.1473,1950.02,5760.54,2393.52,6273.67
Copy of IMG00377.JPG,conductor,1,0.1462,6748.56,5715.66,7456.0,6166.68
Copy of IMG00377.JPG,conductor,1,0.1418,5675.4,2644.51,6269.06,3288.89
Copy of IMG00377.JPG,conductor,1,0.1397,5580.46,5701.32,6260.59,6155.89
Copy of IMG00377.JPG,conductor,1,0.1349,3132.15,5652.61,3586.92,6116.16
Copy of IMG00377.JPG,conductor,1,0.134,1876.06,5653.43,2390.72,6244.43
Copy of IMG00377.JPG,conductor,1,0.1327,3420.3,4336.02,3877.26,4812.26
Copy of IMG00377.JPG,conductor,1,0.1307,6882.75,5760.68,7558.54,6211.8
Copy of IMG00377.JPG,insulator,2,0.1306,4120.47,3560.34,4331.62,3771.02
Copy of IMG00377.JPG,conductor,1,0.124,2664.51,4688.41,3200.93,5227.44
Copy of IMG00377.JPG,conductor,1,0.1239,1852.74,5791.32,2270.62,6283.38
Copy of IMG00377.JPG,conductor,1,0.1238,2358.71,4919.06,3074.42,5393.84
Copy of IMG00377.JPG,conductor,1,0.1226,6181.77,1878.5,7158.86,2611.69
Copy of IMG00377.JPG,conductor,1,0.1174,5653.54,5740.78,6316.93,6201.23
Copy of IMG00377.JPG,conductor,1,0.1163,2063.19,5597.52,2525.11,6084.39
Copy of IMG00377.JPG,conductor,1,0.1151,5760.95,2542.48,6383.3,3221.87
Copy of IMG00377.JPG,conductor,1,0.1147,5583.96,2763.23,6178.7,3426.32
Copy of IMG00377.JPG,conductor,1,0.1131,3450.52,5241.49,4001.38,5756.87
Copy of IMG00377.JPG,conductor,1,0.1105,5880.55,2402.96,6490.93,3048.93
Copy of IMG00377.JPG,conductor,1,0.1104,7706.79,5600.06,8367.14,6070.3
Copy of IMG00377.JPG,conductor,1,0.1071,4651.41,5176.98,5117.24,5584.5
Copy of IMG00377.JPG,conductor,1,0.1061,2278.81,5596.08,2686.74,6061.53
Copy of IMG00377.JPG,conductor,1,0.1047,7090.12,5893.7,7733.06,6265.32
Copy of IMG00377.JPG,conductor,1,0.1035,5032.33,4797.51,5650.31,5226.47
Copy of IMG00377.JPG,conductor,1,0.0993,2555.69,4847.23,3159.72,5367.89
Copy of IMG00377.JPG,conductor,1,0.0987,2915.26,4911.85,3358.93,5328.14
Copy of IMG00377.JPG,conductor,1,0.0926,5477.94,5652.95,6224.3,6106.28
Copy of IMG00377.JPG,conductor,1,0.0906,6524.0,5580.05,7201.13,6072.4
Copy of IMG00377.JPG,conductor,1,0.0895,5750.9,4761.45,6929.24,5327.19
Copy of IMG00377.JPG,conductor,1,0.0888,2967.2,4824.09,3483.06,5282.71
Copy of IMG00377.JPG,conductor,1,0.0877,6909.02,5259.43,7676.92,5728.05
Copy of IMG00377.JPG,conductor,1,0.0803,6182.98,4896.03,6990.65,5351.35
Copy of IMG00377.JPG,conductor,1,0.0798,2826.63,4840.49,3332.56,5275.74
Copy of IMG00377.JPG,insulator,2,0.0787,4236.53,5031.08,4546.48,5339.34
Copy of IMG00377.JPG,conductor,1,0.0782,5032.71,2136.32,6002.18,2628.28
Copy of IMG00377.JPG,conductor,1,0.0771,7534.71,5568.69,8324.15,6066.11
Copy of IMG00377.JPG,conductor,1,0.077,2039.55,5439.07,2469.24,5814.68
Copy of IMG00377.JPG,insulator,2,0.077,4123.24,4997.67,4477.82,5269.62
Copy of IMG00377.JPG,conductor,1,0.0751,2314.73,4989.17,3019.97,5464.02
Copy of IMG00377.JPG,conductor,1,0.0722,5945.99,2304.04,6641.25,2945.92
Copy of IMG00377.JPG,conductor,1,0.0719,5863.5,5281.77,6485.91,5738.8
Copy of IMG00377.JPG,conductor,1,0.0719,1967.81,5381.69,2462.92,5748.36
Copy of IMG00377.JPG,conductor,1,0.0719,3514.65,5168.96,3992.89,5876.27
Copy of IMG00377.JPG,conductor,1,0.0718,6273.88,5472.33,6914.76,5935.5
Copy of IMG00377.JPG,conductor,1,0.0713,7398.33,5528.7,8220.61,6020.19
Copy of IMG00377.JPG,conductor,1,0.0711,5780.62,4719.66,6742.73,5272.14
Copy of IMG00377.JPG,conductor,1,0.0708,2045.36,5509.24,2476.33,5914.61
Copy of IMG00377.JPG,conductor,1,0.0699,5037.36,5463.78,5893.67,6023.03
Copy of IMG00377.JPG,conductor,1,0.0694,2713.75,4585.34,3258.95,5036.57
Copy of IMG00377.JPG,conductor,1,0.0686,2197.27,5603.2,2594.3,6058.47
Copy of IMG00377.JPG,conductor,1,0.0674,4917.46,2353.4,5767.76,2973.2
Copy of IMG00377.JPG,conductor,1,0.065,3585.03,5130.97,4080.31,5656.85
Copy of IMG00377.JPG,conductor,1,0.0642,3011.74,4303.25,3717.8,4801.29
Copy of IMG00377.JPG,conductor,1,0.0641,4763.38,5230.72,5518.01,5754.18
Copy of IMG00377.JPG,conductor,1,0.0625,1822.52,5685.57,2248.74,6167.88
Copy of IMG00377.JPG,conductor,1,0.0623,7330.03,5968.21,7762.76,6280.13
Copy of IMG00377.JPG,conductor,1,0.062,2403.07,5479.83,2842.22,5945.11
Copy of IMG00377.JPG,conductor,1,0.0604,1973.82,5891.68,2365.39,6278.92
Copy of IMG00377.JPG,conductor,1,0.0601,3989.71,5289.3,4353.57,6274.02
Copy of IMG00377.JPG,conductor,1,0.0597,2374.59,5541.05,2792.61,6022.88
Copy of IMG00377.JPG,conductor,1,0.0591,6097.16,5325.98,6619.24,5771.24
Copy of IMG00377.JPG,conductor,1,0.0583,3398.12,4238.87,3863.88,4665.77
Copy of IMG00377.JPG,conductor,1,0.0582,2617.75,4771.63,3143.42,5248.89
Copy of IMG00377.JPG,conductor,1,0.0581,6005.93,2246.76,6701.23,2849.75
Copy of IMG00377.JPG,conductor,1,0.0575,2099.53,5547.71,2589.58,6020.57
Copy of IMG00377.JPG,conductor,1,0.0575,3159.16,5581.64,3635.63,6087.24
Copy of IMG00377.JPG,conductor,1,0.0568,5419.89,4516.68,6267.38,5033.81
Copy of IMG00377.JPG,conductor,1,0.0561,7284.06,5470.48,8135.33,5961.83
Copy of IMG00377.JPG,conductor,1,0.0555,2648.95,4872.86,3181.27,5281.73
Copy of IMG00377.JPG,conductor,1,0.0546,3035.1,4347.35,3540.57,4766.0
Copy of IMG00377.JPG,conductor,1,0.0541,2441.36,5389.57,3000.65,5804.09
Copy of IMG00377.JPG,conductor,1,0.053,2899.86,4726.87,3430.51,5269.52
Copy of IMG00377.JPG,conductor,1,0.053,5618.87,4606.15,6336.13,5101.13
Copy of IMG00377.JPG,conductor,1,0.0526,6249.68,5338.81,6865.25,5845.67
Copy of IMG00377.JPG,conductor,1,0.0515,2821.69,4982.4,3265.45,5426.42
Copy of IMG00377.JPG,conductor,1,0.0511,2235.16,5431.38,2717.18,5902.21
Copy of IMG00377.JPG,conductor,1,0.0501,5497.4,1719.85,6399.68,2266.81
Copy of IMG00377.JPG,conductor,1,0.05,2374.9,5409.71,2857.32,5823.01
Copy of IMG00377.JPG,conductor,1,0.05,2760.91,4527.44,3418.65,4934.89
Copy of IMG03526.JPG,insulator,2,0.7774,4910.59,1214.68,5169.21,1569.5
Copy of IMG03526.JPG,pylon,0,0.7323,4630.32,2076.33,5145.76,4530.09
Copy of IMG03526.JPG,insulator,2,0.5996,4855.13,752.72,5169.77,1128.98
Copy of IMG03526.JPG,insulator,2,0.5719,4931.61,1592.97,5221.43,1989.07
Copy of IMG03526.JPG,conductor,1,0.4351,2037.58,3084.31,3148.49,3806.71
Copy of IMG03526.JPG,conductor,1,0.411,280.44,4997.87,1446.75,5744.07
Copy of IMG03526.JPG,conductor,1,0.3686,2166.52,2955.88,3212.84,3682.63
Copy of IMG03526.JPG,conductor,1,0.3675,1342.21,3756.22,2507.94,4478.08
Copy of IMG03526.JPG,conductor,1,0.3138,2936.15,2204.67,3905.55,2688.83
Copy of IMG03526.JPG,conductor,1,0.3078,2414.9,2781.23,3377.94,3468.25
Copy of IMG03526.JPG,conductor,1,0.2898,343.62,4943.94,1521.13,5598.67
Copy of IMG03526.JPG,conductor,1,0.2802,1227.39,5323.9,1940.33,6254.71
Copy of IMG03526.JPG,conductor,1,0.2712,2273.13,2861.33,3260.62,3579.18
Copy of IMG03526.JPG,conductor,1,0.2531,3464.7,1755.91,4450.32,2203.19
Copy of IMG03526.JPG,conductor,1,0.2436,7876.92,4326.05,9501.25,5035.83
Copy of IMG03526.JPG,conductor,1,0.1546,1180.82,3780.64,2485.12,4636.33
Copy of IMG03526.JPG,conductor,1,0.1504,177.25,4954.15,1491.55,6219.97
Copy of IMG03526.JPG,conductor,1,0.1142,1780.66,3189.05,3090.76,3869.35
Copy of IMG03526.JPG,conductor,1,0.0977,8540.09,2989.45,9504.0,3562.41
Copy of IMG03526.JPG,conductor,1,0.0972,1397.98,3681.18,2533.88,4276.15
Copy of IMG03526.JPG,conductor,1,0.0956,7864.09,4358.88,9499.69,5327.6
Copy of IMG03526.JPG,conductor,1,0.0945,131.05,5371.08,938.37,6259.04
Copy of IMG03526.JPG,conductor,1,0.0873,3408.51,1859.89,4191.82,2264.43
Copy of IMG03526.JPG,conductor,1,0.0832,8438.66,3033.86,9504.0,3888.9
Copy of IMG03526.JPG,conductor,1,0.0831,3006.32,2159.48,3962.78,2620.51
Copy of IMG03526.JPG,conductor,1,0.0796,2517.54,2734.48,3466.8,3371.93
Copy of IMG03526.JPG,conductor,1,0.0788,7890.36,4167.1,9503.17,4936.86
Copy of IMG03526.JPG,conductor,1,0.0777,3367.21,1800.25,4360.94,2267.54
Copy of IMG03526.JPG,conductor,1,0.0776,55.13,5770.38,691.33,6281.85
Copy of IMG03526.JPG,conductor,1,0.0726,204.87,5148.19,1164.31,6183.7
Copy of IMG03526.JPG,conductor,1,0.069,238.84,5055.33,1286.59,5984.24
Copy of IMG03526.JPG,conductor,1,0.0674,1442.65,4007.98,2410.18,4644.16
Copy of IMG03526.JPG,conductor,1,0.0667,5026.15,262.42,5864.19,613.42
Copy of IMG03526.JPG,conductor,1,0.0664,3514.09,1712.06,4388.46,2082.0
Copy of IMG03526.JPG,conductor,1,0.0633,398.72,4809.72,1573.11,5504.24
Copy of IMG00248.JPG,insulator,2,0.5768,4717.29,3590.62,4943.95,3793.51
Copy of IMG00248.JPG,conductor,1,0.3065,4621.15,3781.24,5106.69,6268.67
Copy of IMG00248.JPG,conductor,1,0.2822,5130.5,3160.97,9393.11,3456.0
Copy of IMG00248.JPG,insulator,2,0.2685,4852.57,2736.53,5138.92,3066.84
Copy of IMG00248.JPG,conductor,1,0.206,4945.63,3209.75,9504.0,3505.24
Copy of IMG00248.JPG,conductor,1,0.1172,9.61,2657.73,880.88,2840.96
Copy of IMG00248.JPG,conductor,1,0.0981,5204.77,3144.01,8643.75,3413.57
Copy of IMG00248.JPG,conductor,1,0.08,4499.07,1573.42,5227.66,2612.82
Copy of IMG00248.JPG,conductor,1,0.0649,3.72,2672.7,979.01,2921.79
Copy of IMG00241.JPG,insulator,2,0.7551,4281.49,2297.07,4734.78,2674.75
Copy of IMG00241.JPG,insulator,2,0.7491,5507.91,2825.91,5816.55,3124.21
Copy of IMG00241.JPG,pylon,0,0.661,5195.45,3569.41,5573.53,6100.13
Copy of IMG00241.JPG,insulator,2,0.6155,4906.49,2520.95,5227.88,2835.99
Copy of IMG00241.JPG,conductor,1,0.5804,4008.47,3712.02,4774.19,4298.43
Copy of IMG00241.JPG,conductor,1,0.2039,1263.6,4090.75,2120.34,4660.48
Copy of IMG00241.JPG,conductor,1,0.1997,4090.07,3640.27,4817.54,4199.01
Copy of IMG00241.JPG,conductor,1,0.1493,6442.9,5273.01,7498.86,6060.55
Copy of IMG00241.JPG,conductor,1,0.1282,3556.91,3227.13,4369.19,3836.55
Copy of IMG00241.JPG,conductor,1,0.1247,5802.43,3013.23,6338.38,3465.56
Copy of IMG00241.JPG,conductor,1,0.1221,9061.06,5841.69,9504.0,6310.01
Copy of IMG00241.JPG,conductor,1,0.1141,4356.88,3505.69,4970.88,4002.17
Copy of IMG00241.JPG,conductor,1,0.1022,16.1,5195.67,488.35,5606.46
Copy of IMG00241.JPG,conductor,1,0.0967,4482.88,3503.9,4978.66,3912.85
Copy of IMG00241.JPG,conductor,1,0.096,2853.19,2706.06,4061.78,3398.86
Copy of IMG00241.JPG,insulator,2,0.0932,5241.69,2784.87,5438.94,3032.17
Copy of IMG00241.JPG,conductor,1,0.0908,4202.85,3543.54,4929.66,4088.62
Copy of IMG00241.JPG,conductor,1,0.0906,3926.1,3807.0,4664.68,4311.62
Copy of IMG00241.JPG,conductor,1,0.0893,4472.92,5245.88,5296.45,5961.41
Copy of IMG00241.JPG,insulator,2,0.0865,5221.33,2825.16,5503.66,3087.17
Copy of IMG00241.JPG,conductor,1,0.0853,4326.51,5161.27,5250.09,5841.39
Copy of IMG00241.JPG,conductor,1,0.0818,493.65,4747.58,1155.41,5264.33
Copy of IMG00241.JPG,conductor,1,0.0796,8962.67,5758.85,9503.75,6258.86
Copy of IMG00241.JPG,conductor,1,0.0715,3422.1,3283.34,4281.66,3863.73
Copy of IMG00241.JPG,conductor,1,0.0645,3756.14,3094.57,4439.86,3728.87
Copy of IMG00241.JPG,conductor,1,0.0619,6014.86,2685.86,6495.3,3157.08
Copy of IMG00241.JPG,conductor,1,0.0546,685.47,5534.84,1003.48,6017.42
Copy of IMG00241.JPG,conductor,1,0.0526,8537.37,5586.4,9262.51,6093.52
Copy of IMG00241.JPG,conductor,1,0.0503,744.03,4898.63,1105.79,5296.45
Copy of IMG00388.JPG,insulator,2,0.784,5083.31,2790.1,5407.75,3096.01
Copy of IMG00388.JPG,insulator,2,0.747,4206.16,2935.58,4444.69,3216.27
Copy of IMG00388.JPG,insulator,2,0.535,4628.94,2505.55,4954.4,2770.31
Copy of IMG00388.JPG,conductor,1,0.4389,4993.58,5326.96,5581.95,6271.07
Copy of IMG00388.JPG,conductor,1,0.3363,4871.41,5169.38,5487.13,6120.85
Copy of IMG00388.JPG,pylon,0,0.2494,4557.86,3181.04,4957.17,6276.35
Copy of IMG00388.JPG,conductor,1,0.1951,4560.89,3245.99,4953.5,6246.77
Copy of IMG00388.JPG,insulator,2,0.1522,4287.02,2935.54,4506.84,3199.14
Copy of IMG00388.JPG,conductor,1,0.0893,5617.33,5297.72,6140.77,6118.38
Copy of IMG00388.JPG,conductor,1,0.0756,6084.75,5554.31,6696.52,6300.74
Copy of IMG00388.JPG,conductor,1,0.0656,4870.52,5143.74,5417.04,5882.03
Copy of IMG00388.JPG,conductor,1,0.0596,5274.16,3301.51,6527.88,5188.26
Copy of IMG00398.JPG,pylon,0,0.8491,4764.54,3578.9,5235.68,6292.08
Copy of IMG00398.JPG,insulator,2,0.7722,4120.71,2940.27,4420.19,3269.34
Copy of IMG00398.JPG,insulator,2,0.6878,5534.5,3121.03,5848.11,3439.04
Copy of IMG00398.JPG,insulator,2,0.6343,4823.54,3068.27,5082.25,3327.45
Copy of IMG00398.JPG,conductor,1,0.2028,3234.38,5605.5,3982.84,6324.85
Copy of IMG00398.JPG,insulator,2,0.1378,5100.78,2813.99,5330.6,3007.94
Copy of IMG00398.JPG,conductor,1,0.092,3526.18,3383.35,4236.69,4249.33
Copy of IMG00398.JPG,insulator,2,0.0644,4943.73,2805.39,5185.28,2985.49
Copy of IMG00398.JPG,conductor,1,0.0638,2380.02,5739.74,3166.7,6336.0
Copy of IMG00398.JPG,insulator,2,0.0571,5087.88,3313.02,5331.0,3568.09
Copy of IMG00398.JPG,insulator,2,0.0534,4735.46,3180.84,5025.47,3392.94
Copy of IMG00437.JPG,insulator,2,0.8039,3690.36,1050.59,4077.59,1427.03
Copy of IMG00437.JPG,insulator,2,0.6111,4903.28,1164.75,5339.03,1542.61
Copy of IMG00437.JPG,conductor,1,0.5877,2519.8,1606.45,3484.14,2417.98
Copy of IMG00437.JPG,conductor,1,0.4846,2.14,5308.81,624.68,6136.98
Copy of IMG00437.JPG,insulator,2,0.4844,4403.87,1317.55,4648.2,1518.86
Copy of IMG00437.JPG,insulator,2,0.4775,4327.72,1105.32,4576.11,1340.57
Copy of IMG00437.JPG,pylon,0,0.4517,4079.77,2240.79,4695.97,4579.73
Copy of IMG00437.JPG,conductor,1,0.4194,3775.59,1678.52,4099.64,2160.09
Copy of IMG00437.JPG,conductor,1,0.3882,3.24,2222.89,2358.56,4375.13
Copy of IMG00437.JPG,conductor,1,0.3356,3811.37,1653.46,4125.08,2083.42
Copy of IMG00437.JPG,conductor,1,0.3309,1247.47,2560.43,2330.74,3419.69
Copy of IMG00437.JPG,conductor,1,0.3166,0.0,4678.83,682.2,5326.31
Copy of IMG00437.JPG,conductor,1,0.3135,2.37,3980.51,564.63,4584.83
Copy of IMG00437.JPG,conductor,1,0.3005,3703.1,1716.62,4061.8,2214.4
Copy of IMG00437.JPG,conductor,1,0.2957,3513.24,1890.93,3961.13,2344.45
Copy of IMG00437.JPG,conductor,1,0.2863,2380.04,1653.33,3448.22,2603.21
Copy of IMG00437.JPG,conductor,1,0.2364,2602.84,2615.71,3634.15,3834.33
Copy of IMG00437.JPG,conductor,1,0.2143,0.72,2682.84,2086.87,4549.99
Copy of IMG00437.JPG,conductor,1,0.1897,3591.95,1850.26,4020.42,2310.85
Copy of IMG00437.JPG,insulator,2,0.1869,4241.96,1096.18,4584.3,1368.22
Copy of IMG00437.JPG,conductor,1,0.1752,1.94,3577.99,1035.95,4420.5
Copy of IMG00437.JPG,conductor,1,0.1718,2716.77,1566.11,3564.35,2153.76
Copy of IMG00437.JPG,conductor,1,0.1676,0.61,3801.17,676.99,4540.15
Copy of IMG00437.JPG,conductor,1,0.1647,0.0,4780.58,441.97,5368.68
Copy of IMG00437.JPG,insulator,2,0.1532,4597.34,1503.32,4868.39,1698.64
Copy of IMG00437.JPG,conductor,1,0.135,3462.99,1930.03,3944.14,2420.13
Copy of IMG00437.JPG,conductor,1,0.1306,0.0,5392.56,500.75,6263.82
Copy of IMG00437.JPG,conductor,1,0.1256,5.25,4475.92,830.22,5166.8
Copy of IMG00437.JPG,conductor,1,0.1184,965.86,4372.64,1896.84,5345.25
Copy of IMG00437.JPG,conductor,1,0.1142,243.68,5103.0,881.87,5872.8
Copy of IMG00437.JPG,insulator,2,0.1138,4517.02,1479.66,4909.87,1692.24
Copy of IMG00437.JPG,conductor,1,0.1119,195.28,4332.65,981.46,5046.75
Copy of IMG00437.JPG,conductor,1,0.1073,2.91,3372.45,1381.79,4210.3
Copy of IMG00437.JPG,conductor,1,0.1055,0.84,5482.24,300.89,6248.76
Copy of IMG00437.JPG,insulator,2,0.0966,4387.79,1330.87,4649.23,1569.99
Copy of IMG00437.JPG,conductor,1,0.0944,2864.29,1563.68,3608.78,2252.28
Copy of IMG00437.JPG,conductor,1,0.0934,0.54,4814.94,310.93,5365.67
Copy of IMG00437.JPG,conductor,1,0.0916,3723.25,2243.8,4180.12,2737.48
Copy of IMG00437.JPG,conductor,1,0.0901,23.39,5215.06,789.54,6031.59
Copy of IMG00437.JPG,conductor,1,0.0874,307.27,5042.57,989.14,5741.76
Copy of IMG00437.JPG,conductor,1,0.0869,1038.69,2587.91,2285.63,3653.33
Copy of IMG00437.JPG,conductor,1,0.0846,21.33,1791.59,2441.21,4085.78
Copy of IMG00437.JPG,insulator,2,0.0703,4363.83,1190.54,4610.27,1404.07
Copy of IMG00437.JPG,conductor,1,0.0677,3851.85,2174.94,4252.98,2641.98
Copy of IMG00437.JPG,insulator,2,0.0673,4201.27,1141.75,4524.06,1366.04
Copy of IMG00437.JPG,conductor,1,0.0666,455.43,4171.33,1130.71,4825.31
Copy of IMG00437.JPG,conductor,1,0.0642,0.0,2759.86,1354.86,4636.69
Copy of IMG00437.JPG,conductor,1,0.0641,817.22,4565.84,1636.32,5351.77
Copy of IMG00437.JPG,conductor,1,0.0635,3598.68,2354.2,4096.66,2859.05
Copy of IMG00437.JPG,conductor,1,0.0626,492.04,2850.61,1813.41,3783.08
Copy of IMG00437.JPG,conductor,1,0.0609,312.72,4237.48,1068.7,4938.71
Copy of IMG00437.JPG,conductor,1,0.0593,2127.29,3517.01,2802.82,4242.04
Copy of IMG00437.JPG,conductor,1,0.0581,3063.24,1531.2,3664.68,2038.24
Copy of IMG00437.JPG,conductor,1,0.0542,3681.45,2322.58,4161.54,2785.55
Copy of IMG00437.JPG,insulator,2,0.0537,4165.79,1313.51,4366.92,1529.41
Copy of IMG00437.JPG,insulator,2,0.0534,4709.94,2005.51,4979.78,2226.52
Copy of IMG03449.JPG,insulator,2,0.9051,4742.96,3146.58,5040.95,3522.4
Copy of IMG03449.JPG,pylon,0,0.8983,4014.14,3585.64,4531.29,6287.96
Copy of IMG03449.JPG,insulator,2,0.7047,3435.57,3544.6,3712.05,3873.43
Copy of IMG03449.JPG,conductor,1,0.6885,5230.37,3542.97,6255.33,4116.65
Copy of IMG03449.JPG,conductor,1,0.6523,5055.84,4840.89,6137.05,5697.8
Copy of IMG03449.JPG,conductor,1,0.5131,5886.21,5531.65,6876.15,6255.63
Copy of IMG03449.JPG,conductor,1,0.4771,2715.45,2584.89,3973.01,3028.52
Copy of IMG03449.JPG,conductor,1,0.4403,4627.94,4430.38,5426.28,5314.48
Copy of IMG03449.JPG,conductor,1,0.3685,7732.31,5656.89,8545.75,6154.55
Copy of IMG03449.JPG,conductor,1,0.3335,8252.7,5375.39,9364.39,5847.95
Copy of IMG03449.JPG,conductor,1,0.3284,7729.35,4997.58,8828.95,5554.74
Copy of IMG03449.JPG,conductor,1,0.3197,4813.08,4693.58,6022.99,5648.92
Copy of IMG03449.JPG,conductor,1,0.2999,6489.1,4279.53,7783.96,4874.98
Copy of IMG03449.JPG,insulator,2,0.2971,4080.08,3092.65,4319.43,3445.88
Copy of IMG03449.JPG,conductor,1,0.278,5133.92,3988.83,5840.61,4525.95
Copy of IMG03449.JPG,conductor,1,0.2649,7154.98,5261.94,7872.77,5789.66
Copy of IMG03449.JPG,conductor,1,0.2643,7063.24,5211.43,7788.31,5711.94
Copy of IMG03449.JPG,conductor,1,0.2152,5777.27,4434.72,6574.56,5010.42
Copy of IMG03449.JPG,conductor,1,0.2037,8424.5,5501.25,9492.05,5981.25
Copy of IMG03449.JPG,conductor,1,0.202,5271.89,3602.12,6427.7,4161.94
Copy of IMG03449.JPG,conductor,1,0.1983,9011.08,5883.2,9504.0,6278.35
Copy of IMG03449.JPG,conductor,1,0.1972,6856.06,4528.07,8132.19,5137.0
Copy of IMG03449.JPG,conductor,1,0.1957,8313.69,5422.72,9433.28,5940.88
Copy of IMG03449.JPG,conductor,1,0.1897,9080.41,5948.24,9503.92,6289.82
Copy of IMG03449.JPG,conductor,1,0.1697,895.34,2485.78,2051.02,2993.25
Copy of IMG03449.JPG,conductor,1,0.1671,6614.22,4363.8,8019.37,5077.81
Copy of IMG03449.JPG,conductor,1,0.1659,7844.41,5734.39,8633.13,6234.24
Copy of IMG03449.JPG,conductor,1,0.1583,7395.83,4822.54,8585.46,5416.76
Copy of IMG03449.JPG,conductor,1,0.1521,5020.89,3952.47,5748.11,4487.75
Copy of IMG03449.JPG,conductor,1,0.1474,6540.36,4885.32,7287.22,5444.26
Copy of IMG03449.JPG,conductor,1,0.1449,8374.19,6009.66,8831.82,6314.28
Copy of IMG03449.JPG,conductor,1,0.1395,4696.33,4552.73,5812.06,5548.03
Copy of IMG03449.JPG,conductor,1,0.1394,2035.22,2314.17,2960.48,2713.63
Copy of IMG03449.JPG,conductor,1,0.1363,6465.83,4821.03,7228.5,5387.25
Copy of IMG03449.JPG,conductor,1,0.1285,6164.35,4152.7,7715.2,4844.98
Copy of IMG03449.JPG,conductor,1,0.1273,7234.94,5325.54,7970.45,5854.93
Copy of IMG03449.JPG,conductor,1,0.1248,7579.01,5589.59,8466.58,6090.83
Copy of IMG03449.JPG,conductor,1,0.1227,6040.43,4063.21,7513.88,4687.75
Copy of IMG03449.JPG,conductor,1,0.1143,150.95,2085.69,854.18,2453.47
Copy of IMG03449.JPG,conductor,1,0.1139,7151.63,4612.88,8219.96,5249.03
Copy of IMG03449.JPG,conductor,1,0.1138,5955.74,3992.48,7363.24,4623.07
Copy of IMG03449.JPG,conductor,1,0.1132,7295.61,4747.44,8388.66,5310.41
Copy of IMG03449.JPG,conductor,1,0.1128,6061.78,5624.49,6925.04,6264.87
Copy of IMG03449.JPG,conductor,1,0.1115,8109.84,5911.8,8757.04,6299.66
Copy of IMG03449.JPG,conductor,1,0.1112,8792.0,5784.74,9504.0,6259.11
Copy of IMG03449.JPG,conductor,1,0.1111,6945.56,5155.83,7744.4,5636.45
Copy of IMG03449.JPG,conductor,1,0.103,5154.45,3507.37,6054.94,4005.32
Copy of IMG03449.JPG,conductor,1,0.097,7516.5,4933.13,8616.79,5479.31
Copy of IMG03449.JPG,conductor,1,0.0919,8488.66,5565.66,9484.33,6123.36
Copy of IMG03449.JPG,conductor,1,0.0872,5710.83,3934.47,6912.66,4483.74
Copy of IMG03449.JPG,conductor,1,0.0852,3008.52,2583.88,3925.75,2927.99
Copy of IMG03449.JPG,conductor,1,0.0833,8636.28,5670.67,9500.47,6217.83
Copy of IMG03449.JPG,conductor,1,0.0758,7024.25,4631.85,8079.65,5189.43
Copy of IMG03449.JPG,conductor,1,0.0749,6331.57,4261.79,7570.39,4840.06
Copy of IMG03449.JPG,conductor,1,0.0721,6463.87,5948.67,7020.08,6307.42
Copy of IMG03449.JPG,conductor,1,0.0711,4648.47,4504.4,5580.56,5427.96
Copy of IMG03449.JPG,conductor,1,0.071,5758.73,5411.48,6825.43,6215.03
Copy of IMG03449.JPG,conductor,1,0.0704,5912.32,3999.49,7134.16,4526.78
Copy of IMG03449.JPG,conductor,1,0.0687,6284.6,4738.77,7142.14,5277.85
Copy of IMG03449.JPG,conductor,1,0.0664,7384.37,5407.33,8078.51,5934.32
Copy of IMG03449.JPG,conductor,1,0.0662,8199.43,5983.16,8802.95,6316.32
Copy of IMG03449.JPG,conductor,1,0.0661,8049.08,5283.81,9110.83,5786.91
Copy of IMG03449.JPG,conductor,1,0.0625,6639.7,6016.97,7045.95,6317.31
Copy of IMG03449.JPG,conductor,1,0.0621,5664.98,4350.04,6536.55,4953.84
Copy of IMG03449.JPG,conductor,1,0.0597,7910.11,5201.7,8997.89,5749.27
Copy of IMG03449.JPG,conductor,1,0.0587,7790.78,5117.61,8905.48,5705.59
Copy of IMG03449.JPG,conductor,1,0.054,4506.39,4366.19,5249.9,5104.86
Copy of IMG03449.JPG,conductor,1,0.0537,6293.7,5820.16,7007.54,6293.3
Copy of IMG03449.JPG,conductor,1,0.0532,417.16,980.58,1034.39,1175.16
Copy of IMG03449.JPG,conductor,1,0.0523,6723.28,5065.18,7680.75,5597.72
Copy of IMG03449.JPG,conductor,1,0.0519,5449.18,3716.5,6567.23,4238.35
Copy of IMG03449.JPG,conductor,1,0.0519,2254.57,2445.45,2886.56,2742.47
Copy of IMG03449.JPG,conductor,1,0.0518,499.2,950.37,1127.66,1158.57
Copy of IMG03449.JPG,conductor,1,0.0515,1513.82,2836.41,2432.84,3300.58
Copy of IMG03449.JPG,conductor,1,0.0505,533.58,903.52,1134.37,1110.45
Copy of IMG00005.JPG,insulator,2,0.7115,5096.18,2076.87,5334.71,2335.92
Copy of IMG00005.JPG,conductor,1,0.6052,3683.97,2231.45,4766.32,2657.05
Copy of IMG00005.JPG,pylon,0,0.605,4889.35,2538.26,5535.62,6266.43
Copy of IMG00005.JPG,conductor,1,0.4271,2849.82,2968.31,4224.13,3618.34
Copy of IMG00005.JPG,insulator,2,0.355,5391.25,1965.51,5618.77,2150.49
Copy of IMG00005.JPG,conductor,1,0.3525,0.0,3401.96,983.48,4071.93
Copy of IMG00005.JPG,conductor,1,0.314,2699.25,2514.35,3921.24,3017.85
Copy of IMG00005.JPG,insulator,2,0.3116,5614.67,2434.54,5839.94,2656.31
Copy of IMG00005.JPG,pylon,0,0.305,5083.88,2539.22,5611.53,6286.81
Copy of IMG00005.JPG,conductor,1,0.2813,3929.09,2734.27,4968.97,3271.38
Copy of IMG00005.JPG,conductor,1,0.2561,4084.86,2693.3,5098.19,3161.13
Copy of IMG00005.JPG,conductor,1,0.2328,1674.4,4147.79,3243.67,5000.09
Copy of IMG00005.JPG,conductor,1,0.2126,5618.0,3567.84,9220.59,5443.26
Copy of IMG00005.JPG,conductor,1,0.2059,3782.11,2174.81,4831.96,2552.09
Copy of IMG00005.JPG,conductor,1,0.1847,3157.48,3644.09,4310.46,4482.73
Copy of IMG00005.JPG,conductor,1,0.1672,4243.11,2636.15,5125.35,3020.6
Copy of IMG00005.JPG,conductor,1,0.1666,3531.56,2317.03,4538.74,2694.29
Copy of IMG00005.JPG,conductor,1,0.126,3637.95,3449.9,4800.9,4241.27
Copy of IMG00005.JPG,conductor,1,0.1253,2998.27,2516.07,4012.49,2879.91
Copy of IMG00005.JPG,conductor,1,0.1216,3145.98,2495.23,4111.25,2833.87
Copy of IMG00005.JPG,conductor,1,0.1112,3839.38,3414.12,4900.07,4122.99
Copy of IMG00005.JPG,conductor,1,0.104,5576.01,4534.43,7848.38,5408.83
Copy of IMG00005.JPG,insulator,2,0.1027,5465.05,2241.37,5682.02,2427.15
Copy of IMG00005.JPG,conductor,1,0.0973,4415.99,2600.22,5192.01,3005.66
Copy of IMG00005.JPG,conductor,1,0.097,3457.41,2395.21,4417.9,2714.92
Copy of IMG00005.JPG,conductor,1,0.0915,3974.6,2169.14,4866.6,2469.07
Copy of IMG00005.JPG,conductor,1,0.0872,2.48,3359.49,1129.51,4225.08
Copy of IMG00005.JPG,insulator,2,0.0856,5480.57,2200.09,5676.86,2400.07
Copy of IMG00005.JPG,conductor,1,0.0842,3597.64,2780.74,4879.63,3391.51
Copy of IMG00005.JPG,insulator,2,0.0795,5519.58,2280.27,5711.32,2447.81
Copy of IMG00005.JPG,conductor,1,0.0784,3333.76,2463.83,4189.19,2786.05
Copy of IMG00005.JPG,conductor,1,0.0761,1288.78,2664.53,2260.77,2984.55
Copy of IMG00005.JPG,insulator,2,0.0757,5362.86,3800.76,5623.69,4138.23
Copy of IMG00005.JPG,conductor,1,0.073,4525.79,2546.63,5234.35,2968.56
Copy of IMG00005.JPG,conductor,1,0.066,3395.2,2420.91,4287.43,2746.63
Copy of IMG00005.JPG,conductor,1,0.0649,7651.9,1422.66,8720.31,1668.53
Copy of IMG00005.JPG,insulator,2,0.0645,5383.77,3951.82,5591.84,4144.91
Copy of IMG00005.JPG,conductor,1,0.0626,1047.66,3496.64,2941.35,4259.94
Copy of IMG00005.JPG,conductor,1,0.0599,3054.8,2875.57,4804.98,3507.35
Copy of IMG00005.JPG,conductor,1,0.0589,2858.9,2542.25,3958.13,2933.98
Copy of IMG00005.JPG,conductor,1,0.0561,3259.13,3489.23,4677.18,4378.16
Copy of IMG00005.JPG,conductor,1,0.0527,2508.21,2506.29,3872.35,3133.07
Copy of IMG00005.JPG,conductor,1,0.0512,1309.84,4937.7,3094.52,6287.33
Copy of IMG00074.JPG,pylon,0,0.8088,4051.63,4751.37,4573.18,6286.08
Copy of IMG00074.JPG,insulator,2,0.778,4711.06,3238.73,5049.83,3592.85
Copy of IMG00074.JPG,conductor,1,0.6551,6274.7,4112.04,7714.16,4874.7
Copy of IMG00074.JPG,conductor,1,0.6418,2966.19,2371.26,4160.28,2957.17
Copy of IMG00074.JPG,conductor,1,0.6403,39.02,4863.71,2574.68,5629.65
Copy of IMG00074.JPG,insulator,2,0.607,3572.86,3596.1,3961.86,3944.16
Copy of IMG00074.JPG,insulator,2,0.5688,3854.38,4000.53,4183.15,4320.86
Copy of IMG00074.JPG,conductor,1,0.5632,1893.96,1931.12,3115.9,2541.07
Copy of IMG00074.JPG,conductor,1,0.5551,46.35,4031.08,1422.21,4577.97
Copy of IMG00074.JPG,conductor,1,0.5539,2290.44,4656.46,3618.67,5166.75
Copy of IMG00074.JPG,conductor,1,0.544,5280.92,3479.64,6100.0,3991.23
Copy of IMG00074.JPG,conductor,1,0.5338,7705.15,4924.29,9121.62,5576.27
Copy of IMG00074.JPG,conductor,1,0.442,35.98,3991.73,2378.8,4576.93
Copy of IMG00074.JPG,conductor,1,0.4255,462.91,3753.23,3275.87,4321.71
Copy of IMG00074.JPG,conductor,1,0.4152,5468.49,4455.76,6646.86,5066.89
Copy of IMG00074.JPG,insulator,2,0.4152,4105.65,4483.83,4410.44,4794.24
Copy of IMG00074.JPG,conductor,1,0.4108,1484.65,2422.73,2604.83,2961.54
Copy of IMG00074.JPG,conductor,1,0.4006,8744.17,5413.27,9504.0,6039.63
Copy of IMG00074.JPG,conductor,1,0.3948,5637.82,3657.63,6762.84,4359.11
Copy of IMG00074.JPG,conductor,1,0.3706,7477.73,4778.27,8790.71,5357.82
Copy of IMG00074.JPG,conductor,1,0.356,44.73,3844.38,2680.56,4451.3
Copy of IMG00074.JPG,conductor,1,0.3518,6259.14,4897.51,7414.13,5568.7
Copy of IMG00074.JPG,conductor,1,0.3418,7593.7,5635.81,8700.78,6259.85
Copy of IMG00074.JPG,conductor,1,0.3382,4959.92,4044.61,5749.67,4573.74
Copy of IMG00074.JPG,conductor,1,0.3111,7551.1,4822.21,8911.8,5461.5
Copy of IMG00074.JPG,insulator,2,0.2954,3991.69,4507.14,4375.35,4796.63
Copy of IMG00074.JPG,conductor,1,0.2694,703.74,2071.27,1674.47,2554.87
Copy of IMG00074.JPG,conductor,1,0.2404,7848.18,5718.21,8748.36,6285.85
Copy of IMG00074.JPG,conductor,1,0.239,21.06,5019.89,1630.54,5655.89
Copy of IMG00074.JPG,conductor,1,0.2323,5156.91,4250.66,6270.33,4950.24
Copy of IMG00074.JPG,conductor,1,0.2322,48.86,3726.27,3226.5,4475.05
Copy of IMG00074.JPG,conductor,1,0.2153,7409.75,5559.82,8547.48,6194.66
Copy of IMG00074.JPG,conductor,1,0.2097,5255.83,4341.68,6434.95,5006.4
Copy of IMG00074.JPG,conductor,1,0.2007,5336.81,3540.64,6640.91,4257.76
Copy of IMG00074.JPG,conductor,1,0.1885,4953.57,4071.18,5897.08,4676.03
Copy of IMG00074.JPG,insulator,2,0.1805,4248.64,2940.99,4573.49,3229.52
Copy of IMG00074.JPG,insulator,2,0.1604,3735.75,3358.49,4047.25,3778.3
Copy of IMG00074.JPG,conductor,1,0.1528,1666.83,4190.18,3246.19,4719.22
Copy of IMG00074.JPG,conductor,1,0.1523,884.26,4204.36,3254.21,4770.1
Copy of IMG00074.JPG,conductor,1,0.1522,329.89,4327.76,2423.15,4836.87
Copy of IMG00074.JPG,conductor,1,0.1521,2455.81,2854.25,3565.05,3385.67
Copy of IMG00074.JPG,conductor,1,0.152,5021.35,4154.34,6030.24,4778.76
Copy of IMG00074.JPG,conductor,1,0.1467,8031.83,5834.59,8804.94,6303.12
Copy of IMG00074.JPG,conductor,1,0.146,2282.66,2782.26,3439.88,3369.37
Copy of IMG00074.JPG,conductor,1,0.1452,1993.84,4173.7,3328.96,4684.36
Copy of IMG00074.JPG,conductor,1,0.1377,394.29,4813.16,2575.99,5488.14
Copy of IMG00074.JPG,insulator,2,0.1331,3684.1,3408.02,4022.6,3793.8
Copy of IMG00074.JPG,conductor,1,0.133,5557.99,4544.01,6790.99,5152.04
Copy of IMG00074.JPG,insulator,2,0.1279,3615.25,3393.71,4027.91,3960.66
Copy of IMG00074.JPG,conductor,1,0.1214,6058.14,4821.37,7302.37,5477.32
Copy of IMG00074.JPG,conductor,1,0.1191,244.79,1875.43,1156.0,2302.89
Copy of IMG00074.JPG,conductor,1,0.1171,5729.13,3786.04,6797.79,4416.54
Copy of IMG00074.JPG,conductor,1,0.1157,8.13,4084.67,1230.49,4635.11
Copy of IMG00074.JPG,conductor,1,0.1143,3.99,4516.09,1528.87,5072.3
Copy of IMG00074.JPG,conductor,1,0.1089,796.74,2108.51,1762.11,2608.5
Copy of IMG00074.JPG,conductor,1,0.0928,4897.67,4017.7,5629.38,4516.57
Copy of IMG00074.JPG,conductor,1,0.09,6453.55,5034.6,7670.94,5698.69
Copy of IMG00074.JPG,conductor,1,0.0879,3.0,4585.36,983.02,5173.89
Copy of IMG00074.JPG,conductor,1,0.0813,5718.61,4624.91,6903.15,5211.72
Copy of IMG00074.JPG,conductor,1,0.0804,5282.39,3469.77,6292.73,4076.21
Copy of IMG00074.JPG,insulator,2,0.0776,3612.46,3514.93,4004.08,3914.21
Copy of IMG00074.JPG,insulator,2,0.0774,3683.98,3367.47,4050.71,3909.67
Copy of IMG00074.JPG,conductor,1,0.0773,6744.82,5172.49,7872.95,5795.98
Copy of IMG00074.JPG,conductor,1,0.0737,25.3,4275.32,2892.81,4826.93
Copy of IMG00074.JPG,conductor,1,0.0724,7322.59,4246.75,9489.44,4936.95
Copy of IMG00074.JPG,conductor,1,0.0713,0.32,5279.64,446.87,5858.48
Copy of IMG00074.JPG,conductor,1,0.0708,2254.93,2062.71,3118.75,2571.42
Copy of IMG00074.JPG,conductor,1,0.0704,581.17,2011.94,1589.31,2507.64
Copy of IMG00074.JPG,insulator,2,0.0696,3941.79,4559.14,4187.23,4810.98
Copy of IMG00074.JPG,conductor,1,0.0692,7258.57,5464.48,8406.6,6137.63
Copy of IMG00074.JPG,conductor,1,0.0682,7894.36,5006.35,9251.93,5657.44
Copy of IMG00074.JPG,conductor,1,0.0681,0.0,4693.07,575.27,5228.86
Copy of IMG00074.JPG,conductor,1,0.068,7082.22,5327.64,8220.91,5995.22
Copy of IMG00074.JPG,conductor,1,0.0667,907.62,2167.64,1846.67,2664.12
Copy of IMG00074.JPG,conductor,1,0.064,8367.46,5332.58,9503.44,5927.75
Copy of IMG00074.JPG,conductor,1,0.063,1591.78,2477.38,2750.96,3017.27
Copy of IMG00074.JPG,conductor,1,0.062,376.25,1288.05,2048.57,2017.08
Copy of IMG00074.JPG,conductor,1,0.0619,1578.37,2506.28,2963.99,3144.69
Copy of IMG00074.JPG,conductor,1,0.0611,6346.69,4970.76,7579.34,5604.77
Copy of IMG00074.JPG,conductor,1,0.0599,2060.84,2682.15,3251.58,3258.46
Copy of IMG00074.JPG,conductor,1,0.0597,6921.46,5251.39,7939.26,5827.86
Copy of IMG00074.JPG,conductor,1,0.0548,1298.58,3722.36,3345.27,4239.92
Copy of IMG00074.JPG,conductor,1,0.0538,358.82,1926.66,1582.02,2505.14
Copy of IMG00074.JPG,conductor,1,0.0506,0.51,5205.05,589.77,5813.03
Copy of IMG00074.JPG,conductor,1,0.0506,5232.17,3471.67,5908.1,3894.81
Copy of IMG03512.JPG,insulator,2,0.8075,3851.63,3435.12,4245.51,3952.29
Copy of IMG03512.JPG,pylon,0,0.7297,3639.78,4028.94,4283.03,6265.75
Copy of IMG03512.JPG,conductor,1,0.6222,393.63,4227.18,3623.05,5061.13
Copy of IMG03512.JPG,conductor,1,0.6075,4394.97,3637.77,6688.23,4644.54
Copy of IMG03512.JPG,insulator,2,0.5241,3803.54,4510.52,4217.94,4846.29
Copy of IMG03512.JPG,insulator,2,0.5165,3791.3,2423.97,4191.51,2905.36
Copy of IMG03512.JPG,conductor,1,0.4653,55.42,3439.92,3205.62,3887.32
Copy of IMG03512.JPG,conductor,1,0.4647,124.31,2355.77,3606.45,2942.52
Copy of IMG03512.JPG,conductor,1,0.4615,5425.03,2561.89,7346.07,3247.85
Copy of IMG03512.JPG,conductor,1,0.412,4296.3,2043.41,5747.32,2583.98
Copy of IMG03512.JPG,conductor,1,0.3592,402.42,4386.61,2747.07,4933.93
Copy of IMG03512.JPG,conductor,1,0.3564,5497.5,2446.92,7884.29,3146.79
Copy of IMG03512.JPG,conductor,1,0.3514,4375.7,3543.16,7571.47,4625.26
Copy of IMG03512.JPG,conductor,1,0.3117,8325.07,2537.67,9503.89,3216.07
Copy of IMG03512.JPG,conductor,1,0.3069,4343.44,2945.55,5980.74,3614.42
Copy of IMG03512.JPG,conductor,1,0.2761,390.04,4361.82,3613.74,4945.78
Copy of IMG03512.JPG,conductor,1,0.2604,0.0,2456.08,3728.35,2847.57
Copy of IMG03512.JPG,conductor,1,0.255,6979.3,2869.23,9334.73,3799.46
Copy of IMG03512.JPG,conductor,1,0.2393,5714.39,3233.17,8017.12,4039.65
Copy of IMG03512.JPG,conductor,1,0.2238,6432.54,2920.52,9290.86,3905.48
Copy of IMG03512.JPG,conductor,1,0.2209,7738.65,2005.32,9425.61,2616.91
Copy of IMG03512.JPG,conductor,1,0.1997,6885.8,2319.98,8305.48,2886.03
Copy of IMG03512.JPG,conductor,1,0.199,7970.17,1892.27,9501.26,2463.57
Copy of IMG03512.JPG,conductor,1,0.1989,7023.57,1279.23,9182.07,1912.4
Copy of IMG03512.JPG,conductor,1,0.1868,6081.67,2385.21,8155.53,3026.11
Copy of IMG03512.JPG,conductor,1,0.172,7306.87,1232.93,9313.43,1848.42
Copy of IMG03512.JPG,conductor,1,0.1648,5537.85,1575.43,7687.0,2274.23
Copy of IMG03512.JPG,conductor,1,0.1531,8529.01,1882.27,9503.76,2431.24
Copy of IMG03512.JPG,conductor,1,0.1506,7712.52,1191.96,9404.78,1810.37
Copy of IMG03512.JPG,conductor,1,0.1428,7899.05,2606.24,9500.61,3295.84
Copy of IMG03512.JPG,conductor,1,0.1359,7063.96,2242.28,8491.84,2822.48
Copy of IMG03512.JPG,conductor,1,0.1232,7437.59,2766.08,9454.9,3583.73
Copy of IMG03512.JPG,conductor,1,0.1189,1749.22,4365.69,3676.65,4923.94
Copy of IMG03512.JPG,conductor,1,0.0984,7444.99,2017.38,9154.64,2664.63
Copy of IMG03512.JPG,conductor,1,0.084,5496.16,1418.85,8953.49,2292.66
Copy of IMG03512.JPG,conductor,1,0.0696,8913.16,735.27,9503.21,1494.57
Copy of IMG03512.JPG,conductor,1,0.0655,4421.23,1977.24,5939.19,2552.61
Copy of IMG03512.JPG,conductor,1,0.0646,6462.51,1397.28,8745.79,2003.64
Copy of IMG03512.JPG,conductor,1,0.0628,8265.11,878.52,9502.68,1581.91
Copy of IMG03512.JPG,conductor,1,0.0623,7216.84,2070.53,8912.77,2730.73
Copy of IMG03512.JPG,conductor,1,0.0591,5784.71,3070.62,9148.17,4022.56
Copy of IMG03512.JPG,conductor,1,0.058,8407.44,1997.11,9504.0,2383.74
Copy of IMG03512.JPG,conductor,1,0.0552,8639.76,2487.08,9504.0,3110.55
Copy of IMG03512.JPG,conductor,1,0.0537,6042.79,3099.01,8277.55,3940.45
Copy of IMG03512.JPG,conductor,1,0.0536,4508.95,2115.65,5698.75,2525.59
Copy of IMG03512.JPG,conductor,1,0.0534,4529.34,2859.89,6221.83,3512.78
Copy of IMG03512.JPG,conductor,1,0.0518,7875.52,1082.78,9498.83,1702.29
Copy of IMG03512.JPG,conductor,1,0.0515,354.29,4459.56,1767.93,4832.87
Copy of IMG00115.JPG,insulator,2,0.9447,6625.27,3934.94,7121.46,4425.56
Copy of IMG00115.JPG,insulator,2,0.8948,4774.28,4318.54,5198.34,4736.69
Copy of IMG00115.JPG,insulator,2,0.8876,4491.89,3719.26,4917.11,4174.0
Copy of IMG00115.JPG,insulator,2,0.7945,5446.74,3546.43,5849.36,3969.47
Copy of IMG00115.JPG,insulator,2,0.785,6371.51,3408.34,6760.11,3822.17
Copy of IMG00115.JPG,pylon,0,0.7354,5564.01,5385.27,6030.74,6320.44
Copy of IMG00115.JPG,insulator,2,0.7327,5824.13,4256.3,6223.88,4689.7
Copy of IMG00115.JPG,conductor,1,0.4866,6983.64,4636.01,8293.26,6264.36
Copy of IMG00115.JPG,conductor,1,0.4063,3813.86,2335.71,4607.71,3365.58
Copy of IMG00115.JPG,conductor,1,0.3396,6152.34,4883.47,6903.02,5756.22
Copy of IMG00115.JPG,conductor,1,0.2706,4798.49,2388.77,5576.93,3281.71
Copy of IMG00115.JPG,conductor,1,0.2388,5513.98,2033.39,6581.25,3153.79
Copy of IMG00115.JPG,conductor,1,0.2172,5667.55,2216.72,6577.55,3258.08
Copy of IMG00115.JPG,conductor,1,0.1867,5463.11,1928.1,6456.26,2658.94
Copy of IMG00115.JPG,conductor,1,0.1864,5002.61,1223.94,5791.5,1681.5
Copy of IMG00115.JPG,insulator,2,0.1812,6126.89,3997.23,6397.93,4351.38
Copy of IMG00115.JPG,conductor,1,0.1591,418.07,5643.85,6050.75,6076.5
Copy of IMG00115.JPG,conductor,1,0.151,5447.31,1908.75,6331.75,2526.48
Copy of IMG00115.JPG,conductor,1,0.1168,4571.78,386.55,5037.99,704.37
Copy of IMG00115.JPG,insulator,2,0.1165,5801.76,4200.23,6156.16,4613.05
Copy of IMG00115.JPG,conductor,1,0.1139,4396.71,1647.31,5150.19,2353.63
Copy of IMG00115.JPG,conductor,1,0.1132,0.0,5677.69,5340.89,6050.58
Copy of IMG00115.JPG,insulator,2,0.1104,5533.03,4154.26,5786.63,4497.24
Copy of IMG00115.JPG,insulator,2,0.1068,6136.2,3906.54,6400.71,4311.1
Copy of IMG00115.JPG,insulator,2,0.1058,5514.04,4225.21,5740.41,4545.2
Copy of IMG00115.JPG,conductor,1,0.1036,4024.32,888.88,4576.97,1316.54
Copy of IMG00115.JPG,conductor,1,0.0974,3229.92,1038.44,3793.92,1517.07
Copy of IMG00115.JPG,conductor,1,0.0948,6153.46,4894.07,7016.69,6121.7
Copy of IMG00115.JPG,conductor,1,0.0947,3251.71,1096.16,3919.76,1668.04
Copy of IMG00115.JPG,conductor,1,0.0938,5410.16,1833.91,6209.52,2401.47
Copy of IMG00115.JPG,conductor,1,0.0884,3708.92,2096.7,4592.73,3305.08
Copy of IMG00115.JPG,conductor,1,0.0807,3743.12,420.88,4206.08,728.64
Copy of IMG00115.JPG,conductor,1,0.0797,1153.85,5608.91,5120.57,6057.45
Copy of IMG00115.JPG,conductor,1,0.0748,6980.76,4661.72,8933.4,6204.76
Copy of IMG00115.JPG,insulator,2,0.0662,6074.57,4190.41,6351.23,4533.66
Copy of IMG00115.JPG,conductor,1,0.0628,3662.25,2066.93,4541.45,3008.72
Copy of IMG00115.JPG,conductor,1,0.062,6110.23,4906.23,6774.02,5583.08
Copy of IMG00115.JPG,conductor,1,0.0597,4054.7,977.48,4549.98,1325.4
Copy of IMG00115.JPG,conductor,1,0.0592,3709.96,355.57,4201.58,658.17
Copy of IMG00115.JPG,conductor,1,0.0547,7293.41,5819.82,8201.48,6311.24
Copy of IMG00115.JPG,conductor,1,0.0521,4619.53,433.69,5143.09,741.73
Copy of IMG00115.JPG,conductor,1,0.0506,3799.14,550.98,4241.85,830.95
Copy of IMG03491.JPG,pylon,0,0.9172,4337.82,4243.95,5027.33,6296.7
Copy of IMG03491.JPG,insulator,2,0.8548,5451.16,4019.71,5883.08,4404.24
Copy of IMG03491.JPG,insulator,2,0.8504,4385.1,2428.36,4793.31,2813.72
Copy of IMG03491.JPG,insulator,2,0.8272,3841.09,3210.76,4320.94,3648.61
Copy of IMG03491.JPG,insulator,2,0.7596,4881.72,5255.19,5433.13,5578.65
Copy of IMG03491.JPG,insulator,2,0.697,3489.19,3398.58,3916.54,3764.34
Copy of IMG03491.JPG,pylon,0,0.6792,2782.21,3790.55,3540.93,6277.39
Copy of IMG03491.JPG,conductor,1,0.6631,6076.1,4211.41,8474.07,5249.76
Copy of IMG03491.JPG,conductor,1,0.6502,5553.05,5310.06,7221.44,6276.88
Copy of IMG03491.JPG,conductor,1,0.6336,0.29,3195.27,1638.6,4539.44
Copy of IMG03491.JPG,conductor,1,0.6157,0.0,3366.47,2840.25,4627.44
Copy of IMG03491.JPG,insulator,2,0.5628,4131.73,2815.01,4569.23,3204.86
Copy of IMG03491.JPG,conductor,1,0.5062,175.85,1432.86,1619.53,2056.42
Copy of IMG03491.JPG,conductor,1,0.4936,5663.17,5535.19,7312.96,6295.08
Copy of IMG03491.JPG,pylon,0,0.4528,2724.9,4500.3,3556.61,6277.58
Copy of IMG03491.JPG,insulator,2,0.437,5107.81,2639.65,5605.51,3202.9
Copy of IMG03491.JPG,conductor,1,0.3886,7847.19,3738.61,9470.46,4453.04
Copy of IMG03491.JPG,insulator,2,0.3573,4699.84,2860.53,5076.26,3185.03
Copy of IMG03491.JPG,insulator,2,0.3533,4643.15,3523.89,5114.47,3916.76
Copy of IMG03491.JPG,conductor,1,0.3519,10.08,2310.61,2522.13,3203.39
Copy of IMG03491.JPG,insulator,2,0.3442,4215.99,2473.05,4645.47,2793.63
Copy of IMG03491.JPG,conductor,1,0.316,0.0,2195.96,1573.64,3100.21
Copy of IMG03491.JPG,insulator,2,0.278,4665.23,2812.16,5032.1,3228.77
Copy of IMG03491.JPG,conductor,1,0.216,6641.27,3373.13,8389.03,4011.81
Copy of IMG03491.JPG,conductor,1,0.1911,3.29,1375.51,600.57,1636.43
Copy of IMG03491.JPG,conductor,1,0.1837,3.27,1265.68,570.7,1667.1
Copy of IMG03491.JPG,conductor,1,0.1804,6668.77,3379.32,9404.87,4216.51
Copy of IMG03491.JPG,insulator,2,0.1763,5910.42,3040.99,6334.75,3348.01
Copy of IMG03491.JPG,conductor,1,0.1689,6788.12,3406.01,8130.56,3789.39
Copy of IMG03491.JPG,conductor,1,0.1562,0.0,2132.61,1285.8,2979.04
Copy of IMG03491.JPG,conductor,1,0.1492,7834.56,3728.95,9363.61,4198.94
Copy of IMG03491.JPG,conductor,1,0.1403,1480.31,1845.66,3358.39,2221.91
Copy of IMG03491.JPG,pylon,0,0.138,2495.46,16.18,3140.18,2005.03
Copy of IMG03491.JPG,conductor,1,0.1344,7578.15,3638.7,9180.25,4035.64
Copy of IMG03491.JPG,conductor,1,0.1193,6958.96,3448.7,8420.39,3827.44
Copy of IMG03491.JPG,conductor,1,0.1128,8080.71,3904.65,9501.93,4599.17
Copy of IMG03491.JPG,insulator,2,0.1047,4101.87,2512.73,4433.25,2766.81
Copy of IMG03491.JPG,insulator,2,0.1044,4835.38,5270.18,5313.83,5542.84
Copy of IMG03491.JPG,conductor,1,0.0956,6272.58,4150.7,8619.57,5477.75
Copy of IMG03491.JPG,pylon,0,0.0955,1578.71,4668.62,2680.91,6247.66
Copy of IMG03491.JPG,conductor,1,0.0954,7457.38,3644.25,9431.21,4366.69
Copy of IMG03491.JPG,conductor,1,0.0929,7364.09,3618.37,8958.52,3991.08
Copy of IMG03491.JPG,insulator,2,0.0913,4173.61,4785.14,4499.31,5078.57
Copy of IMG03491.JPG,conductor,1,0.0901,1462.12,1889.29,3745.16,2262.54
Copy of IMG03491.JPG,conductor,1,0.0859,1481.99,1972.39,3747.44,2398.0
Copy of IMG03491.JPG,conductor,1,0.0857,2685.8,4864.47,3551.52,6263.68
Copy of IMG03491.JPG,conductor,1,0.0817,0.0,1329.58,881.76,1609.99
Copy of IMG03491.JPG,conductor,1,0.0763,8082.9,3877.07,9406.85,4289.3
Copy of IMG03491.JPG,conductor,1,0.0753,6943.69,3528.36,9468.93,4540.19
Copy of IMG03491.JPG,conductor,1,0.0709,17.34,2358.42,3362.8,3300.51
Copy of IMG03491.JPG,conductor,1,0.0707,8440.01,3973.48,9500.02,4416.41
Copy of IMG03491.JPG,conductor,1,0.0702,8346.98,3912.72,9488.8,4308.78
Copy of IMG03491.JPG,conductor,1,0.0687,8520.02,4942.15,9504.0,6286.75
Copy of IMG03491.JPG,conductor,1,0.0674,7114.09,3505.19,8546.45,3908.61
Copy of IMG03491.JPG,conductor,1,0.0645,84.45,3523.4,2870.6,5108.14
Copy of IMG03491.JPG,conductor,1,0.064,8489.82,4032.97,9501.71,4665.1
Copy of IMG03491.JPG,conductor,1,0.0637,6016.06,4170.22,7925.8,5205.46
Copy of IMG03491.JPG,conductor,1,0.0624,1.18,1292.37,999.48,1752.18
Copy of IMG03491.JPG,pylon_fissure,3,0.0621,4476.66,5604.53,4913.34,6291.6
Copy of IMG03491.JPG,conductor,1,0.0604,1558.47,2022.72,3754.85,2496.19
Copy of IMG03491.JPG,insulator,2,0.0599,5002.52,2632.72,5402.49,3029.81
Copy of IMG03491.JPG,conductor,1,0.0583,2.02,2093.13,759.58,2760.57
Copy of IMG03491.JPG,conductor,1,0.0563,1.63,2228.84,737.68,2602.05
Copy of IMG03491.JPG,conductor,1,0.0551,1397.07,1838.42,2831.61,2097.75
Copy of IMG03491.JPG,conductor,1,0.0548,1468.48,1796.2,2926.52,2193.89
Copy of IMG03491.JPG,insulator,2,0.0536,3114.33,4842.3,3407.38,5114.67
Copy of IMG03491.JPG,conductor,1,0.053,8605.05,4057.55,9502.09,4547.48
Copy of IMG03491.JPG,conductor,1,0.0509,7896.75,3810.19,9311.82,4163.99
Copy of IMG03491.JPG,conductor,1,0.0504,443.55,1519.77,1309.62,1834.81
Copy of IMG03491.JPG,insulator,2,0.0503,4696.99,2766.74,5047.05,3156.09
Copy of IMG00482.JPG,pylon,0,0.8749,5239.4,3253.9,5670.87,5685.89
Copy of IMG00482.JPG,conductor,1,0.3196,6137.99,3691.81,9504.0,4939.04
Copy of IMG00482.JPG,conductor,1,0.1885,4319.86,3453.4,5115.79,5021.11
Copy of IMG00482.JPG,conductor,1,0.0754,6899.51,132.86,7345.13,1056.52
Copy of IMG00482.JPG,conductor,1,0.0662,0.0,2229.45,1754.13,3257.59
Copy of IMG00482.JPG,conductor,1,0.0575,6931.62,291.49,7275.0,1051.68
Copy of IMG00482.JPG,conductor,1,0.0534,1.55,2136.92,672.89,2834.6
Copy of IMG00098.JPG,insulator,2,0.8848,4340.04,3592.13,4575.16,3886.44
Copy of IMG00098.JPG,pylon,0,0.8355,4671.29,3781.15,5054.36,6293.91
Copy of IMG00098.JPG,insulator,2,0.7901,5213.28,3551.59,5513.99,3847.28
Copy of IMG00098.JPG,conductor,1,0.5712,5207.17,5193.15,6027.07,6243.54
Copy of IMG00098.JPG,conductor,1,0.5648,6185.94,5128.89,7140.57,6041.11
Copy of IMG00098.JPG,insulator,2,0.5324,4775.96,3177.3,5078.63,3455.45
Copy of IMG00098.JPG,conductor,1,0.438,2992.21,789.68,3554.88,1340.35
Copy of IMG00098.JPG,conductor,1,0.3515,5150.58,5008.85,5894.3,6036.13
Copy of IMG00098.JPG,conductor,1,0.2542,3438.05,1344.31,4142.81,1944.56
Copy of IMG00098.JPG,conductor,1,0.2009,3551.25,2541.91,4237.9,3285.86
Copy of IMG00098.JPG,conductor,1,0.1982,5112.43,4877.09,5694.03,5608.12
Copy of IMG00098.JPG,conductor,1,0.1971,5621.27,4459.97,6224.59,4966.77
Copy of IMG00098.JPG,conductor,1,0.1784,2808.79,583.66,3376.08,1047.89
Copy of IMG00098.JPG,conductor,1,0.1624,5296.88,5390.79,6023.75,6182.14
Copy of IMG00098.JPG,conductor,1,0.1562,5344.37,3944.75,5885.8,4427.43
Copy of IMG00098.JPG,conductor,1,0.15,3502.05,2372.19,4182.72,3241.25
Copy of IMG00098.JPG,conductor,1,0.1424,5272.29,3942.95,5654.05,4375.58
Copy of IMG00098.JPG,conductor,1,0.1398,5701.42,4660.94,6335.52,5178.3
Copy of IMG00098.JPG,conductor,1,0.134,2793.31,547.63,3302.81,964.83
Copy of IMG00098.JPG,conductor,1,0.1331,2430.3,930.13,2991.73,1523.55
Copy of IMG00098.JPG,conductor,1,0.1325,2891.31,717.83,3512.84,1278.31
Copy of IMG00098.JPG,conductor,1,0.1228,2974.69,1710.18,3567.05,2332.2
Copy of IMG00098.JPG,conductor,1,0.1222,5376.18,5536.58,6042.3,6252.85
Copy of IMG00098.JPG,conductor,1,0.1137,5305.0,4012.55,5780.21,4413.48
Copy of IMG00098.JPG,conductor,1,0.1094,2383.77,863.48,2929.2,1454.1
Copy of IMG00098.JPG,conductor,1,0.1086,3633.76,2703.83,4266.49,3294.24
Copy of IMG00098.JPG,conductor,1,0.1003,5138.53,4991.24,5809.97,5723.44
Copy of IMG00098.JPG,conductor,1,0.0991,2325.68,766.76,2883.46,1320.38
Copy of IMG00098.JPG,conductor,1,0.0991,3087.04,1857.69,3610.8,2347.27
Copy of IMG00098.JPG,conductor,1,0.0966,3492.58,1441.99,4218.14,2084.92
Copy of IMG00098.JPG,conductor,1,0.0957,5448.87,3855.62,5926.98,4298.63
Copy of IMG00098.JPG,conductor,1,0.0932,5621.54,4321.96,6243.52,4730.9
Copy of IMG00098.JPG,conductor,1,0.0913,2796.74,1379.18,3271.11,1897.96
Copy of IMG00098.JPG,conductor,1,0.0879,5663.29,4534.68,6278.56,5107.19
Copy of IMG00098.JPG,conductor,1,0.0806,5629.06,4222.2,6220.72,4591.28
Copy of IMG00098.JPG,conductor,1,0.0802,5645.6,4437.68,6276.44,4832.26
Copy of IMG00098.JPG,conductor,1,0.0789,2733.98,1295.83,3211.91,1808.37
Copy of IMG00098.JPG,conductor,1,0.078,2913.0,1614.49,3496.22,2158.84
Copy of IMG00098.JPG,conductor,1,0.0777,2749.22,444.97,3255.43,879.55
Copy of IMG00098.JPG,conductor,1,0.0751,6116.4,4986.6,7132.06,5811.09
Copy of IMG00098.JPG,conductor,1,0.0722,5456.33,3996.91,5957.27,4358.75
Copy of IMG00098.JPG,conductor,1,0.0715,5082.6,4832.55,5618.36,5478.97
Copy of IMG00098.JPG,conductor,1,0.0712,2382.88,55.02,2937.48,539.39
Copy of IMG00098.JPG,conductor,1,0.0711,5658.93,4285.46,6282.65,4667.83
Copy of IMG00098.JPG,insulator,2,0.0711,5144.12,3545.68,5373.45,3825.56
Copy of IMG00098.JPG,conductor,1,0.0706,4077.77,4003.87,4471.62,4309.92
Copy of IMG00098.JPG,conductor,1,0.0698,5505.82,4158.51,6141.54,4567.41
Copy of IMG00098.JPG,conductor,1,0.0693,2870.34,1515.96,3387.38,2042.0
Copy of IMG00098.JPG,conductor,1,0.0682,5444.59,4038.2,6035.96,4471.59
Copy of IMG00098.JPG,conductor,1,0.0667,3558.59,3884.83,4271.26,4218.38
Copy of IMG00098.JPG,conductor,1,0.0643,3396.61,2242.95,3925.27,2791.61
Copy of IMG00098.JPG,conductor,1,0.0642,3458.06,2295.12,4051.27,3178.24
Copy of IMG00098.JPG,conductor,1,0.0609,2495.68,1088.43,3102.76,1670.29
Copy of IMG00098.JPG,conductor,1,0.0607,2276.57,721.55,2811.04,1248.53
Copy of IMG00098.JPG,conductor,1,0.0605,3815.74,3953.13,4357.65,4271.74
Copy of IMG00098.JPG,conductor,1,0.0602,2612.71,3751.86,4215.4,4229.33
Copy of IMG00098.JPG,conductor,1,0.06,3498.58,2361.84,4102.84,3056.51
Copy of IMG00098.JPG,conductor,1,0.0579,5214.72,3906.28,5606.02,4349.41
Copy of IMG00098.JPG,conductor,1,0.0571,2598.82,1233.72,3140.55,1743.02
Copy of IMG00098.JPG,conductor,1,0.0568,3058.06,946.94,3600.15,1404.13
Copy of IMG00098.JPG,conductor,1,0.0563,6002.85,4858.82,6807.21,5446.14
Copy of IMG00098.JPG,conductor,1,0.0556,3862.17,3986.57,4403.04,4310.13
Copy of IMG00098.JPG,conductor,1,0.0555,3569.19,2607.64,4185.91,3169.96
Copy of IMG00098.JPG,conductor,1,0.0552,2847.92,646.35,3479.11,1180.81
Copy of IMG00098.JPG,conductor,1,0.055,5876.11,4787.76,6524.24,5236.08
Copy of IMG00098.JPG,conductor,1,0.0533,4025.71,4045.74,4514.3,4413.72
Copy of IMG00098.JPG,conductor,1,0.0526,5373.92,3870.14,5833.67,4300.01
Copy of IMG00098.JPG,conductor,1,0.0502,5013.2,4694.04,5498.49,5396.52
Copy of IMG00136.JPG,pylon,0,0.8398,4736.12,1738.27,5375.72,6237.19
Copy of IMG00136.JPG,insulator,2,0.7792,5167.38,623.26,5532.64,939.32
Copy of IMG00136.JPG,insulator,2,0.7565,4665.06,1258.29,4954.46,1659.04
Copy of IMG00136.JPG,insulator,2,0.6526,5585.0,910.03,5929.17,1308.31
Copy of IMG00136.JPG,conductor,1,0.5106,4517.47,104.29,5197.09,527.66
Copy of IMG00136.JPG,conductor,1,0.5064,6022.27,1190.0,6671.24,1689.0
Copy of IMG00136.JPG,conductor,1,0.469,8657.59,3124.39,9497.69,3799.86
Copy of IMG00136.JPG,conductor,1,0.4013,7719.89,2458.04,8907.99,3212.46
Copy of IMG00136.JPG,conductor,1,0.3659,7647.24,3629.2,9007.03,4542.4
Copy of IMG00136.JPG,conductor,1,0.3184,6256.44,2590.77,7608.56,3557.93
Copy of IMG00136.JPG,conductor,1,0.3136,6072.35,1230.95,6722.67,1774.21
Copy of IMG00136.JPG,conductor,1,0.2567,6648.73,1650.68,7560.67,2336.6
Copy of IMG00136.JPG,conductor,1,0.2529,6924.82,1933.73,7945.22,2590.05
Copy of IMG00136.JPG,conductor,1,0.2223,5998.29,4267.27,7883.19,6287.86
Copy of IMG00136.JPG,conductor,1,0.1954,5617.11,2158.97,6550.92,2830.83
Copy of IMG00136.JPG,pylon,0,0.1617,4908.21,1743.11,5427.71,4426.35
Copy of IMG00136.JPG,conductor,1,0.157,6751.33,1822.69,7866.98,2548.87
Copy of IMG00136.JPG,conductor,1,0.1362,8723.88,3186.55,9502.71,4029.79
Copy of IMG00136.JPG,conductor,1,0.1202,7807.84,2569.24,8981.52,3302.82
Copy of IMG00136.JPG,conductor,1,0.1086,5998.78,1187.25,6543.01,1592.58
Copy of IMG00136.JPG,conductor,1,0.103,6186.62,1326.78,6818.1,1817.14
Copy of IMG00136.JPG,conductor,1,0.0946,8564.61,3040.34,9441.26,3633.45
Copy of IMG00136.JPG,conductor,1,0.088,4620.62,163.27,5213.2,570.08
Copy of IMG00136.JPG,conductor,1,0.0865,4419.43,32.59,5120.65,492.87
Copy of IMG00136.JPG,conductor,1,0.084,4420.63,0.8,4979.02,330.46
Copy of IMG00136.JPG,conductor,1,0.0667,7827.77,3739.55,9268.25,4700.48
Copy of IMG00136.JPG,conductor,1,0.0641,8013.31,2735.05,9020.01,3344.92
Copy of IMG00136.JPG,conductor,1,0.0578,7275.81,3403.27,8903.37,4400.11
Copy of IMG00136.JPG,conductor,1,0.0574,8775.7,3290.81,9503.07,3881.86
Copy of IMG00136.JPG,conductor,1,0.0558,7026.63,2023.17,8053.58,2634.71
Copy of IMG00136.JPG,pylon,0,0.0525,4820.85,1792.57,5543.76,6225.46
Copy of IMG00136.JPG,conductor,1,0.0521,6568.66,1593.09,7400.67,2216.65
Copy of IMG00136.JPG,conductor,1,0.0517,5445.27,2042.25,5900.22,2508.49
Copy of IMG00222.JPG,conductor,1,0.734,4533.19,3015.44,5034.25,5152.72
Copy of IMG00222.JPG,insulator,2,0.4037,5101.55,2407.8,5370.99,2701.41
Copy of IMG00222.JPG,conductor,1,0.3384,17.87,3026.11,3949.49,4685.91
Copy of IMG00222.JPG,conductor,1,0.3169,0.0,3859.6,3613.75,4627.25
Copy of IMG00222.JPG,insulator,2,0.1077,4107.33,2370.21,4426.52,2726.04
Copy of IMG00137.JPG,insulator,2,0.4547,5282.56,1136.14,5507.08,1349.69
Copy of IMG00137.JPG,insulator,2,0.3865,5918.4,1245.91,6123.75,1469.7
Copy of IMG00137.JPG,insulator,2,0.357,5646.43,1083.45,5887.43,1331.92
Copy of IMG00137.JPG,conductor,1,0.3377,1598.3,3655.85,2127.53,4095.04
Copy of IMG00137.JPG,insulator,2,0.3039,5135.15,941.0,5341.76,1179.62
Copy of IMG00137.JPG,conductor,1,0.2462,1709.83,3590.22,2161.06,4081.98
Copy of IMG00137.JPG,pylon,0,0.2235,5270.74,1514.68,5645.74,4557.29
Copy of IMG00137.JPG,conductor,1,0.1949,336.86,3955.59,852.51,4339.8
Copy of IMG00137.JPG,conductor,1,0.1915,1004.09,3333.98,1408.82,3693.62
Copy of IMG00137.JPG,conductor,1,0.175,1163.78,3939.68,1746.8,4410.75
Copy of IMG00137.JPG,conductor,1,0.1731,685.56,4209.65,1318.05,4763.3
Copy of IMG00137.JPG,conductor,1,0.1572,1118.56,3957.25,1622.04,4487.21
Copy of IMG00137.JPG,conductor,1,0.1532,2237.49,2899.4,2679.4,3291.44
Copy of IMG00137.JPG,conductor,1,0.1404,590.73,3547.69,1020.22,3893.54
Copy of IMG00137.JPG,conductor,1,0.1364,7924.77,1249.68,8459.53,1510.91
Copy of IMG00137.JPG,conductor,1,0.1306,301.74,4034.54,780.2,4393.37
Copy of IMG00137.JPG,conductor,1,0.1224,1531.99,3709.89,2072.63,4121.49
Copy of IMG00137.JPG,insulator,2,0.1203,5657.19,1126.12,5916.04,1423.81
Copy of IMG00137.JPG,conductor,1,0.1195,539.93,4298.71,1186.56,5001.73
Copy of IMG00137.JPG,conductor,1,0.1173,2283.26,3227.75,2803.27,3643.15
Copy of IMG00137.JPG,conductor,1,0.1142,1329.66,3455.32,1647.39,3762.74
Copy of IMG00137.JPG,conductor,1,0.1103,588.28,4294.11,1215.56,4755.18
Copy of IMG00137.JPG,conductor,1,0.1102,1214.72,3891.16,1788.8,4348.44
Copy of IMG00137.JPG,conductor,1,0.1086,1810.89,3290.6,2141.25,3567.2
Copy of IMG00137.JPG,conductor,1,0.1065,1105.5,3345.01,1493.16,3724.43
Copy of IMG00137.JPG,conductor,1,0.1057,0.32,4003.05,295.33,4532.76
Copy of IMG00137.JPG,conductor,1,0.1027,1298.03,3767.92,1834.59,4334.65
Copy of IMG00137.JPG,insulator,2,0.1,5208.75,968.28,5455.99,1263.02
Copy of IMG00137.JPG,conductor,1,0.0995,2310.75,2864.82,2752.07,3227.98
Copy of IMG00137.JPG,conductor,1,0.0983,1815.88,3393.88,2169.84,3758.54
Copy of IMG00137.JPG,conductor,1,0.0978,414.18,3905.07,913.76,4275.95
Copy of IMG00137.JPG,conductor,1,0.0963,9177.61,1568.08,9497.09,1957.12
Copy of IMG00137.JPG,conductor,1,0.0961,742.93,3638.88,1194.99,4004.98
Copy of IMG00137.JPG,conductor,1,0.0945,1401.33,3759.64,1939.13,4184.33
Copy of IMG00137.JPG,conductor,1,0.093,0.9,3943.37,244.77,4362.06
Copy of IMG00137.JPG,conductor,1,0.0912,623.47,3588.49,1093.58,3983.19
Copy of IMG00137.JPG,conductor,1,0.0886,1227.92,3455.81,1592.84,3812.88
Copy of IMG00137.JPG,conductor,1,0.0876,8667.82,1859.97,9008.65,2149.9
Copy of IMG00137.JPG,conductor,1,0.0868,9353.25,1649.16,9504.0,2092.96
Copy of IMG00137.JPG,conductor,1,0.0867,778.12,3720.35,1193.36,4048.99
Copy of IMG00137.JPG,conductor,1,0.0863,1745.63,3545.57,2189.71,3914.42
Copy of IMG00137.JPG,conductor,1,0.0843,2722.77,2652.62,3150.69,2957.21
Copy of IMG00137.JPG,conductor,1,0.0836,1949.44,3284.45,2274.02,3598.11
Copy of IMG00137.JPG,conductor,1,0.0836,1083.4,3267.21,1479.88,3632.92
Copy of IMG00137.JPG,conductor,1,0.0806,7862.51,1546.46,8395.98,1745.75
Copy of IMG00137.JPG,conductor,1,0.0805,9329.61,1578.26,9503.9,1976.43
Copy of IMG00137.JPG,conductor,1,0.0803,1650.45,3293.51,2036.33,3575.4
Copy of IMG00137.JPG,conductor,1,0.08,761.08,3491.58,1237.49,3883.05
Copy of IMG00137.JPG,conductor,1,0.0797,0.8,4013.21,221.86,4505.88
Copy of IMG00137.JPG,conductor,1,0.0788,5152.3,1517.92,5409.22,1949.02
Copy of IMG00137.JPG,conductor,1,0.0781,1906.19,3362.88,2273.12,3718.85
Copy of IMG00137.JPG,conductor,1,0.0777,9132.37,1609.39,9432.61,1929.49
Copy of IMG00137.JPG,conductor,1,0.0763,671.87,3710.14,1134.88,4078.48
Copy of IMG00137.JPG,conductor,1,0.0763,8070.97,1285.72,8543.6,1532.4
Copy of IMG00137.JPG,conductor,1,0.0759,879.02,3630.93,1291.97,3981.2
Copy of IMG00137.JPG,conductor,1,0.075,8085.67,1566.76,8416.43,1767.34
Copy of IMG00137.JPG,conductor,1,0.0747,976.59,4049.69,1477.88,4516.86
Copy of IMG00137.JPG,conductor,1,0.0746,1293.21,3545.16,1701.66,3872.1
Copy of IMG00137.JPG,conductor,1,0.0745,893.34,3394.01,1333.4,3775.06
Copy of IMG00137.JPG,conductor,1,0.0741,1013.35,3403.37,1415.83,3789.83
Copy of IMG00137.JPG,conductor,1,0.0736,1.01,4132.19,226.33,4613.18
Copy of IMG00137.JPG,conductor,1,0.0726,845.52,4116.24,1409.88,4569.41
Copy of IMG00137.JPG,conductor,1,0.0724,1.01,4258.93,224.21,4705.09
Copy of IMG00137.JPG,conductor,1,0.0709,442.72,4691.08,950.29,5128.05
Copy of IMG00137.JPG,conductor,1,0.0707,15.59,4156.81,450.58,4512.69
Copy of IMG00137.JPG,conductor,1,0.0693,366.89,4448.92,803.32,4814.73
Copy of IMG00137.JPG,conductor,1,0.0684,486.55,4375.83,1083.49,4839.96
Copy of IMG00137.JPG,conductor,1,0.0676,719.67,4199.77,1358.15,4644.14
Copy of IMG00137.JPG,conductor,1,0.0673,1390.94,3628.91,1850.41,3993.84
Copy of IMG00137.JPG,conductor,1,0.0669,228.96,4089.25,668.36,4449.26
Copy of IMG00137.JPG,conductor,1,0.0662,467.93,4421.27,1040.04,4996.45
Copy of IMG00137.JPG,conductor,1,0.0661,8557.47,1875.33,8948.01,2157.25
Copy of IMG00137.JPG,conductor,1,0.066,8507.56,1636.28,8801.94,1863.73
Copy of IMG00137.JPG,conductor,1,0.0654,9189.9,1609.8,9503.6,2054.96
Copy of IMG00137.JPG,conductor,1,0.0651,362.8,3433.14,750.94,3799.36
Copy of IMG00137.JPG,conductor,1,0.0649,8664.08,1625.37,9063.22,1872.86
Copy of IMG00137.JPG,conductor,1,0.0647,1557.25,2964.53,2074.77,3352.12
Copy of IMG00137.JPG,conductor,1,0.0646,1570.88,3307.95,1933.8,3588.99
Copy of IMG00137.JPG,conductor,1,0.0638,8794.29,1366.48,9224.65,1628.92
Copy of IMG00137.JPG,conductor,1,0.0636,5301.26,1500.6,5509.41,2119.69
Copy of IMG00137.JPG,conductor,1,0.0635,941.56,3350.11,1382.64,3758.86
Copy of IMG00137.JPG,conductor,1,0.0631,0.65,4143.95,310.87,4642.14
Copy of IMG00137.JPG,conductor,1,0.0625,418.58,3505.86,898.12,3889.26
Copy of IMG00137.JPG,conductor,1,0.0615,2.45,4888.65,409.86,5491.03
Copy of IMG00137.JPG,conductor,1,0.0615,0.83,3045.42,206.06,3538.96
Copy of IMG00137.JPG,conductor,1,0.0611,1090.07,3895.17,1547.31,4312.05
Copy of IMG00137.JPG,conductor,1,0.0602,1919.96,3193.96,2250.21,3519.05
Copy of IMG00137.JPG,conductor,1,0.0599,7152.57,1212.22,7556.11,1470.67
Copy of IMG00137.JPG,conductor,1,0.0596,5061.31,1494.41,5348.45,1887.29
Copy of IMG00137.JPG,conductor,1,0.0589,8466.08,1893.49,8761.57,2161.68
Copy of IMG00137.JPG,conductor,1,0.0588,727.86,3469.91,1152.98,3836.4
Copy of IMG00137.JPG,conductor,1,0.0586,1360.37,3066.78,1856.99,3418.8
Copy of IMG00137.JPG,conductor,1,0.0583,8666.43,1581.48,9079.91,1835.08
Copy of IMG00137.JPG,conductor,1,0.058,8831.42,1643.26,9128.09,1875.83
Copy of IMG00137.JPG,conductor,1,0.058,1385.59,3423.5,1731.34,3734.26
Copy of IMG00137.JPG,conductor,1,0.0578,208.73,4478.02,663.24,4813.42
Copy of IMG00137.JPG,conductor,1,0.0575,8.76,4864.92,534.84,5457.95
Copy of IMG00137.JPG,conductor,1,0.0571,502.9,3741.42,1000.74,4156.58
Copy of IMG00137.JPG,conductor,1,0.0571,1442.96,3010.72,1982.81,3392.24
Copy of IMG00137.JPG,conductor,1,0.0567,8759.65,1839.68,9109.46,2157.49
Copy of IMG00137.JPG,conductor,1,0.0562,258.9,3767.42,758.44,4189.27
Copy of IMG00137.JPG,conductor,1,0.055,2007.25,3361.93,2357.53,3701.5
Copy of IMG00137.JPG,conductor,1,0.0544,5319.69,1528.84,5568.61,2331.62
Copy of IMG00137.JPG,conductor,1,0.0543,1775.78,3169.46,2123.45,3475.2
Copy of IMG00137.JPG,conductor,1,0.0542,376.05,3803.53,891.57,4225.55
Copy of IMG00137.JPG,pylon,0,0.0542,5186.26,1577.15,5581.66,4520.22
Copy of IMG00137.JPG,conductor,1,0.0535,1646.55,3349.84,2051.09,3646.13
Copy of IMG00137.JPG,conductor,1,0.0533,83.66,4163.02,571.04,4522.23
Copy of IMG00137.JPG,conductor,1,0.0533,522.8,3175.51,825.6,3513.38
Copy of IMG00137.JPG,conductor,1,0.0533,2167.75,2976.86,2574.84,3336.87
Copy of IMG00137.JPG,conductor,1,0.0532,9235.76,1248.37,9504.0,1610.44
Copy of IMG00137.JPG,conductor,1,0.0531,5138.32,1659.14,5448.78,2245.82
Copy of IMG00137.JPG,conductor,1,0.0531,2262.44,3064.74,2753.14,3534.83
Copy of IMG00137.JPG,conductor,1,0.0531,1183.36,3552.49,1589.9,3878.18
Copy of IMG00137.JPG,conductor,1,0.053,4528.41,1349.15,4994.06,1773.19
Copy of IMG00137.JPG,conductor,1,0.0528,5167.9,1568.78,5455.3,2171.33
Copy of IMG00137.JPG,conductor,1,0.0523,1475.35,3111.25,1930.95,3447.81
Copy of IMG00137.JPG,conductor,1,0.052,0.28,4385.05,189.34,4842.93
Copy of IMG00137.JPG,conductor,1,0.052,5322.5,1533.91,5545.03,2656.37
Copy of IMG00137.JPG,conductor,1,0.0519,1207.56,3296.28,1583.04,3640.84
Copy of IMG00137.JPG,conductor,1,0.0508,141.18,3746.05,645.53,4088.69
Copy of IMG00137.JPG,conductor,1,0.0508,1603.41,3113.69,2041.54,3471.38
Copy of IMG00137.JPG,conductor,1,0.0506,1.4,2982.97,252.4,3442.42
Copy of IMG00137.JPG,conductor,1,0.0506,9213.95,1362.62,9502.84,1701.15
Copy of IMG00137.JPG,conductor,1,0.0504,975.0,3253.46,1428.7,3656.48
Copy of IMG00137.JPG,conductor,1,0.0502,0.23,4234.7,347.08,4698.75
Copy of IMG00137.JPG,conductor,1,0.0502,106.69,3940.63,681.15,4470.06
Copy of IMG00137.JPG,conductor,1,0.0501,1148.17,3237.2,1537.78,3559.76
Copy of IMG00122.JPG,conductor,1,0.0572,4199.77,3479.55,8211.41,3988.63
Copy of IMG00189.JPG,conductor,1,0.7292,2513.06,1482.52,9394.05,2386.86
Copy of IMG00189.JPG,pylon,0,0.4477,4279.6,3287.64,4798.28,5694.86
Copy of IMG00189.JPG,conductor,1,0.404,3601.41,3599.21,4066.49,5681.45
Copy of IMG00189.JPG,conductor,1,0.3091,1508.39,1588.45,8952.8,2459.71
Copy of IMG00189.JPG,conductor,1,0.3086,0.0,2319.65,4409.5,3671.76
Copy of IMG00189.JPG,conductor,1,0.2622,4733.62,3035.42,6522.75,3870.42
Copy of IMG00189.JPG,conductor,1,0.1343,38.9,2201.15,5661.7,3437.19
Copy of IMG00189.JPG,conductor,1,0.1322,3559.37,1349.65,9192.73,2313.78
Copy of IMG00189.JPG,conductor,1,0.1017,61.39,1867.22,7607.67,3124.72
Copy of IMG00189.JPG,conductor,1,0.0863,681.22,1789.9,8102.18,2821.3
Copy of IMG00189.JPG,pylon_fissure,3,0.0831,4505.77,4397.82,4635.6,5713.19
Copy of IMG00189.JPG,conductor,1,0.0676,0.0,2389.58,2398.33,3710.13
Copy of IMG00189.JPG,pylon_fissure,3,0.0634,4488.05,3958.5,4643.72,5716.64
Copy of IMG00440.JPG,insulator,2,0.7919,4501.26,2873.48,4784.23,3192.05
Copy of IMG00440.JPG,insulator,2,0.7625,3672.6,2857.11,4042.01,3215.73
Copy of IMG00440.JPG,conductor,1,0.6234,5075.68,3525.0,5449.33,4166.65
Copy of IMG00440.JPG,conductor,1,0.6137,3598.18,5266.66,4220.97,6269.82
Copy of IMG00440.JPG,insulator,2,0.5866,5253.76,3129.03,5629.06,3493.93
Copy of IMG00440.JPG,conductor,1,0.5854,2758.67,5225.51,3384.47,6264.84
Copy of IMG00440.JPG,conductor,1,0.5772,4457.02,4643.57,5290.26,6282.85
Copy of IMG00440.JPG,conductor,1,0.5381,2994.02,3820.63,3765.94,4873.37
Copy of IMG00440.JPG,conductor,1,0.4897,4047.21,3955.16,4517.87,4802.83
Copy of IMG00440.JPG,conductor,1,0.3338,3952.58,4066.77,4500.09,5056.06
Copy of IMG00440.JPG,conductor,1,0.3102,2832.86,4699.38,3562.27,5605.71
Copy of IMG00440.JPG,conductor,1,0.2937,3628.22,4985.08,4333.48,6248.99
Copy of IMG00440.JPG,conductor,1,0.2824,4023.63,1816.23,4489.16,2487.71
Copy of IMG00440.JPG,conductor,1,0.2727,3492.28,3313.73,3911.91,3878.37
Copy of IMG00440.JPG,conductor,1,0.2632,5514.04,1760.35,5983.29,2644.31
Copy of IMG00440.JPG,conductor,1,0.2603,4059.26,1713.78,4527.4,2440.51
Copy of IMG00440.JPG,conductor,1,0.2445,4128.69,1239.16,4678.98,2381.6
Copy of IMG00440.JPG,conductor,1,0.2243,3749.28,4618.54,4374.37,5680.81
Copy of IMG00440.JPG,conductor,1,0.1991,4040.37,1951.72,4453.44,2498.3
Copy of IMG00440.JPG,conductor,1,0.1953,4805.7,1224.18,5371.57,2405.25
Copy of IMG00440.JPG,conductor,1,0.194,4197.68,995.54,4774.31,2369.67
Copy of IMG00440.JPG,conductor,1,0.1917,2787.94,4840.66,3454.96,6183.43
Copy of IMG00440.JPG,conductor,1,0.1808,5033.35,3602.83,5427.9,4226.99
Copy of IMG00440.JPG,conductor,1,0.1797,2854.83,4503.44,3666.96,5446.97
Copy of IMG00440.JPG,conductor,1,0.1758,4825.86,1524.13,5256.06,2393.07
Copy of IMG00440.JPG,conductor,1,0.1701,2861.86,4161.28,3670.68,5394.02
Copy of IMG00440.JPG,conductor,1,0.1602,4732.45,4313.58,5364.78,5379.54
Copy of IMG00440.JPG,conductor,1,0.1574,5504.06,2083.58,5928.52,2757.21
Copy of IMG00440.JPG,conductor,1,0.1541,4856.98,4048.55,5387.52,5099.71
Copy of IMG00440.JPG,conductor,1,0.1465,4948.8,3820.43,5423.53,4789.4
Copy of IMG00440.JPG,conductor,1,0.1462,3805.39,4283.32,4463.21,5289.33
Copy of IMG00440.JPG,conductor,1,0.1424,3779.97,4434.82,4437.74,5438.15
Copy of IMG00440.JPG,conductor,1,0.132,2912.19,3879.04,3729.88,5305.58
Copy of IMG00440.JPG,conductor,1,0.1313,4088.58,1508.54,4612.38,2384.97
Copy of IMG00440.JPG,conductor,1,0.1235,4883.2,1197.36,5392.96,2203.58
Copy of IMG00440.JPG,conductor,1,0.1209,2775.96,5479.22,3242.17,6265.98
Copy of IMG00440.JPG,conductor,1,0.1206,4013.61,2017.21,4399.05,2557.06
Copy of IMG00440.JPG,conductor,1,0.1103,4595.14,4472.97,5344.24,5528.32
Copy of IMG00440.JPG,conductor,1,0.1096,4538.9,4716.99,5288.8,5835.99
Copy of IMG00440.JPG,conductor,1,0.1091,4881.23,1419.05,5306.78,2275.74
Copy of IMG00440.JPG,conductor,1,0.1053,3609.23,5500.47,4108.61,6286.34
Copy of IMG00440.JPG,conductor,1,0.1022,4147.56,3477.34,4604.43,4631.85
Copy of IMG00440.JPG,conductor,1,0.1013,4977.6,3680.4,5423.41,4599.41
Copy of IMG00440.JPG,conductor,1,0.1009,5556.9,1626.83,6015.87,2534.33
Copy of IMG00440.JPG,conductor,1,0.0991,3410.72,3349.42,3880.24,4138.78
Copy of IMG00440.JPG,conductor,1,0.0961,4939.77,1179.6,5401.53,2007.3
Copy of IMG00440.JPG,conductor,1,0.0957,4121.39,3798.35,4548.98,4652.88
Copy of IMG00440.JPG,conductor,1,0.0946,4143.77,4098.43,4573.27,6246.71
Copy of IMG00440.JPG,conductor,1,0.0935,912.93,5152.13,1381.83,5694.58
Copy of IMG00440.JPG,conductor,1,0.0932,4726.99,1717.99,5241.76,2578.16
Copy of IMG00440.JPG,conductor,1,0.0862,4265.93,911.61,4834.72,2113.74
Copy of IMG00440.JPG,conductor,1,0.086,848.57,5184.72,1364.3,5815.15
Copy of IMG00440.JPG,conductor,1,0.0853,4486.14,5202.68,5123.99,6273.83
Copy of IMG00440.JPG,conductor,1,0.0811,3214.47,3685.25,3825.66,4675.31
Copy of IMG00440.JPG,conductor,1,0.0792,3548.33,3286.51,3953.69,4005.18
Copy of IMG00440.JPG,conductor,1,0.0744,5528.12,0.0,5813.77,404.73
Copy of IMG00440.JPG,conductor,1,0.0735,6010.1,438.2,6381.63,968.91
Copy of IMG00440.JPG,conductor,1,0.0716,3671.36,4784.37,4344.89,6023.12
Copy of IMG00440.JPG,conductor,1,0.0659,4219.58,3388.08,4687.38,4488.62
Copy of IMG00440.JPG,conductor,1,0.0644,4386.19,3262.95,4772.61,4417.2
Copy of IMG00440.JPG,conductor,1,0.0615,3548.98,3289.8,3914.72,3782.35
Copy of IMG00440.JPG,conductor,1,0.0595,4014.52,2193.38,4305.05,2592.04
Copy of IMG00440.JPG,conductor,1,0.0594,4745.0,1530.99,5322.27,2627.22
Copy of IMG00440.JPG,conductor,1,0.0587,4701.5,2021.01,5052.79,2654.67
Copy of IMG00440.JPG,conductor,1,0.0583,4904.05,1348.97,5338.69,2119.47
Copy of IMG00440.JPG,conductor,1,0.0533,4810.95,1726.47,5259.26,2451.74
Copy of IMG00440.JPG,conductor,1,0.0532,4941.69,3547.3,5333.68,4071.03
Copy of IMG00440.JPG,conductor,1,0.0526,6141.97,88.59,6452.05,565.27
Copy of IMG00440.JPG,conductor,1,0.0512,4169.45,3678.89,4566.53,4470.53
Copy of IMG00440.JPG,conductor,1,0.0507,5647.27,1512.92,6048.13,2134.29
Copy of IMG00440.JPG,conductor,1,0.0506,2764.35,5605.27,3138.86,6285.81
Copy of IMG00171.JPG,insulator,2,0.6549,4854.45,2622.71,5143.34,2898.33
Copy of IMG00171.JPG,conductor,1,0.6201,4001.22,3243.65,5318.16,5951.7
Copy of IMG00171.JPG,conductor,1,0.1284,9041.2,2407.67,9500.32,2587.0
Copy of IMG00171.JPG,insulator,2,0.1219,5126.51,2569.66,5366.78,2858.77
Copy of IMG00171.JPG,conductor,1,0.1188,6461.18,2473.04,9212.65,2682.79
Copy of IMG00171.JPG,insulator,2,0.1063,5219.46,2942.17,5543.1,3148.42
Copy of IMG00171.JPG,insulator,2,0.0965,5099.78,2607.97,5388.75,2983.38
Copy of IMG00171.JPG,insulator,2,0.0896,5137.36,2544.93,5365.56,2762.75
Copy of IMG00171.JPG,insulator,2,0.0771,4989.8,2590.16,5323.21,2889.46
Copy of IMG00171.JPG,conductor,1,0.0752,9055.83,2328.71,9502.28,2555.87
Copy of IMG00171.JPG,conductor,1,0.0655,8831.49,2359.68,9499.26,2616.63
Copy of IMG00171.JPG,conductor,1,0.0623,1.82,1033.02,473.82,1392.22
Copy of IMG00171.JPG,conductor,1,0.0605,8584.04,2440.45,9240.16,2584.69
Copy of IMG00171.JPG,conductor,1,0.0543,8598.92,2422.46,9494.71,2583.33
Copy of IMG00171.JPG,conductor,1,0.0529,1040.36,791.2,1705.77,1142.99
Copy of IMG00171.JPG,conductor,1,0.0521,555.17,790.49,1733.86,1391.51
Copy of IMG00504.JPG,conductor,1,0.7188,4589.52,3440.43,5257.98,6218.86
Copy of IMG00504.JPG,insulator,2,0.5695,5307.79,3079.73,5632.24,3394.09
Copy of IMG00504.JPG,insulator,2,0.5645,4163.19,3000.81,4539.67,3330.21
Copy of IMG00504.JPG,conductor,1,0.5003,3392.86,3602.31,4205.98,6259.79
Copy of IMG00504.JPG,conductor,1,0.3275,4056.56,4435.23,4638.34,6244.07
Copy of IMG00504.JPG,insulator,2,0.3043,4874.16,2972.69,5156.07,3222.52
Copy of IMG00504.JPG,insulator,2,0.241,4793.53,3073.12,5130.2,3310.33
Copy of IMG00504.JPG,insulator,2,0.2247,2230.04,2389.38,2616.36,2684.96
Copy of IMG00504.JPG,insulator,2,0.2175,2812.81,2428.11,3085.96,2666.81
Copy of IMG00504.JPG,insulator,2,0.1055,4700.24,3187.14,4960.07,3374.59
Copy of IMG00504.JPG,insulator,2,0.1016,4737.47,3156.41,4990.85,3365.29
Copy of IMG00504.JPG,conductor,1,0.0866,4070.83,5457.35,4489.68,6252.48
Copy of IMG00504.JPG,conductor,1,0.0837,3493.82,3458.2,4291.76,5961.28
Copy of IMG00504.JPG,insulator,2,0.0777,1559.98,1928.77,1803.31,2147.75
Copy of IMG00504.JPG,insulator,2,0.0683,4797.0,2983.35,5194.43,3236.19
Copy of IMG00504.JPG,conductor,1,0.0569,4056.7,5236.8,4428.27,6242.31
Copy of IMG00504.JPG,conductor,1,0.0504,3258.0,781.65,9503.92,1906.41
Copy of IMG00504.JPG,insulator,2,0.05,5060.61,3101.91,5259.55,3303.46
Copy of IMG03510.JPG,pylon,0,0.7754,4262.96,1783.81,4897.2,6272.98
Copy of IMG03510.JPG,pylon,0,0.5216,4194.46,1787.59,4734.1,6286.15
Copy of IMG03510.JPG,conductor,1,0.5191,5205.65,1844.66,6304.61,2297.66
Copy of IMG03510.JPG,insulator,2,0.4001,4093.84,1207.46,4349.58,1526.14
Copy of IMG03510.JPG,insulator,2,0.3351,4088.51,631.27,4363.51,960.97
Copy of IMG03510.JPG,conductor,1,0.3326,6074.87,2116.14,7710.59,2631.63
Copy of IMG03510.JPG,conductor,1,0.33,51.67,1696.91,2651.92,2028.88
Copy of IMG03510.JPG,conductor,1,0.3212,4678.84,1777.89,6267.57,2322.77
Copy of IMG03510.JPG,conductor,1,0.2194,4624.65,1776.41,6183.84,2166.58
Copy of IMG03510.JPG,conductor,1,0.1716,2905.62,1734.53,4085.87,2145.57
Copy of IMG03510.JPG,conductor,1,0.1477,6017.6,2066.94,7611.92,2534.08
Copy of IMG03510.JPG,pylon,0,0.1168,4299.72,2935.94,4901.66,6279.27
Copy of IMG03510.JPG,pylon,0,0.1083,4235.19,1844.41,4675.97,5650.56
Copy of IMG03510.JPG,conductor,1,0.1068,5293.75,1950.4,6308.12,2291.31
Copy of IMG03510.JPG,conductor,1,0.1067,2228.48,1700.96,4026.21,2236.82
Copy of IMG03510.JPG,conductor,1,0.1034,6338.0,2203.94,7751.47,2696.29
Copy of IMG03510.JPG,insulator,2,0.0896,4267.96,814.15,4493.77,1067.22
Copy of IMG03510.JPG,insulator,2,0.0781,4190.78,1827.87,4430.62,2099.74
Copy of IMG03510.JPG,conductor,1,0.0745,6006.15,2106.96,7065.36,2459.03
Copy of IMG03510.JPG,conductor,1,0.0727,4674.66,1200.64,5807.85,1599.04
Copy of IMG03510.JPG,conductor,1,0.0676,4623.52,1784.23,5667.25,2136.31
Copy of IMG03510.JPG,conductor,1,0.0594,4615.61,1784.88,5310.05,2104.85
Copy of IMG03510.JPG,conductor,1,0.0564,6813.13,2234.35,7709.53,2592.73
Copy of IMG03510.JPG,conductor,1,0.0559,5969.24,2090.02,7023.97,2382.37
Copy of IMG03510.JPG,conductor,1,0.0546,5191.01,1896.7,6153.55,2248.38
Copy of IMG03510.JPG,conductor,1,0.0507,6161.85,2157.11,7373.6,2481.44
Copy of IMG00450.JPG,conductor,1,0.421,5197.97,2289.55,7654.79,3079.93
Copy of IMG00450.JPG,insulator,2,0.1985,4263.5,2324.42,4467.64,2495.38
Copy of IMG00450.JPG,conductor,1,0.1608,5233.95,2233.91,8814.36,3048.88
Copy of IMG00450.JPG,conductor,1,0.1527,4568.39,2793.27,5102.47,4826.51
Copy of IMG00450.JPG,pylon,0,0.1103,4562.36,2771.21,5118.52,4799.27
Copy of IMG00450.JPG,conductor,1,0.0975,5115.66,2254.26,7187.22,3005.31
Copy of IMG03454.JPG,conductor,1,0.8369,7360.03,2337.7,8654.16,3100.76
Copy of IMG03454.JPG,conductor,1,0.7494,0.0,3836.1,4269.49,5307.77
Copy of IMG03454.JPG,conductor,1,0.7302,8352.59,2969.48,9502.23,3695.99
Copy of IMG03454.JPG,insulator,2,0.7077,6000.5,3580.77,6407.76,4013.08
Copy of IMG03454.JPG,conductor,1,0.6728,6623.67,3810.97,8103.39,4888.58
Copy of IMG03454.JPG,conductor,1,0.6394,7378.09,4445.54,9429.28,5511.18
Copy of IMG03454.JPG,conductor,1,0.5718,1931.55,5063.87,3341.47,6132.54
Copy of IMG03454.JPG,insulator,2,0.5656,4974.66,3398.53,5447.36,3827.01
Copy of IMG03454.JPG,insulator,2,0.5105,6399.17,1745.98,6823.36,2160.84
Copy of IMG03454.JPG,conductor,1,0.4515,7222.22,4304.25,9343.17,5368.55
Copy of IMG03454.JPG,conductor,1,0.3675,0.0,4260.77,2307.41,5345.57
Copy of IMG03454.JPG,insulator,2,0.3651,4537.35,5404.19,5033.39,5862.73
Copy of IMG03454.JPG,conductor,1,0.3264,5.74,4136.32,3286.62,5379.06
Copy of IMG03454.JPG,conductor,1,0.291,7566.71,1804.87,9113.1,2377.51
Copy of IMG03454.JPG,insulator,2,0.2744,5409.91,1643.91,5770.32,1979.32
Copy of IMG03454.JPG,conductor,1,0.2735,8802.17,5126.91,9503.25,6217.87
Copy of IMG03454.JPG,conductor,1,0.218,22.81,3646.96,4592.93,4944.1
Copy of IMG03454.JPG,conductor,1,0.2173,854.2,2335.91,3882.31,3266.86
Copy of IMG03454.JPG,conductor,1,0.2067,0.0,2897.62,1449.26,3554.15
Copy of IMG03454.JPG,conductor,1,0.1632,7251.31,2267.22,8414.11,2870.64
Copy of IMG03454.JPG,insulator,2,0.1622,6078.41,3576.19,6542.5,4168.34
Copy of IMG03454.JPG,conductor,1,0.1542,1552.77,2277.79,3761.72,2865.94
Copy of IMG03454.JPG,conductor,1,0.1387,0.0,2808.76,1723.85,3505.04
Copy of IMG03454.JPG,conductor,1,0.1236,5970.04,5743.58,6849.32,6322.37
Copy of IMG03454.JPG,conductor,1,0.1183,0.0,2958.64,1252.88,3435.87
Copy of IMG03454.JPG,conductor,1,0.1032,1444.29,3548.67,4598.11,4712.4
Copy of IMG03454.JPG,conductor,1,0.1025,637.89,2691.64,1954.16,3150.59
Copy of IMG03454.JPG,conductor,1,0.0987,6609.58,3817.44,8494.7,5027.87
Copy of IMG03454.JPG,conductor,1,0.0974,5068.12,5459.88,5932.19,6309.8
Copy of IMG03454.JPG,conductor,1,0.0947,0.0,2715.14,1875.41,3366.13
Copy of IMG03454.JPG,pylon,0,0.0869,4961.73,2028.49,6260.1,5633.67
Copy of IMG03454.JPG,conductor,1,0.0854,2159.07,2133.08,4093.37,2714.98
Copy of IMG03454.JPG,conductor,1,0.0854,59.06,2661.91,2151.31,3209.93
Copy of IMG03454.JPG,conductor,1,0.0819,7664.35,4642.46,9483.03,5612.66
Copy of IMG03454.JPG,conductor,1,0.0796,1741.94,2171.33,3884.31,2752.94
Copy of IMG03454.JPG,conductor,1,0.076,7529.69,4687.65,9504.0,5912.6
Copy of IMG03454.JPG,conductor,1,0.0756,7823.77,4918.1,9504.0,6099.73
Copy of IMG03454.JPG,conductor,1,0.074,645.16,2621.62,2395.18,3166.07
Copy of IMG03454.JPG,conductor,1,0.072,2503.22,5775.89,3497.07,6317.45
Copy of IMG03454.JPG,conductor,1,0.0681,6820.79,2032.03,7747.99,2607.09
Copy of IMG03454.JPG,conductor,1,0.0681,0.0,2912.77,1467.51,3336.02
Copy of IMG03454.JPG,conductor,1,0.0654,2123.39,5300.97,3479.98,6289.82
Copy of IMG03454.JPG,conductor,1,0.0647,6747.55,4127.56,8990.58,5082.73
Copy of IMG03454.JPG,insulator,2,0.0645,5480.3,1630.37,5804.04,1960.65
Copy of IMG03454.JPG,conductor,1,0.0626,8545.4,3090.71,9504.0,3823.73
Copy of IMG03454.JPG,conductor,1,0.0619,2532.98,2011.51,4712.46,2591.37
Copy of IMG03454.JPG,conductor,1,0.0604,1.96,3078.4,1108.71,3590.28
Copy of IMG03454.JPG,conductor,1,0.0599,481.41,2748.17,1841.67,3184.37
Copy of IMG03454.JPG,conductor,1,0.0596,1276.49,2321.5,3738.38,3000.49
Copy of IMG03454.JPG,conductor,1,0.0594,3195.76,5377.37,4553.28,6232.54
Copy of IMG03454.JPG,conductor,1,0.057,685.35,2677.94,2249.97,3096.37
Copy of IMG03454.JPG,conductor,1,0.056,2777.25,1966.6,4938.96,2536.46
Copy of IMG03454.JPG,conductor,1,0.0551,1285.22,2535.91,2668.27,2961.94
Copy of IMG03454.JPG,conductor,1,0.0534,2493.19,3489.54,4698.37,4576.84
Copy of IMG03454.JPG,conductor,1,0.0526,2310.35,1066.18,4287.79,1580.76
Copy of IMG03454.JPG,insulator,2,0.0521,5295.34,1655.74,5712.39,2053.31
Copy of IMG03454.JPG,conductor,1,0.052,2705.32,3543.14,4636.05,4305.55
Copy of IMG03454.JPG,conductor,1,0.0512,7476.21,2470.52,8718.17,3139.41
Copy of IMG00272.JPG,conductor,1,0.5261,2621.32,2725.81,9487.4,3817.37
Copy of IMG00272.JPG,conductor,1,0.4428,7739.1,33.59,8561.87,839.9
Copy of IMG00272.JPG,conductor,1,0.2319,99.97,3506.46,2384.74,4567.21
Copy of IMG00272.JPG,conductor,1,0.2225,8646.5,5628.25,9495.97,6244.86
Copy of IMG00272.JPG,conductor,1,0.1913,3345.19,2560.89,9440.6,3622.24
Copy of IMG00272.JPG,conductor,1,0.16,15.66,3076.96,2024.12,3810.59
Copy of IMG00272.JPG,conductor,1,0.1488,8809.38,5740.7,9502.05,6264.46
Copy of IMG00272.JPG,conductor,1,0.1076,8530.52,5558.52,9422.69,6130.93
Copy of IMG00272.JPG,conductor,1,0.1043,8666.37,62.99,9504.0,761.02
Copy of IMG00272.JPG,conductor,1,0.0954,3233.71,2878.72,5953.09,3812.27
Copy of IMG00272.JPG,conductor,1,0.0936,0.0,3224.14,6375.4,4322.79
Copy of IMG00272.JPG,conductor,1,0.0915,8332.05,5419.21,8966.37,5971.44
Copy of IMG00272.JPG,conductor,1,0.0718,9067.59,5850.2,9503.25,6282.88
Copy of IMG00272.JPG,conductor,1,0.0697,8447.91,5515.55,9257.71,6062.92
Copy of IMG00272.JPG,conductor,1,0.0679,3.59,2914.48,6686.23,3961.52
Copy of IMG00272.JPG,conductor,1,0.0624,8875.76,5172.77,9503.44,5694.39
Copy of IMG00272.JPG,conductor,1,0.0608,8811.17,129.85,9504.0,694.41
Copy of IMG00272.JPG,conductor,1,0.0599,5606.81,123.26,6339.88,699.47
Copy of IMG00272.JPG,conductor,1,0.0587,8236.79,5327.49,8866.4,5827.15
Copy of IMG00272.JPG,conductor,1,0.0562,9009.43,5224.17,9504.0,5756.85
Copy of IMG00272.JPG,conductor,1,0.0529,8359.14,5453.06,9133.78,6010.55
Copy of IMG00272.JPG,conductor,1,0.0522,9086.66,5274.4,9504.0,5825.3
Copy of IMG00272.JPG,conductor,1,0.0514,8759.3,5090.62,9478.93,5584.28
Copy of IMG03438.JPG,pylon,0,0.8606,5353.67,4902.49,5903.95,6310.75
Copy of IMG03438.JPG,conductor,1,0.8461,7042.96,4542.15,9495.97,6310.15
Copy of IMG03438.JPG,insulator,2,0.7673,5336.79,3653.57,5642.46,3951.13
Copy of IMG03438.JPG,conductor,1,0.7512,637.09,4677.85,2133.09,6265.53
Copy of IMG03438.JPG,conductor,1,0.7109,40.41,2745.72,2936.86,3730.46
Copy of IMG03438.JPG,insulator,2,0.6941,6764.25,2844.54,7040.54,3245.84
Copy of IMG03438.JPG,insulator,2,0.6386,5969.85,3561.82,6265.78,3893.39
Copy of IMG03438.JPG,insulator,2,0.5465,5709.8,3131.47,6021.41,3392.37
Copy of IMG03438.JPG,insulator,2,0.4977,5668.19,3595.4,5926.43,3880.95
Copy of IMG03438.JPG,insulator,2,0.419,4487.18,3108.85,4850.42,3426.43
Copy of IMG03438.JPG,conductor,1,0.2283,0.01,4951.25,315.79,6263.76
Copy of IMG03438.JPG,insulator,2,0.1724,5984.7,4241.62,6338.07,4576.04
Copy of IMG03438.JPG,conductor,1,0.1595,0.0,3755.78,891.19,5034.09
Copy of IMG03438.JPG,conductor,1,0.12,38.21,2710.37,2912.25,4555.48
Copy of IMG03438.JPG,conductor,1,0.0876,3729.39,3470.28,4657.16,3753.34
Copy of IMG03438.JPG,conductor,1,0.0863,0.0,4933.01,265.91,5772.49
Copy of IMG03438.JPG,conductor,1,0.0795,1.87,4868.0,356.21,5574.34
Copy of IMG03438.JPG,insulator,2,0.0786,5618.88,3615.46,5902.11,3910.82
Copy of IMG03438.JPG,insulator,2,0.0706,5339.18,4231.72,5564.11,4455.69
Copy of IMG03438.JPG,conductor,1,0.0649,1.92,3705.77,1472.44,4973.99
Copy of IMG03438.JPG,conductor,1,0.0629,5.2,2642.66,664.11,3032.86
Copy of IMG03438.JPG,insulator,2,0.0628,5764.23,4169.08,5983.66,4402.26
Copy of IMG03438.JPG,conductor,1,0.0599,7191.46,3506.03,8707.34,4730.17
Copy of IMG03438.JPG,insulator,2,0.0571,5559.39,4192.56,5759.19,4411.34
Copy of IMG03438.JPG,conductor,1,0.0541,0.79,4783.85,441.74,6266.24
Copy of IMG03438.JPG,conductor,1,0.0504,7850.57,5965.88,8706.84,6318.37
Copy of IMG00123.JPG,pylon,0,0.6311,4477.31,1648.18,4750.81,4035.85
Copy of IMG00123.JPG,insulator,2,0.6101,4842.73,845.43,5031.67,1072.59
Copy of IMG00123.JPG,insulator,2,0.5696,4505.25,1485.96,4705.01,1766.77
Copy of IMG00123.JPG,insulator,2,0.5208,4270.36,1237.77,4475.5,1427.7
Copy of IMG00123.JPG,insulator,2,0.501,4903.26,1525.57,5101.99,1739.31
Copy of IMG00123.JPG,insulator,2,0.4359,4394.74,761.32,4638.16,1060.5
Copy of IMG00123.JPG,insulator,2,0.3396,4142.76,1373.39,4367.58,1640.7
Copy of IMG00123.JPG,conductor,1,0.2962,2289.74,3261.48,3248.3,3768.56
Copy of IMG00123.JPG,insulator,2,0.2894,4742.49,853.96,4982.66,1138.27
Copy of IMG00123.JPG,insulator,2,0.2182,4715.39,1258.13,4870.1,1448.5
Copy of IMG00123.JPG,insulator,2,0.2165,4160.87,1281.52,4399.11,1570.15
Copy of IMG00123.JPG,insulator,2,0.1972,4674.95,839.09,4868.06,1113.4
Copy of IMG00123.JPG,conductor,1,0.1783,3799.21,2060.32,4512.71,2587.09
Copy of IMG00123.JPG,insulator,2,0.1717,4700.2,816.43,4911.31,1126.78
Copy of IMG00123.JPG,insulator,2,0.1642,4644.73,832.49,4825.02,1099.24
Copy of IMG00123.JPG,conductor,1,0.1357,38.75,5110.05,1135.34,5676.87
Copy of IMG00123.JPG,insulator,2,0.1353,4219.37,1230.37,4470.56,1498.57
Copy of IMG00123.JPG,conductor,1,0.1177,3078.54,2605.57,3695.32,3030.4
Copy of IMG00123.JPG,conductor,1,0.1133,2255.61,3363.13,3177.69,3800.92
Copy of IMG00123.JPG,conductor,1,0.1087,2351.49,3182.97,3296.42,3697.28
Copy of IMG00123.JPG,conductor,1,0.1065,615.88,4675.16,1728.22,5235.09
Copy of IMG00123.JPG,conductor,1,0.0947,1781.82,3700.4,2732.38,4234.62
Copy of IMG00123.JPG,conductor,1,0.0899,3875.66,1954.83,4522.42,2522.61
Copy of IMG00123.JPG,conductor,1,0.0832,1197.16,4112.16,2223.2,4697.99
Copy of IMG00123.JPG,insulator,2,0.0826,5059.36,1314.62,5239.7,1510.64
Copy of IMG00123.JPG,conductor,1,0.0711,2983.78,2615.92,3691.64,3134.2
Copy of IMG00123.JPG,conductor,1,0.0705,2554.77,3104.29,3401.95,3570.5
Copy of IMG00123.JPG,conductor,1,0.069,4.26,2790.11,499.63,3069.72
Copy of IMG00123.JPG,conductor,1,0.0666,1848.82,3567.04,2920.45,4134.77
Copy of IMG00123.JPG,conductor,1,0.0659,0.03,5777.79,397.67,6283.33
Copy of IMG00123.JPG,conductor,1,0.0647,2050.65,3317.91,3185.14,3886.77
Copy of IMG00123.JPG,insulator,2,0.0636,4947.22,1473.12,5179.22,1692.93
Copy of IMG00123.JPG,conductor,1,0.0621,1922.39,3438.18,3059.88,4004.38
Copy of IMG00123.JPG,insulator,2,0.0611,4464.64,778.07,4696.16,1108.92
Copy of IMG00123.JPG,conductor,1,0.0504,2502.54,3151.2,3313.58,3619.13
Copy of IMG00118.JPG,insulator,2,0.6707,5263.22,573.04,5539.82,895.17
Copy of IMG00118.JPG,insulator,2,0.5738,4586.61,391.96,4897.0,711.74
Copy of IMG00118.JPG,insulator,2,0.5261,5930.37,329.81,6224.15,660.15
Copy of IMG00118.JPG,insulator,2,0.5067,4665.58,114.56,5010.66,395.98
Copy of IMG00118.JPG,insulator,2,0.5031,5314.85,168.21,5629.29,429.0
Copy of IMG00118.JPG,insulator,2,0.3968,5926.85,689.2,6228.22,982.16
Copy of IMG00118.JPG,conductor,1,0.2826,5883.46,1078.86,6173.39,2017.18
Copy of IMG00118.JPG,conductor,1,0.2469,9013.84,5620.27,9504.0,6273.44
Copy of IMG00118.JPG,insulator,2,0.1828,4602.01,151.98,4982.67,563.52
Copy of IMG00118.JPG,conductor,1,0.1775,5870.1,1091.7,6157.3,1646.65
Copy of IMG00118.JPG,insulator,2,0.1289,4989.46,424.46,5184.34,716.89
Copy of IMG00118.JPG,insulator,2,0.1058,5944.9,350.65,6233.2,776.4
Copy of IMG00118.JPG,conductor,1,0.0913,2281.74,531.81,4516.75,1102.97
Copy of IMG00118.JPG,insulator,2,0.0672,5222.5,216.15,5538.35,445.46
Copy of IMG00118.JPG,conductor,1,0.0662,5846.3,1080.35,6248.15,2281.74
Copy of IMG00118.JPG,conductor,1,0.0611,5750.18,1078.1,6159.24,1996.23
Copy of IMG00118.JPG,conductor,1,0.0572,5799.77,1120.41,6150.53,1758.71
Copy of IMG00118.JPG,conductor,1,0.0525,5836.98,1133.94,6206.46,1897.88
Copy of IMG00112.JPG,conductor,1,0.8745,5253.05,3498.56,5888.42,4253.42
Copy of IMG00112.JPG,insulator,2,0.7287,4262.09,1064.78,4552.68,1331.84
Copy of IMG00112.JPG,conductor,1,0.693,4929.34,1876.08,5368.57,2764.18
Copy of IMG00112.JPG,insulator,2,0.6655,4852.77,1018.67,5149.55,1293.69
Copy of IMG00112.JPG,insulator,2,0.5296,3669.51,1143.81,3954.33,1427.39
Copy of IMG00112.JPG,insulator,2,0.4875,3890.39,1367.93,4157.71,1630.36
Copy of IMG00112.JPG,insulator,2,0.4747,5048.8,1250.12,5330.2,1507.45
Copy of IMG00112.JPG,pylon,0,0.4298,4313.6,1902.87,4842.56,6261.72
Copy of IMG00112.JPG,pylon,0,0.325,4315.98,1969.81,4734.45,5578.85
Copy of IMG00112.JPG,conductor,1,0.2698,5493.27,1924.02,6062.44,2469.42
Copy of IMG00112.JPG,insulator,2,0.2608,4867.74,1075.53,5196.68,1298.7
Copy of IMG00112.JPG,conductor,1,0.2441,4979.69,1923.74,5479.2,2751.21
Copy of IMG00112.JPG,conductor,1,0.2437,5572.74,1943.04,6127.92,2524.39
Copy of IMG00112.JPG,insulator,2,0.2151,5010.43,1208.1,5341.07,1466.3
Copy of IMG00112.JPG,conductor,1,0.1718,5314.44,1591.21,5800.27,2080.46
Copy of IMG00112.JPG,conductor,1,0.1651,5267.13,1530.84,5719.94,1976.44
Copy of IMG00112.JPG,conductor,1,0.1642,4874.45,1851.67,5268.51,2605.87
Copy of IMG00112.JPG,conductor,1,0.1521,5648.9,2074.38,6175.89,2579.91
Copy of IMG00112.JPG,conductor,1,0.1514,5393.01,1790.78,5951.33,2257.39
Copy of IMG00112.JPG,conductor,1,0.1479,5444.94,1876.09,5992.55,2362.62
Copy of IMG00112.JPG,insulator,2,0.1313,4526.07,1385.58,4733.87,1597.93
Copy of IMG00112.JPG,insulator,2,0.1124,3760.26,1182.05,4004.81,1456.96
Copy of IMG00112.JPG,insulator,2,0.0993,3837.08,1231.52,4055.38,1463.62
Copy of IMG00112.JPG,conductor,1,0.0992,4834.93,1798.87,5228.32,2353.85
Copy of IMG00112.JPG,conductor,1,0.0983,4814.15,1764.38,5155.7,2238.79
Copy of IMG00112.JPG,conductor,1,0.0937,5716.0,2132.25,6198.33,2671.81
Copy of IMG00112.JPG,conductor,1,0.0928,6692.04,5762.0,7207.93,6294.84
Copy of IMG00112.JPG,conductor,1,0.0904,4830.95,1737.87,5136.07,2149.09
Copy of IMG00112.JPG,conductor,1,0.0893,5351.17,1718.62,5895.23,2167.21
Copy of IMG00112.JPG,conductor,1,0.0841,4812.2,1719.39,5089.4,2080.88
Copy of IMG00112.JPG,conductor,1,0.0819,5078.73,2189.25,5549.72,2743.96
Copy of IMG00112.JPG,pylon,0,0.0808,4333.18,1952.41,4676.22,4692.22
Copy of IMG00112.JPG,conductor,1,0.0703,3238.11,668.63,3714.22,1004.16
Copy of IMG00112.JPG,conductor,1,0.0694,5207.29,1487.21,5584.02,1898.65
Copy of IMG00112.JPG,insulator,2,0.0671,4370.49,1621.04,4521.0,1758.49
Copy of IMG00112.JPG,insulator,2,0.0638,4875.48,1093.96,5259.33,1445.85
Copy of IMG00112.JPG,insulator,2,0.0613,4356.09,1770.64,4520.75,1954.33
Copy of IMG00112.JPG,insulator,2,0.0585,4713.51,1343.28,4881.48,1544.89
Copy of IMG00112.JPG,conductor,1,0.0543,5805.05,2294.13,6290.27,2779.11
Copy of IMG00112.JPG,conductor,1,0.0534,4683.34,1665.78,4927.29,1940.35
Copy of IMG03525.JPG,pylon,0,0.7199,4275.89,1933.69,4845.67,6226.27
Copy of IMG03525.JPG,conductor,1,0.3608,2789.95,4879.31,3818.15,6285.51
Copy of IMG03525.JPG,insulator,2,0.2599,4529.06,1874.74,4738.36,2127.24
Copy of IMG03525.JPG,insulator,2,0.2573,4557.02,2264.56,4782.11,2528.74
Copy of IMG03525.JPG,conductor,1,0.1548,1.36,3043.74,685.79,3640.11
Copy of IMG03525.JPG,insulator,2,0.1361,4577.81,2643.3,4813.73,2914.37
Copy of IMG03525.JPG,insulator,2,0.1056,616.72,2540.37,978.87,2869.9
Copy of IMG03525.JPG,conductor,1,0.0857,0.14,3192.58,602.52,3879.96
Copy of IMG03525.JPG,conductor,1,0.0694,107.38,3084.56,698.37,3558.23
Copy of IMG03525.JPG,insulator,2,0.0617,756.6,2565.94,1087.26,2864.24
Copy of IMG03525.JPG,conductor,1,0.0591,8462.83,2260.83,9504.0,3196.07
Copy of IMG03525.JPG,conductor,1,0.0506,8006.52,5269.45,9496.06,6269.75
Copy of IMG03518.JPG,insulator,2,0.758,4779.16,2285.58,5117.52,2782.25
Copy of IMG03518.JPG,insulator,2,0.6329,4795.89,1174.92,5113.4,1690.09
Copy of IMG03518.JPG,insulator,2,0.6181,4799.11,1758.74,5111.2,2196.48
Copy of IMG03518.JPG,pylon,0,0.4765,4201.87,1659.98,5040.92,6263.96
Copy of IMG03518.JPG,conductor,1,0.2738,2849.96,1388.7,4289.85,2019.42
Copy of IMG03518.JPG,conductor,1,0.1971,0.0,232.46,3507.05,605.39
Copy of IMG03518.JPG,pylon,0,0.1611,4382.72,2547.78,4955.46,6040.56
Copy of IMG03518.JPG,conductor,1,0.1601,198.77,1132.92,3870.79,1917.1
Copy of IMG03518.JPG,conductor,1,0.1301,0.0,111.02,3543.01,462.62
Copy of IMG03518.JPG,conductor,1,0.1054,3023.19,4239.81,4326.04,6242.33
Copy of IMG03518.JPG,conductor,1,0.0827,6007.56,2430.96,6923.08,6281.35
Copy of IMG03518.JPG,conductor,1,0.0745,6288.94,2777.46,7790.61,6264.82
Copy of IMG03518.JPG,pylon,0,0.064,4398.41,1354.4,4919.09,5521.23
Copy of IMG03518.JPG,conductor,1,0.0608,2197.43,2300.88,4281.12,2932.22
Copy of IMG03518.JPG,conductor,1,0.0604,2784.51,1573.3,4133.57,2157.43
Copy of IMG03518.JPG,conductor,1,0.0599,6746.56,2900.96,7787.21,6242.79
Copy of IMG03518.JPG,conductor,1,0.0522,0.0,86.79,4643.26,445.53
Copy of IMG03518.JPG,conductor,1,0.0505,31.71,416.53,1472.32,799.06
Copy of IMG00083.JPG,insulator,2,0.9455,5927.17,2017.28,6407.71,2447.47
Copy of IMG00083.JPG,insulator,2,0.8627,5142.85,2193.01,5582.08,2620.12
Copy of IMG00083.JPG,conductor,1,0.8621,6791.65,5318.74,8000.91,6289.22
Copy of IMG00083.JPG,insulator,2,0.7606,4212.67,2464.46,4670.2,2901.0
Copy of IMG00083.JPG,pylon,0,0.5349,4750.17,3807.17,5283.71,6254.76
Copy of IMG00083.JPG,conductor,1,0.3805,5795.24,5559.07,6708.05,6310.65
Copy of IMG00083.JPG,conductor,1,0.2443,5307.11,4617.67,6589.23,6093.34
Copy of IMG00083.JPG,conductor,1,0.2376,6346.3,2747.11,8045.3,5151.68
Copy of IMG00083.JPG,conductor,1,0.1512,4779.42,3790.52,5273.66,6286.94
Copy of IMG00083.JPG,conductor,1,0.0905,6426.33,2927.72,8173.77,5665.57
Copy of IMG00083.JPG,conductor,1,0.0804,5834.33,3371.9,6891.91,5281.04
Copy of IMG00083.JPG,conductor,1,0.0784,5282.31,4403.15,5911.47,5131.56
Copy of IMG00083.JPG,conductor,1,0.0751,5288.72,4478.17,6106.4,5485.91
Copy of IMG00083.JPG,insulator,2,0.0735,4694.9,2622.3,5039.49,2984.39
Copy of IMG00083.JPG,insulator,2,0.0718,5271.04,2352.49,5667.52,2689.95
Copy of IMG00083.JPG,conductor,1,0.0635,5296.54,4650.77,6513.52,5720.13
Copy of IMG00083.JPG,insulator,2,0.0618,5131.67,3059.19,5669.92,3510.7
Copy of IMG00262.JPG,conductor,1,0.491,2391.51,1936.37,9370.03,2876.58
Copy of IMG00262.JPG,conductor,1,0.4871,5734.03,1402.21,9224.42,2005.28
Copy of IMG00262.JPG,conductor,1,0.3712,4949.01,1459.51,9243.66,2049.11
Copy of IMG00262.JPG,conductor,1,0.2196,0.0,2882.9,7104.29,3831.85
Copy of IMG00262.JPG,conductor,1,0.1788,43.79,2542.82,3801.98,3407.23
Copy of IMG00262.JPG,conductor,1,0.1198,1019.91,2013.07,8729.6,2891.4
Copy of IMG00262.JPG,conductor,1,0.1062,3154.13,2182.57,8589.65,2942.01
Copy of IMG00262.JPG,conductor,1,0.081,1277.36,2361.47,6969.88,3182.33
Copy of IMG00262.JPG,conductor,1,0.0714,4574.46,2035.46,9151.48,2792.84
Copy of IMG00262.JPG,conductor,1,0.0682,4199.29,2117.42,9225.21,2944.23
Copy of IMG00262.JPG,conductor,1,0.0681,1953.24,2174.18,7909.54,2987.37
Copy of IMG00262.JPG,conductor,1,0.0654,4443.66,1530.32,9368.86,2166.21
Copy of IMG00262.JPG,conductor,1,0.0615,2860.55,4247.84,9504.0,5139.4
Copy of IMG00262.JPG,conductor,1,0.0606,0.0,2481.44,7204.51,3416.22
Copy of IMG00036.JPG,conductor,1,0.1019,639.81,2469.47,5267.16,3055.88
Copy of IMG00036.JPG,conductor,1,0.0792,8830.6,4434.6,9503.31,5480.71
Copy of IMG00036.JPG,conductor,1,0.056,24.87,2346.24,5187.3,3099.15
Copy of IMG00523.JPG,insulator,2,0.9206,4076.35,1017.15,4601.35,1527.57
Copy of IMG00523.JPG,insulator,2,0.9157,6054.83,2326.9,6491.63,2768.11
Copy of IMG00523.JPG,insulator,2,0.8951,3696.54,2965.92,4168.03,3368.68
Copy of IMG00523.JPG,insulator,2,0.8927,5081.53,1662.61,5515.88,2153.62
Copy of IMG00523.JPG,insulator,2,0.8395,3625.11,1621.29,4087.03,2121.41
Copy of IMG00523.JPG,insulator,2,0.7693,5553.78,2950.6,6034.11,3400.55
Copy of IMG00523.JPG,conductor,1,0.6564,3118.47,4799.67,4135.1,6205.97
Copy of IMG00523.JPG,insulator,2,0.5763,4587.49,2344.6,5004.65,2828.62
Copy of IMG00523.JPG,conductor,1,0.4396,2056.13,4392.33,2994.61,5455.22
Copy of IMG00523.JPG,insulator,2,0.4258,4326.62,2451.1,4670.42,2794.59
Copy of IMG00523.JPG,pylon,0,0.4164,4247.55,3046.1,5071.7,6242.33
Copy of IMG00523.JPG,conductor,1,0.3915,896.53,1195.2,1930.45,1801.6
Copy of IMG00523.JPG,conductor,1,0.3418,1049.95,314.8,1886.51,865.55
Copy of IMG00523.JPG,conductor,1,0.3104,2567.81,1338.73,3471.12,2031.46
Copy of IMG00523.JPG,pylon,0,0.261,4503.71,3010.71,5125.25,6260.97
Copy of IMG00523.JPG,conductor,1,0.2572,1812.91,799.59,2650.75,1395.95
Copy of IMG00523.JPG,conductor,1,0.2245,209.74,709.74,1141.98,1323.15
Copy of IMG00523.JPG,conductor,1,0.2168,4111.82,3413.11,4524.29,4248.12
Copy of IMG00523.JPG,conductor,1,0.2132,1844.6,846.7,2727.25,1499.4
Copy of IMG00523.JPG,conductor,1,0.2106,2752.19,577.53,3846.51,1293.08
Copy of IMG00523.JPG,conductor,1,0.2033,5275.88,3475.1,5832.19,4503.66
Copy of IMG00523.JPG,conductor,1,0.1836,4279.79,3011.98,5023.78,6252.6
Copy of IMG00523.JPG,conductor,1,0.1828,357.03,785.06,1190.66,1343.67
Copy of IMG00523.JPG,conductor,1,0.1814,3802.02,3509.26,4463.4,4766.86
Copy of IMG00523.JPG,conductor,1,0.1792,1906.61,1806.9,2935.72,2658.72
Copy of IMG00523.JPG,conductor,1,0.1743,900.36,263.91,1790.09,805.48
Copy of IMG00523.JPG,conductor,1,0.1644,1880.56,1909.82,3380.76,2802.37
Copy of IMG00523.JPG,conductor,1,0.1639,905.86,4998.14,1942.79,5632.62
Copy of IMG00523.JPG,conductor,1,0.1624,1108.24,398.74,1962.82,988.29
Copy of IMG00523.JPG,conductor,1,0.1606,16.68,4368.86,1061.27,5145.92
Copy of IMG00523.JPG,conductor,1,0.1493,109.73,641.81,1058.23,1239.38
Copy of IMG00523.JPG,conductor,1,0.1448,5355.76,3453.97,5825.52,4152.48
Copy of IMG00523.JPG,conductor,1,0.1323,1026.38,1252.51,1998.45,1956.77
Copy of IMG00523.JPG,conductor,1,0.1075,2.42,446.53,663.61,1034.92
Copy of IMG00523.JPG,conductor,1,0.1004,1088.09,1260.16,1910.3,1835.67
Copy of IMG00523.JPG,conductor,1,0.0986,8.55,531.29,881.77,1099.93
Copy of IMG00523.JPG,conductor,1,0.0958,5207.5,3597.31,5785.72,4564.71
Copy of IMG00523.JPG,conductor,1,0.0901,1.7,401.42,453.1,968.22
Copy of IMG00523.JPG,conductor,1,0.0879,3148.65,4545.15,4201.67,5665.19
Copy of IMG00523.JPG,conductor,1,0.0849,1816.53,30.56,2518.23,470.52
Copy of IMG00523.JPG,conductor,1,0.0832,4898.43,4311.88,5516.61,5424.53
Copy of IMG00523.JPG,conductor,1,0.0821,4023.23,3476.77,4506.65,4400.69
Copy of IMG00523.JPG,conductor,1,0.0813,4837.91,4670.36,5299.94,5500.82
Copy of IMG00523.JPG,conductor,1,0.0731,2012.99,144.76,2967.36,678.5
Copy of IMG00523.JPG,conductor,1,0.0727,531.97,877.61,1250.91,1362.61
Copy of IMG00523.JPG,conductor,1,0.0689,112.04,624.53,916.91,1130.95
Copy of IMG00523.JPG,insulator,2,0.0687,4518.81,1928.37,4802.28,2254.02
Copy of IMG00523.JPG,conductor,1,0.0669,648.51,134.25,1294.47,575.82
Copy of IMG00523.JPG,conductor,1,0.0665,3527.84,2059.02,4174.7,2493.16
Copy of IMG00523.JPG,conductor,1,0.0663,712.47,172.82,1624.98,649.17
Copy of IMG00523.JPG,conductor,1,0.0649,1916.25,82.99,2845.57,556.31
Copy of IMG00523.JPG,insulator,2,0.0633,4534.65,1908.05,4815.66,2190.26
Copy of IMG00523.JPG,conductor,1,0.063,3450.01,2089.94,3922.2,2602.4
Copy of IMG00523.JPG,conductor,1,0.0597,4849.59,4510.48,5404.01,5490.38
Copy of IMG00523.JPG,conductor,1,0.0556,4965.4,4172.57,5564.61,5285.96
Copy of IMG00523.JPG,conductor,1,0.0544,2435.12,1231.98,3410.91,1920.55
Copy of IMG00523.JPG,conductor,1,0.0543,2.04,368.01,318.78,837.28
Copy of IMG00523.JPG,insulator,2,0.0536,4396.1,2402.79,4878.96,2823.49
Copy of IMG00523.JPG,conductor,1,0.051,1263.73,1310.79,1970.8,1891.83
Copy of IMG00523.JPG,conductor,1,0.0508,3166.62,5415.58,3881.42,6214.68
Copy of IMG00523.JPG,conductor,1,0.0503,2009.02,2110.79,3308.19,2867.33
Copy of IMG00523.JPG,conductor,1,0.0501,2619.2,373.75,3824.72,1257.13
Copy of IMG03410.JPG,pylon,0,0.6969,4705.04,2418.25,5367.95,4873.51
Copy of IMG03410.JPG,pylon,0,0.6186,5089.68,2256.19,5531.87,4880.59
Copy of IMG03410.JPG,pylon,0,0.3697,4694.08,2576.18,5120.67,4838.87
Copy of IMG03410.JPG,insulator,2,0.2906,0.0,4131.86,251.17,4467.37
Copy of IMG03410.JPG,conductor,1,0.1864,7220.98,3172.37,8102.63,3635.8
Copy of IMG03410.JPG,insulator,2,0.1842,4714.99,2156.67,4958.96,2409.56
Copy of IMG03410.JPG,insulator,2,0.1829,1.79,4100.46,179.02,4452.51
Copy of IMG03410.JPG,insulator,2,0.1173,5566.26,2054.76,5733.67,2220.01
Copy of IMG03410.JPG,insulator,2,0.1172,5397.77,1977.71,5587.51,2134.62
Copy of IMG03410.JPG,conductor,1,0.1116,7884.05,3664.06,9143.29,4149.03
Copy of IMG03410.JPG,conductor,1,0.1065,8177.84,3802.02,9181.97,4151.32
Copy of IMG03410.JPG,conductor,1,0.1058,1632.17,1486.53,2250.94,1735.05
Copy of IMG03410.JPG,conductor,1,0.1016,1706.3,1498.5,2341.61,1750.1
Copy of IMG03410.JPG,insulator,2,0.1011,4806.62,2199.97,4995.41,2456.93
Copy of IMG03410.JPG,conductor,1,0.0969,1483.5,1458.5,2091.28,1681.98
Copy of IMG03410.JPG,insulator,2,0.0854,4630.09,2470.69,4798.64,2662.75
Copy of IMG03410.JPG,conductor,1,0.0834,7859.85,3562.86,9064.95,4081.64
Copy of IMG03410.JPG,conductor,1,0.0828,8074.55,3733.71,9122.14,4125.89
Copy of IMG03410.JPG,conductor,1,0.0818,8899.11,4181.06,9501.73,4579.16
Copy of IMG03410.JPG,insulator,2,0.0806,5090.16,1935.96,5286.45,2107.19
Copy of IMG03410.JPG,conductor,1,0.0784,1740.51,1519.55,2529.58,1819.64
Copy of IMG03410.JPG,conductor,1,0.0767,7032.81,3063.45,8047.93,3573.37
Copy of IMG03410.JPG,conductor,1,0.073,1847.65,1755.25,2877.35,2267.74
Copy of IMG03410.JPG,conductor,1,0.0718,5908.3,2353.2,6856.01,2927.14
Copy of IMG03410.JPG,conductor,1,0.0663,1393.28,1430.28,1934.02,1639.86
Copy of IMG03410.JPG,conductor,1,0.0576,6712.44,2761.31,7654.66,3325.9
Copy of IMG03410.JPG,conductor,1,0.0548,7779.16,3517.67,8918.98,3910.73
Copy of IMG03410.JPG,insulator,2,0.0527,5180.1,1933.37,5358.92,2096.09
Copy of IMG00477.JPG,conductor,1,0.5777,5387.88,2995.31,9504.0,3804.13
Copy of IMG00477.JPG,pylon,0,0.3749,4523.56,2209.84,5052.13,4146.61
Copy of IMG00477.JPG,conductor,1,0.3437,4560.53,4256.12,9490.81,5479.76
Copy of IMG00477.JPG,conductor,1,0.3384,5414.5,161.53,5832.65,1053.51
Copy of IMG00477.JPG,conductor,1,0.2899,2817.87,5416.3,3573.78,6312.79
Copy of IMG00477.JPG,conductor,1,0.2043,5272.43,2885.0,9504.0,3743.33
Copy of IMG00477.JPG,conductor,1,0.1544,3972.29,5181.24,5685.07,6210.85
Copy of IMG00477.JPG,conductor,1,0.0979,5268.29,3055.6,9504.0,3987.4
Copy of IMG00477.JPG,conductor,1,0.0811,5262.57,2690.12,9504.0,3548.93
Copy of IMG00477.JPG,conductor,1,0.0741,5336.48,4138.18,9504.0,5344.49
Copy of IMG00477.JPG,conductor,1,0.0603,5495.22,4617.04,9440.41,5495.66
Copy of IMG00477.JPG,conductor,1,0.0558,5431.28,4689.96,7153.36,5612.83
Copy of IMG00088.JPG,insulator,2,0.7918,4476.43,2525.02,4741.91,2791.27
Copy of IMG00088.JPG,insulator,2,0.7711,3870.81,2542.67,4096.39,2793.12
Copy of IMG00088.JPG,conductor,1,0.6818,4391.49,3353.0,4911.74,4128.94
Copy of IMG00088.JPG,conductor,1,0.5859,4692.34,2817.93,5238.38,3302.05
Copy of IMG00088.JPG,conductor,1,0.5483,5758.69,5428.42,6361.94,6174.62
Copy of IMG00088.JPG,conductor,1,0.5443,4411.77,3386.13,5045.17,4244.6
Copy of IMG00088.JPG,insulator,2,0.3924,4176.28,2263.01,4444.19,2487.39
Copy of IMG00088.JPG,conductor,1,0.3892,3339.76,1464.06,3930.07,1945.37
Copy of IMG00088.JPG,pylon,0,0.3415,4057.73,2703.45,4380.21,6336.0
Copy of IMG00088.JPG,conductor,1,0.2918,1942.31,170.69,2889.31,1132.58
Copy of IMG00088.JPG,conductor,1,0.289,5775.77,4331.25,6645.53,4919.93
Copy of IMG00088.JPG,pylon,0,0.2368,3934.5,2662.92,4410.92,6310.1
Copy of IMG00088.JPG,conductor,1,0.2262,4740.21,4051.49,5415.52,4677.19
Copy of IMG00088.JPG,conductor,1,0.2125,5012.71,3211.98,5544.71,3663.25
Copy of IMG00088.JPG,conductor,1,0.1943,6731.91,5295.43,7240.17,5752.99
Copy of IMG00088.JPG,conductor,1,0.1889,6225.12,4708.94,6817.78,5202.7
Copy of IMG00088.JPG,conductor,1,0.1786,4717.76,3972.52,5351.37,4606.13
Copy of IMG00088.JPG,conductor,1,0.1734,6739.88,5368.59,7261.78,5818.26
Copy of IMG00088.JPG,conductor,1,0.1607,4658.28,3908.97,5312.96,4524.37
Copy of IMG00088.JPG,conductor,1,0.1593,4456.79,3572.36,5138.48,4307.57
Copy of IMG00088.JPG,conductor,1,0.1518,4806.89,4160.56,5501.66,4812.65
Copy of IMG00088.JPG,conductor,1,0.1484,3220.1,1360.79,3853.23,1863.19
Copy of IMG00088.JPG,conductor,1,0.1456,6663.49,5747.49,7022.12,6178.1
Copy of IMG00088.JPG,conductor,1,0.1386,6226.29,4852.7,6815.93,5287.48
Copy of IMG00088.JPG,conductor,1,0.1342,5804.38,5579.88,6386.21,6161.87
Copy of IMG00088.JPG,conductor,1,0.1321,3709.38,1855.05,4168.39,2190.94
Copy of IMG00088.JPG,conductor,1,0.1313,2985.85,1170.94,3595.76,1648.31
Copy of IMG00088.JPG,conductor,1,0.1254,2986.43,1094.03,3517.82,1565.7
Copy of IMG00088.JPG,conductor,1,0.1223,4389.62,3287.87,4788.17,3948.53
Copy of IMG00088.JPG,conductor,1,0.1173,4469.63,3714.4,5185.05,4404.01
Copy of IMG00088.JPG,conductor,1,0.1123,4702.84,2863.3,5293.31,3390.63
Copy of IMG00088.JPG,conductor,1,0.1062,7056.78,5643.55,7512.17,6166.79
Copy of IMG00088.JPG,conductor,1,0.1054,1957.88,153.01,2682.18,850.17
Copy of IMG00088.JPG,conductor,1,0.1029,4930.82,4313.38,5580.27,4953.67
Copy of IMG00088.JPG,conductor,1,0.0995,3071.22,1276.29,3760.36,1791.62
Copy of IMG00088.JPG,conductor,1,0.0981,6698.4,5284.49,7147.82,5696.17
Copy of IMG00088.JPG,conductor,1,0.096,4963.81,3159.36,5516.72,3598.51
Copy of IMG00088.JPG,conductor,1,0.096,4662.83,2799.45,5171.93,3207.57
Copy of IMG00088.JPG,conductor,1,0.0953,6999.65,5607.58,7451.65,6062.74
Copy of IMG00088.JPG,conductor,1,0.0905,2750.27,906.92,3389.77,1433.07
Copy of IMG00088.JPG,conductor,1,0.0881,5175.77,3416.53,5750.52,3909.05
Copy of IMG00088.JPG,conductor,1,0.0874,6823.94,5414.47,7328.01,5894.85
Copy of IMG00088.JPG,conductor,1,0.0859,5342.69,3592.0,5824.19,4001.81
Copy of IMG00088.JPG,conductor,1,0.0852,6381.31,5320.98,6787.52,5730.75
Copy of IMG00088.JPG,conductor,1,0.0845,4518.42,3754.55,5281.83,4488.51
Copy of IMG00088.JPG,conductor,1,0.0837,5307.47,3531.21,5779.91,3948.26
Copy of IMG00088.JPG,conductor,1,0.0822,5720.89,5382.43,6259.38,6036.47
Copy of IMG00088.JPG,conductor,1,0.0818,4084.56,2726.09,4426.11,5950.31
Copy of IMG00088.JPG,conductor,1,0.0818,7184.94,5789.75,7604.34,6291.63
Copy of IMG00088.JPG,conductor,1,0.0793,6769.24,5825.92,7091.48,6257.13
Copy of IMG00088.JPG,conductor,1,0.0779,6925.63,5526.44,7388.83,6021.52
Copy of IMG00088.JPG,conductor,1,0.0772,2797.83,981.42,3455.04,1519.83
Copy of IMG00088.JPG,conductor,1,0.0767,6658.77,5292.11,7158.07,5818.25
Copy of IMG00088.JPG,conductor,1,0.0758,5615.79,3996.22,6121.26,4435.21
Copy of IMG00088.JPG,conductor,1,0.0752,5051.98,3281.33,5656.66,3782.51
Copy of IMG00088.JPG,conductor,1,0.0737,6172.16,4896.67,6668.42,5330.22
Copy of IMG00088.JPG,conductor,1,0.0727,5856.82,4410.32,6783.01,5079.96
Copy of IMG00088.JPG,conductor,1,0.0716,5413.37,3646.43,5957.99,4101.7
Copy of IMG00088.JPG,conductor,1,0.0707,3395.58,1556.32,4059.93,2062.52
Copy of IMG00088.JPG,conductor,1,0.0703,5472.91,5146.59,5967.1,5708.09
Copy of IMG00088.JPG,conductor,1,0.0687,6143.41,5033.75,6606.36,5406.87
Copy of IMG00088.JPG,conductor,1,0.068,4573.93,3870.97,5218.88,4463.16
Copy of IMG00088.JPG,conductor,1,0.068,6352.91,5253.15,6767.33,5665.98
Copy of IMG00088.JPG,conductor,1,0.0648,6622.48,5688.97,7026.31,6088.67
Copy of IMG00088.JPG,conductor,1,0.0644,5704.08,5319.62,6195.6,5925.56
Copy of IMG00088.JPG,conductor,1,0.0629,6622.15,5191.49,7131.63,5619.92
Copy of IMG00088.JPG,conductor,1,0.0623,6279.75,5151.77,6742.29,5540.4
Copy of IMG00088.JPG,conductor,1,0.0609,4869.83,3105.05,5495.08,3568.99
Copy of IMG00088.JPG,conductor,1,0.0606,5645.88,5227.75,6106.53,5785.26
Copy of IMG00088.JPG,conductor,1,0.06,4723.87,2868.04,5418.85,3489.32
Copy of IMG00088.JPG,conductor,1,0.0587,3582.38,1787.09,4082.91,2143.75
Copy of IMG00088.JPG,conductor,1,0.0579,5799.97,4331.46,6566.9,4793.51
Copy of IMG00088.JPG,conductor,1,0.0575,5494.22,3704.62,6000.31,4153.92
Copy of IMG00088.JPG,conductor,1,0.0547,6191.13,4964.9,6776.29,5417.09
Copy of IMG00088.JPG,conductor,1,0.0543,6409.96,5178.58,6880.57,5589.33
Copy of IMG00088.JPG,conductor,1,0.0538,6360.41,5198.81,6793.16,5602.33
Copy of IMG00088.JPG,conductor,1,0.0534,6710.4,5813.18,7038.65,6258.58
Copy of IMG00088.JPG,conductor,1,0.0531,6548.3,5182.33,6980.68,5555.07
Copy of IMG00088.JPG,conductor,1,0.0527,5255.12,3707.99,5717.48,4068.64
Copy of IMG00496.JPG,insulator,2,0.5092,5471.12,1670.46,5688.71,1897.83
Copy of IMG00496.JPG,conductor,1,0.5024,5863.49,2864.75,9504.0,3769.26
Copy of IMG00496.JPG,insulator,2,0.4343,5013.35,1554.37,5218.67,1811.86
Copy of IMG00496.JPG,conductor,1,0.2686,5871.61,2494.01,9504.0,3613.34
Copy of IMG00496.JPG,pylon,0,0.2458,4815.19,1905.19,5561.25,4389.3
Copy of IMG00496.JPG,conductor,1,0.1905,3785.22,2154.91,4700.17,3906.21
Copy of IMG00496.JPG,conductor,1,0.1762,3054.81,4739.33,3907.13,6247.48
Copy of IMG00496.JPG,insulator,2,0.1466,4542.79,1656.51,4761.87,1917.22
Copy of IMG00496.JPG,conductor,1,0.1119,3.84,2890.22,1377.13,5000.67
Copy of IMG00496.JPG,conductor,1,0.09,4893.23,1899.48,5518.46,4531.72
Copy of IMG00496.JPG,conductor,1,0.0839,5916.29,2235.36,9504.0,3061.98
Copy of IMG00496.JPG,conductor,1,0.0633,4365.74,1894.64,4726.49,2563.9
Copy of IMG00496.JPG,conductor,1,0.0614,4331.68,2003.52,4692.85,2627.45
Copy of IMG00496.JPG,conductor,1,0.054,3045.27,5309.7,3791.8,6249.85
Copy of IMG00114.JPG,insulator,2,0.9059,4812.2,3340.93,5246.58,3749.37
Copy of IMG00114.JPG,insulator,2,0.8213,4039.09,3458.07,4476.41,3813.93
Copy of IMG00114.JPG,insulator,2,0.7779,5771.56,3673.67,6170.67,4034.13
Copy of IMG00114.JPG,pylon,0,0.7545,4835.54,4443.39,5378.05,6306.18
Copy of IMG00114.JPG,insulator,2,0.6922,4212.33,3844.62,4662.13,4183.41
Copy of IMG00114.JPG,insulator,2,0.6764,5584.19,3302.55,6019.39,3686.67
Copy of IMG00114.JPG,insulator,2,0.5649,5056.17,3867.57,5443.74,4222.83
Copy of IMG00114.JPG,conductor,1,0.1699,5532.52,4554.89,6153.45,6286.32
Copy of IMG00114.JPG,conductor,1,0.1187,3325.17,0.0,3719.33,417.09
Copy of IMG00114.JPG,conductor,1,0.1029,5948.85,4101.69,6445.24,4606.97
Copy of IMG00114.JPG,conductor,1,0.0974,3997.16,255.46,4435.22,629.83
Copy of IMG00114.JPG,conductor,1,0.0823,3967.25,163.41,4415.62,598.17
Copy of IMG00114.JPG,conductor,1,0.0768,6015.5,4122.85,6745.69,4648.92
Copy of IMG00114.JPG,conductor,1,0.072,3487.49,515.99,3937.92,867.43
Copy of IMG00114.JPG,insulator,2,0.0675,5097.94,3845.97,5565.39,4196.68
Copy of IMG00114.JPG,conductor,1,0.0674,3882.42,7.41,4295.06,401.22
Copy of IMG00114.JPG,insulator,2,0.067,5367.37,3810.16,5655.1,4082.78
Copy of IMG00114.JPG,conductor,1,0.0657,3934.16,66.26,4388.38,546.22
Copy of IMG00114.JPG,conductor,1,0.065,3547.96,551.35,3956.86,900.14
Copy of IMG00114.JPG,conductor,1,0.0628,3731.99,1126.4,4216.45,1524.93
Copy of IMG00114.JPG,conductor,1,0.0615,3667.81,975.65,4166.44,1421.96
Copy of IMG00114.JPG,conductor,1,0.0581,3465.47,436.95,3872.61,800.5
Copy of IMG00114.JPG,insulator,2,0.0561,5677.51,3583.62,6157.92,4062.62
Copy of IMG00114.JPG,conductor,1,0.0557,5887.09,4056.68,6345.95,4585.71
Copy of IMG00264.JPG,conductor,1,0.3093,6157.71,1472.76,9258.42,2138.58
Copy of IMG00264.JPG,conductor,1,0.2719,0.0,3445.42,7047.59,4398.47
Copy of IMG00264.JPG,conductor,1,0.2634,0.0,2427.14,7392.13,3347.58
Copy of IMG00264.JPG,conductor,1,0.136,649.71,3363.92,7591.23,4294.53
Copy of IMG00264.JPG,conductor,1,0.1303,1182.69,2395.43,8413.24,3271.46
Copy of IMG00264.JPG,conductor,1,0.0938,1947.06,2720.35,5513.27,3438.93
Copy of IMG00264.JPG,conductor,1,0.0702,1701.82,3242.6,7506.3,4159.63
Copy of IMG00264.JPG,conductor,1,0.0656,2524.58,3291.4,5975.62,4244.43
Copy of IMG00264.JPG,conductor,1,0.0639,6737.39,1390.55,9309.17,2050.1
Copy of IMG00264.JPG,conductor,1,0.0588,6506.62,2184.29,8725.69,3031.68
Copy of IMG00487.JPG,pylon,0,0.7827,4608.49,2853.03,5094.9,6281.5
Copy of IMG00487.JPG,insulator,2,0.6419,4746.23,2479.41,5021.48,2803.51
Copy of IMG00487.JPG,insulator,2,0.6283,5907.55,2690.69,6230.67,3024.78
Copy of IMG00487.JPG,insulator,2,0.5027,3560.07,2656.78,3868.96,2957.36
Copy of IMG00487.JPG,conductor,1,0.2214,3718.8,622.34,4003.22,2201.69
Copy of IMG00487.JPG,conductor,1,0.1193,3386.28,3053.84,3851.16,6284.38
Copy of IMG00487.JPG,conductor,1,0.1071,5970.74,3146.03,6229.34,6336.0
Copy of IMG00487.JPG,conductor,1,0.1004,3556.47,3046.11,3830.43,4594.96
Copy of IMG00487.JPG,conductor,1,0.0766,5476.52,3093.8,5911.58,3507.5
Copy of IMG00487.JPG,conductor,1,0.0682,3757.33,648.36,3924.54,2256.81
Copy of IMG00487.JPG,conductor,1,0.0555,5951.04,3071.91,6128.54,3468.36
Copy of IMG00487.JPG,conductor,1,0.0527,6133.72,3110.67,6398.9,3510.98
Copy of IMG00487.JPG,conductor,1,0.0523,5963.2,3066.37,6178.65,4834.71
Copy of IMG00487.JPG,conductor,1,0.0508,3570.39,3058.56,3818.67,3643.3
Copy of IMG00487.JPG,conductor,1,0.0507,5844.83,1897.43,6075.22,2195.83
Copy of IMG00487.JPG,conductor,1,0.0506,3771.35,489.08,3967.61,2220.67
Copy of IMG03428.JPG,pylon,0,0.9543,5578.71,3538.1,6187.61,6313.81
Copy of IMG03428.JPG,insulator,2,0.8044,4923.7,3079.65,5203.31,3406.12
Copy of IMG03428.JPG,insulator,2,0.8015,6626.01,3733.23,6954.63,4131.09
Copy of IMG03428.JPG,conductor,1,0.6121,2900.9,4700.34,5012.09,5611.1
Copy of IMG03428.JPG,conductor,1,0.5777,1196.69,5259.16,3467.96,6220.48
Copy of IMG03428.JPG,conductor,1,0.5379,1688.54,3802.44,3165.17,4331.62
Copy of IMG03428.JPG,insulator,2,0.529,5707.84,3024.37,5979.98,3365.83
Copy of IMG03428.JPG,conductor,1,0.449,3228.79,3360.56,4782.51,3829.58
Copy of IMG03428.JPG,conductor,1,0.4426,321.13,4210.0,2057.58,4762.6
Copy of IMG03428.JPG,conductor,1,0.2865,7417.02,3416.91,9487.57,4032.34
Copy of IMG03428.JPG,conductor,1,0.2542,2565.55,3528.3,4313.52,4040.48
Copy of IMG03428.JPG,conductor,1,0.2473,0.0,4719.61,668.09,5091.21
Copy of IMG03428.JPG,conductor,1,0.2455,2710.66,3443.17,4584.45,3959.26
Copy of IMG03428.JPG,insulator,2,0.2298,2988.9,2215.51,3427.73,2571.53
Copy of IMG03428.JPG,conductor,1,0.2123,11.27,4516.07,1333.0,4943.62
Copy of IMG03428.JPG,conductor,1,0.2037,2958.65,3476.55,4529.57,3871.98
Copy of IMG03428.JPG,conductor,1,0.2015,2472.0,3601.38,4081.83,4087.35
Copy of IMG03428.JPG,insulator,2,0.1902,5673.04,2553.47,5996.79,2799.72
Copy of IMG03428.JPG,conductor,1,0.1861,1483.96,3836.53,2982.99,4371.82
Copy of IMG03428.JPG,conductor,1,0.1851,7007.99,3699.54,8243.13,4179.99
Copy of IMG03428.JPG,conductor,1,0.1562,2029.27,3785.2,3668.19,4194.59
Copy of IMG03428.JPG,conductor,1,0.1537,3245.27,3373.12,4860.6,4076.94
Copy of IMG03428.JPG,conductor,1,0.1482,1853.86,3693.37,3578.09,4182.54
Copy of IMG03428.JPG,conductor,1,0.1405,8681.6,3334.46,9504.0,3938.76
Copy of IMG03428.JPG,conductor,1,0.1321,7110.45,3376.94,9499.96,4174.13
Copy of IMG03428.JPG,conductor,1,0.1305,1110.32,4069.15,2608.61,4491.04
Copy of IMG03428.JPG,conductor,1,0.1249,8710.86,3394.2,9501.39,3808.94
Copy of IMG03428.JPG,conductor,1,0.122,842.64,4064.75,2494.47,4582.14
Copy of IMG03428.JPG,conductor,1,0.1216,497.09,4235.08,2324.44,4685.82
Copy of IMG03428.JPG,conductor,1,0.1194,1532.19,5132.51,3659.09,6134.34
Copy of IMG03428.JPG,conductor,1,0.118,1168.6,5554.66,3111.29,6274.41
Copy of IMG03428.JPG,conductor,1,0.1172,2119.71,3699.33,3766.43,4139.85
Copy of IMG03428.JPG,conductor,1,0.1147,0.0,4672.66,838.44,5070.82
Copy of IMG03428.JPG,conductor,1,0.1067,3691.75,3318.19,4808.98,3699.12
Copy of IMG03428.JPG,conductor,1,0.1055,27.03,4374.01,1454.01,4887.03
Copy of IMG03428.JPG,conductor,1,0.1042,7044.9,2706.24,9346.45,3494.62
Copy of IMG03428.JPG,insulator,2,0.1033,6731.62,2969.35,7074.18,3244.33
Copy of IMG03428.JPG,conductor,1,0.1025,474.27,4112.45,2237.96,4648.8
Copy of IMG03428.JPG,conductor,1,0.0969,3440.19,3496.69,4946.32,4224.35
Copy of IMG03428.JPG,conductor,1,0.0937,237.82,4972.42,1172.49,5408.02
Copy of IMG03428.JPG,conductor,1,0.0898,2818.54,3534.85,4422.39,3941.49
Copy of IMG03428.JPG,conductor,1,0.0888,0.0,5102.57,739.02,5548.2
Copy of IMG03428.JPG,conductor,1,0.0872,1.22,5424.7,199.41,6246.72
Copy of IMG03428.JPG,conductor,1,0.0816,1065.9,5704.88,2295.61,6307.57
Copy of IMG03428.JPG,conductor,1,0.0803,1366.43,4595.69,2172.93,5011.41
Copy of IMG03428.JPG,conductor,1,0.0796,8178.85,2542.65,9504.0,3137.05
Copy of IMG03428.JPG,conductor,1,0.0774,1381.37,4006.84,2882.37,4440.01
Copy of IMG03428.JPG,conductor,1,0.0767,1144.41,4616.65,2163.21,5070.62
Copy of IMG03428.JPG,conductor,1,0.0765,1.11,5438.99,300.87,6264.56
Copy of IMG03428.JPG,conductor,1,0.0763,40.46,4240.9,1955.85,4830.16
Copy of IMG03428.JPG,conductor,1,0.0761,0.0,4578.59,1182.14,4987.99
Copy of IMG03428.JPG,conductor,1,0.0701,0.0,5162.88,466.21,5716.39
Copy of IMG03428.JPG,conductor,1,0.0682,0.0,5012.56,772.94,5777.16
Copy of IMG03428.JPG,conductor,1,0.0673,0.0,5018.32,990.22,5499.06
Copy of IMG03428.JPG,pylon_fissure,3,0.0671,5749.68,5271.98,5985.3,6295.49
Copy of IMG03428.JPG,conductor,1,0.0666,7108.03,3507.16,9401.95,4087.13
Copy of IMG03428.JPG,conductor,1,0.0633,7035.24,3667.69,8452.52,4001.83
Copy of IMG03428.JPG,conductor,1,0.0631,3321.6,3463.06,4641.29,3828.35
Copy of IMG03428.JPG,conductor,1,0.0621,3030.5,3489.05,4874.77,4298.96
Copy of IMG03428.JPG,conductor,1,0.0619,7329.19,3635.26,8755.04,3970.81
Copy of IMG03428.JPG,conductor,1,0.0614,2598.21,4848.94,4619.57,5702.18
Copy of IMG03428.JPG,conductor,1,0.0611,384.69,4880.15,1455.47,5345.16
Copy of IMG03428.JPG,conductor,1,0.0582,2071.61,5109.17,3751.37,6026.99
Copy of IMG03428.JPG,conductor,1,0.0582,8735.64,3247.13,9503.53,3764.87
Copy of IMG03428.JPG,conductor,1,0.0549,2991.87,3402.94,4738.88,3918.18
Copy of IMG03428.JPG,conductor,1,0.0544,6926.72,3695.86,8284.47,4040.38
Copy of IMG03428.JPG,conductor,1,0.0531,6980.65,3604.33,8896.68,4203.23
Copy of IMG03428.JPG,conductor,1,0.0522,0.27,5134.93,614.5,5616.25
Copy of IMG03428.JPG,conductor,1,0.0503,852.71,4712.85,1872.08,5135.32
Copy of IMG03428.JPG,conductor,1,0.0503,492.57,4830.54,1541.4,5261.81
Copy of IMG03466.JPG,insulator,2,0.8784,7889.57,4319.15,8466.21,5046.14
Copy of IMG03466.JPG,pylon,0,0.8397,6674.7,3646.58,7439.54,6272.08
Copy of IMG03466.JPG,insulator,2,0.8349,7040.04,2787.9,7478.67,3361.03
Copy of IMG03466.JPG,insulator,2,0.7572,6189.45,2092.6,6639.45,2658.06
Copy of IMG03466.JPG,conductor,1,0.6094,3340.98,3708.56,6214.14,4955.39
Copy of IMG03466.JPG,conductor,1,0.5785,8536.76,4217.45,9504.0,4972.94
Copy of IMG03466.JPG,conductor,1,0.5488,3582.39,2742.91,5416.85,3504.18
Copy of IMG03466.JPG,conductor,1,0.5089,7813.25,2508.09,9500.53,3303.05
Copy of IMG03466.JPG,conductor,1,0.4269,4813.09,2502.26,6178.79,3084.81
Copy of IMG03466.JPG,conductor,1,0.4104,4680.53,3395.45,6468.72,4500.7
Copy of IMG03466.JPG,conductor,1,0.3942,620.49,3666.17,2588.43,4357.23
Copy of IMG03466.JPG,conductor,1,0.378,4545.96,5412.32,6552.23,6114.07
Copy of IMG03466.JPG,conductor,1,0.3735,1646.43,4290.46,4501.16,5410.38
Copy of IMG03466.JPG,conductor,1,0.3595,2123.54,3282.47,3991.98,3926.75
Copy of IMG03466.JPG,conductor,1,0.3511,2739.6,3814.46,6148.75,5050.39
Copy of IMG03466.JPG,conductor,1,0.3258,4074.83,3422.79,6469.19,4603.1
Copy of IMG03466.JPG,conductor,1,0.3152,0.0,4181.29,1053.24,4856.22
Copy of IMG03466.JPG,conductor,1,0.3003,1747.0,3977.9,4937.4,5244.8
Copy of IMG03466.JPG,conductor,1,0.2967,7242.51,1763.48,9197.35,2386.07
Copy of IMG03466.JPG,conductor,1,0.2854,4899.21,5206.2,6669.73,6048.9
Copy of IMG03466.JPG,conductor,1,0.2767,7199.1,1840.21,8991.64,2494.24
Copy of IMG03466.JPG,conductor,1,0.2764,28.09,4890.5,1916.62,5910.74
Copy of IMG03466.JPG,conductor,1,0.2499,4399.84,5490.03,6207.9,6169.85
Copy of IMG03466.JPG,conductor,1,0.2446,3499.59,3501.89,6402.09,4796.56
Copy of IMG03466.JPG,conductor,1,0.2306,4339.0,5670.85,5885.28,6327.17
Copy of IMG03466.JPG,conductor,1,0.2288,4325.33,5730.93,5506.32,6336.0
Copy of IMG03466.JPG,conductor,1,0.2207,7176.06,1964.01,8552.03,2521.47
Copy of IMG03466.JPG,conductor,1,0.2132,2569.3,3271.95,4002.94,3845.09
Copy of IMG03466.JPG,conductor,1,0.2092,8528.2,1443.93,9503.09,2108.58
Copy of IMG03466.JPG,conductor,1,0.1987,7942.22,2378.34,9504.0,3176.35
Copy of IMG03466.JPG,conductor,1,0.1899,8539.82,3881.59,9504.0,5036.02
Copy of IMG03466.JPG,conductor,1,0.1838,0.0,4130.62,1218.23,4620.96
Copy of IMG03466.JPG,insulator,2,0.1756,7021.46,2816.11,7342.05,3378.37
Copy of IMG03466.JPG,conductor,1,0.1558,8452.94,2292.55,9503.91,3098.06
Copy of IMG03466.JPG,conductor,1,0.1537,0.0,4212.97,937.06,4722.7
Copy of IMG03466.JPG,conductor,1,0.1528,2806.17,3249.05,4109.88,3761.61
Copy of IMG03466.JPG,conductor,1,0.1519,7795.69,2689.71,9292.62,3320.32
Copy of IMG03466.JPG,conductor,1,0.1438,1.93,5258.78,990.02,6154.0
Copy of IMG03466.JPG,conductor,1,0.1234,288.4,3742.11,2535.67,4479.59
Copy of IMG03466.JPG,conductor,1,0.1224,1117.66,4469.5,3185.57,5616.79
Copy of IMG03466.JPG,conductor,1,0.1217,1021.29,3588.72,2743.54,4311.28
Copy of IMG03466.JPG,conductor,1,0.1203,218.26,3826.84,2144.22,4521.03
Copy of IMG03466.JPG,conductor,1,0.1188,4.99,5017.17,1731.91,6108.09
Copy of IMG03466.JPG,conductor,1,0.1137,1851.4,3369.34,3550.64,4001.02
Copy of IMG03466.JPG,conductor,1,0.113,17.8,4116.14,1327.32,4475.73
Copy of IMG03466.JPG,conductor,1,0.112,0.0,4092.98,1387.89,4810.86
Copy of IMG03466.JPG,conductor,1,0.1102,7869.95,1577.55,9503.67,2148.77
Copy of IMG03466.JPG,conductor,1,0.0986,7552.96,1700.45,9479.27,2214.21
Copy of IMG03466.JPG,conductor,1,0.0959,0.0,4284.17,785.91,4775.23
Copy of IMG03466.JPG,conductor,1,0.0938,1444.28,4338.91,3734.46,5508.26
Copy of IMG03466.JPG,conductor,1,0.0818,0.09,4289.18,899.25,4975.96
Copy of IMG03466.JPG,conductor,1,0.0816,8698.29,1289.18,9504.0,2077.24
Copy of IMG03466.JPG,conductor,1,0.0743,0.0,5393.51,657.98,6244.27
Copy of IMG03466.JPG,conductor,1,0.074,2978.65,3763.26,5341.96,4911.11
Copy of IMG03466.JPG,conductor,1,0.0701,7175.99,2057.16,8159.2,2442.24
Copy of IMG03466.JPG,conductor,1,0.0699,1924.76,3417.62,3343.0,3936.62
Copy of IMG03466.JPG,conductor,1,0.0697,1.45,5622.54,221.86,6268.03
Copy of IMG03466.JPG,conductor,1,0.0682,8750.94,2237.1,9502.63,3046.47
Copy of IMG03466.JPG,conductor,1,0.0681,1052.23,3684.67,2642.65,4226.28
Copy of IMG03466.JPG,conductor,1,0.0667,415.69,3903.35,2020.92,4452.74
Copy of IMG03466.JPG,insulator,2,0.0658,7014.46,3263.8,7255.98,3488.33
Copy of IMG03466.JPG,conductor,1,0.0654,1.19,5737.38,296.99,6285.0
Copy of IMG03466.JPG,conductor,1,0.0642,1.27,5493.08,261.69,6241.41
Copy of IMG03466.JPG,conductor,1,0.0633,0.42,5580.08,326.6,6274.57
Copy of IMG03466.JPG,conductor,1,0.0632,5.07,5194.37,1286.08,6053.05
Copy of IMG03466.JPG,conductor,1,0.0591,4294.72,5909.04,5221.52,6336.0
Copy of IMG03466.JPG,conductor,1,0.0584,284.2,3806.41,2292.65,4368.04
Copy of IMG03466.JPG,conductor,1,0.058,4351.59,5611.15,5903.07,6162.96
Copy of IMG03466.JPG,conductor,1,0.0577,5053.15,2598.57,6171.83,3071.6
Copy of IMG03466.JPG,conductor,1,0.054,4410.38,5296.61,6496.82,6255.41
Copy of IMG03466.JPG,conductor,1,0.0514,3816.79,2679.24,5571.94,3322.4
Copy of IMG03466.JPG,conductor,1,0.0512,1316.34,3410.77,3279.29,4104.27
Copy of IMG00139.JPG,insulator,2,0.5077,4600.3,0.0,4879.38,214.53
Copy of IMG00139.JPG,insulator,2,0.479,5029.92,215.02,5262.3,484.74
Copy of IMG00139.JPG,insulator,2,0.4731,5389.28,169.94,5647.16,420.92
Copy of IMG00139.JPG,pylon,0,0.3926,4761.78,521.84,5151.29,4224.13
Copy of IMG00139.JPG,conductor,1,0.3058,1730.5,2118.01,2321.28,2575.5
Copy of IMG00139.JPG,conductor,1,0.2731,361.46,2909.27,916.79,3333.11
Copy of IMG00139.JPG,conductor,1,0.2501,296.5,2968.39,898.69,3424.58
Copy of IMG00139.JPG,conductor,1,0.2423,1353.56,2352.88,1795.41,2719.34
Copy of IMG00139.JPG,conductor,1,0.2114,846.2,2614.44,1357.07,3077.87
Copy of IMG00139.JPG,conductor,1,0.2107,1428.8,1809.7,1857.43,2159.92
Copy of IMG00139.JPG,conductor,1,0.2087,2126.6,1371.46,2664.17,1740.43
Copy of IMG00139.JPG,conductor,1,0.1858,145.69,3029.84,822.11,3527.76
Copy of IMG00139.JPG,conductor,1,0.1844,45.0,2584.79,479.43,2949.96
Copy of IMG00139.JPG,conductor,1,0.1769,1286.91,2824.24,1803.76,3194.32
Copy of IMG00139.JPG,conductor,1,0.1754,0.78,3248.25,307.29,3839.15
Copy of IMG00139.JPG,conductor,1,0.1633,761.87,2674.34,1294.89,3102.0
Copy of IMG00139.JPG,pylon,0,0.1572,4820.94,502.87,5102.09,3240.3
Copy of IMG00139.JPG,conductor,1,0.1439,714.72,2724.67,1246.67,3138.56
Copy of IMG00139.JPG,conductor,1,0.1347,880.92,2144.85,1317.24,2453.41
Copy of IMG00139.JPG,conductor,1,0.1345,431.21,2857.78,966.81,3280.43
Copy of IMG00139.JPG,conductor,1,0.1339,4156.49,263.65,4553.21,625.24
Copy of IMG00139.JPG,conductor,1,0.1276,25.76,3136.05,655.8,3590.06
Copy of IMG00139.JPG,conductor,1,0.1264,2244.9,1326.61,2695.35,1677.94
Copy of IMG00139.JPG,conductor,1,0.1187,906.32,2592.78,1457.99,2983.12
Copy of IMG00139.JPG,conductor,1,0.1176,4123.23,432.37,4580.83,879.01
Copy of IMG00139.JPG,conductor,1,0.1174,4149.28,553.27,4609.58,1015.69
Copy of IMG00139.JPG,conductor,1,0.1142,2056.85,1417.37,2625.06,1799.55
Copy of IMG00139.JPG,conductor,1,0.1093,0.91,2665.72,254.0,3071.45
Copy of IMG00139.JPG,conductor,1,0.1081,2277.61,1281.27,2738.39,1640.55
Copy of IMG00139.JPG,conductor,1,0.1077,510.42,2757.59,1010.68,3270.9
Copy of IMG00139.JPG,conductor,1,0.1061,461.65,2396.99,892.86,2728.75
Copy of IMG00139.JPG,conductor,1,0.1058,9133.14,623.9,9504.0,1039.23
Copy of IMG00139.JPG,conductor,1,0.1045,519.14,2358.1,938.25,2701.91
Copy of IMG00139.JPG,conductor,1,0.1031,3191.14,381.44,3685.68,698.91
Copy of IMG00139.JPG,conductor,1,0.1024,5209.37,626.71,5580.4,1045.56
Copy of IMG00139.JPG,conductor,1,0.1017,1619.4,2197.57,2196.61,2602.72
Copy of IMG00139.JPG,conductor,1,0.1011,1.3,3177.66,510.28,3647.71
Copy of IMG00139.JPG,conductor,1,0.0995,581.76,2766.64,1116.44,3194.28
Copy of IMG00139.JPG,conductor,1,0.0995,1.64,2621.7,362.24,3055.33
Copy of IMG00139.JPG,conductor,1,0.0989,0.99,2742.07,236.41,3145.65
Copy of IMG00139.JPG,conductor,1,0.0929,2489.98,729.99,3011.27,1033.06
Copy of IMG00139.JPG,conductor,1,0.0881,372.6,2452.49,761.54,2780.65
Copy of IMG00139.JPG,conductor,1,0.0874,1389.25,2314.27,1897.67,2699.33
Copy of IMG00139.JPG,conductor,1,0.0861,1005.75,1645.25,1433.1,1952.43
Copy of IMG00139.JPG,conductor,1,0.086,5143.44,692.47,5431.95,1091.95
Copy of IMG00139.JPG,conductor,1,0.085,9147.09,178.76,9502.95,505.8
Copy of IMG00139.JPG,conductor,1,0.0846,1517.87,2242.51,2019.36,2754.42
Copy of IMG00139.JPG,conductor,1,0.0821,2388.88,859.25,2801.64,1125.78
Copy of IMG00139.JPG,conductor,1,0.08,4077.1,231.53,4466.85,560.33
Copy of IMG00139.JPG,conductor,1,0.0795,1504.25,1764.25,1956.26,2130.31
Copy of IMG00139.JPG,conductor,1,0.0792,1552.85,2412.24,2068.68,2799.66
Copy of IMG00139.JPG,conductor,1,0.0778,1931.68,119.14,2333.73,395.98
Copy of IMG00139.JPG,conductor,1,0.0777,9113.38,713.59,9504.0,1082.26
Copy of IMG00139.JPG,conductor,1,0.0767,1257.92,2374.29,1749.63,2747.4
Copy of IMG00139.JPG,conductor,1,0.0752,2316.24,893.37,2709.97,1156.41
Copy of IMG00139.JPG,conductor,1,0.0744,5166.33,662.0,5520.98,1078.1
Copy of IMG00139.JPG,conductor,1,0.0738,212.46,2522.63,621.93,2877.44
Copy of IMG00139.JPG,conductor,1,0.0738,0.45,3317.49,244.59,3923.27
Copy of IMG00139.JPG,conductor,1,0.0734,0.7,3191.85,249.68,3703.06
Copy of IMG00139.JPG,conductor,1,0.0733,0.57,2694.55,326.1,3098.32
Copy of IMG00139.JPG,conductor,1,0.073,4146.47,349.05,4562.05,770.06
Copy of IMG00139.JPG,conductor,1,0.0721,9237.0,583.92,9503.12,1024.55
Copy of IMG00139.JPG,conductor,1,0.0717,0.97,2584.47,221.78,3001.54
Copy of IMG00139.JPG,conductor,1,0.071,2360.16,1236.63,2792.62,1561.45
Copy of IMG00139.JPG,conductor,1,0.0706,2652.53,1091.46,3128.45,1428.25
Copy of IMG00139.JPG,conductor,1,0.0704,2309.87,929.41,2683.36,1194.51
Copy of IMG00139.JPG,conductor,1,0.0698,985.04,2537.71,1512.87,2923.02
Copy of IMG00139.JPG,conductor,1,0.0691,1233.71,2828.78,1678.93,3151.69
Copy of IMG00139.JPG,conductor,1,0.0685,2477.49,1183.07,2870.57,1502.74
Copy of IMG00139.JPG,conductor,1,0.0682,1370.4,2770.65,1856.43,3144.01
Copy of IMG00139.JPG,conductor,1,0.0678,1124.21,2461.52,1683.48,2839.18
Copy of IMG00139.JPG,conductor,1,0.0664,931.46,2098.81,1383.13,2409.85
Copy of IMG00139.JPG,conductor,1,0.0663,592.46,2299.45,1001.26,2644.33
Copy of IMG00139.JPG,conductor,1,0.0661,9286.69,127.25,9503.45,515.77
Copy of IMG00139.JPG,conductor,1,0.0647,1544.88,2240.52,2095.58,2646.75
Copy of IMG00139.JPG,conductor,1,0.0647,1606.33,2406.12,2189.52,2818.0
Copy of IMG00139.JPG,conductor,1,0.0645,4081.37,653.07,4561.68,1085.28
Copy of IMG00139.JPG,conductor,1,0.0641,0.13,2827.82,202.87,3228.72
Copy of IMG00139.JPG,conductor,1,0.0629,9036.43,217.82,9500.48,492.35
Copy of IMG00139.JPG,conductor,1,0.0628,2444.3,775.97,2947.15,1090.14
Copy of IMG00139.JPG,conductor,1,0.0619,8190.54,142.82,8675.63,365.2
Copy of IMG00139.JPG,pylon,0,0.0618,4822.89,495.36,5095.29,2232.88
Copy of IMG00139.JPG,conductor,1,0.0594,1234.81,2777.75,1715.72,3106.2
Copy of IMG00139.JPG,conductor,1,0.0574,1761.72,2059.43,2413.71,2499.69
Copy of IMG00139.JPG,conductor,1,0.0572,4378.1,513.53,4702.4,890.3
Copy of IMG00139.JPG,conductor,1,0.057,1287.62,1910.75,1688.99,2227.75
Copy of IMG00139.JPG,conductor,1,0.0548,734.15,2225.1,1147.88,2546.1
Copy of IMG00139.JPG,conductor,1,0.0543,2013.49,1889.91,2662.52,2387.76
Copy of IMG00139.JPG,conductor,1,0.0534,1699.97,2170.94,2285.83,2717.67
Copy of IMG00139.JPG,conductor,1,0.0533,3229.17,706.52,3677.28,1061.58
Copy of IMG00139.JPG,conductor,1,0.0526,8053.53,137.47,8610.79,379.21
Copy of IMG00139.JPG,conductor,1,0.051,5267.43,598.95,5659.53,995.77
Copy of IMG00139.JPG,conductor,1,0.0506,97.51,2171.13,537.03,2443.11
Copy of IMG00139.JPG,conductor,1,0.0503,2552.37,1134.53,3012.45,1465.35
Copy of IMG03405.JPG,insulator,2,0.3472,7326.5,3471.51,7654.18,3837.96
Copy of IMG03405.JPG,insulator,2,0.2196,1400.01,3994.07,2158.79,4581.57
Copy of IMG03405.JPG,insulator,2,0.0809,8529.96,770.53,8954.64,1359.53
Copy of IMG03405.JPG,insulator,2,0.0699,6956.26,3433.86,7371.02,3795.91
Copy of IMG03405.JPG,insulator,2,0.0627,7252.08,3483.12,7633.42,3883.21
Copy of IMG03405.JPG,insulator,2,0.0579,8768.36,62.54,9185.51,579.69
Copy of IMG03405.JPG,insulator,2,0.0526,8909.12,2903.1,9504.0,3500.87
Copy of IMG00236.JPG,insulator,2,0.3327,8524.62,3153.16,9115.31,3695.88
Copy of IMG00236.JPG,insulator,2,0.3211,7833.18,2465.82,8317.01,3024.99
Copy of IMG00236.JPG,conductor,1,0.2389,2.57,4053.78,730.31,4706.82
Copy of IMG00236.JPG,pylon,0,0.2069,4282.63,88.71,4689.97,3394.53
Copy of IMG00236.JPG,pylon,0,0.1723,4328.34,37.41,4591.96,2000.43
Copy of IMG00236.JPG,insulator,2,0.147,1901.43,1357.97,2265.42,1701.15
Copy of IMG00236.JPG,insulator,2,0.1273,3599.46,0.0,3905.09,220.8
Copy of IMG00236.JPG,conductor,1,0.1186,4666.2,510.18,5618.68,896.33
Copy of IMG00236.JPG,insulator,2,0.1159,7815.65,2630.09,8279.39,3088.61
Copy of IMG00236.JPG,insulator,2,0.1144,8372.01,1994.78,8858.16,2550.88
Copy of IMG00236.JPG,insulator,2,0.1141,7880.34,2388.45,8342.56,2977.36
Copy of IMG00236.JPG,conductor,1,0.1022,4654.68,541.39,5270.95,852.26
Copy of IMG00236.JPG,conductor,1,0.1009,723.07,4022.71,1231.36,4528.92
Copy of IMG00236.JPG,conductor,1,0.0982,0.98,5561.4,453.36,6241.65
Copy of IMG00236.JPG,conductor,1,0.0978,0.0,3924.09,572.87,4613.85
Copy of IMG00236.JPG,conductor,1,0.0977,1.4,4255.97,418.91,4864.93
Copy of IMG00236.JPG,conductor,1,0.0833,0.71,4175.74,583.82,4860.21
Copy of IMG00236.JPG,pylon,0,0.0758,4326.5,280.31,4787.29,2812.9
Copy of IMG00236.JPG,conductor,1,0.0741,0.64,4345.06,336.76,4929.57
Copy of IMG00236.JPG,conductor,1,0.0692,26.84,4852.67,1470.71,5682.67
Copy of IMG00236.JPG,conductor,1,0.0681,0.0,5067.37,583.2,5853.08
Copy of IMG00236.JPG,conductor,1,0.0641,2.8,4347.6,498.54,4928.31
Copy of IMG00236.JPG,conductor,1,0.0596,2343.56,5674.18,3187.23,6266.94
Copy of IMG00236.JPG,conductor,1,0.0566,131.41,4001.42,902.01,4589.95
Copy of IMG00236.JPG,conductor,1,0.0543,0.0,4429.03,298.63,4996.15
Copy of IMG00236.JPG,insulator,2,0.0537,9019.73,3455.52,9504.0,3954.02
Copy of IMG00236.JPG,conductor,1,0.0522,2306.09,5724.31,3039.48,6295.06
Copy of IMG00236.JPG,conductor,1,0.0509,222.41,5571.02,1043.49,6250.65
Copy of IMG00444.JPG,conductor,1,0.5184,4229.04,3440.29,4785.07,6262.55
Copy of IMG00444.JPG,conductor,1,0.4575,2349.83,3676.83,3882.79,6242.71
Copy of IMG00444.JPG,conductor,1,0.349,4314.17,3399.27,4763.82,5548.11
Copy of IMG00444.JPG,conductor,1,0.2508,2484.84,4047.71,3512.66,6252.4
Copy of IMG00444.JPG,conductor,1,0.2055,4142.78,5395.05,4483.09,6262.01
Copy of IMG00444.JPG,conductor,1,0.1127,4496.42,5399.08,4793.8,6265.77
Copy of IMG00444.JPG,conductor,1,0.0956,1078.53,1833.68,5351.25,2307.0
Copy of IMG00444.JPG,insulator,2,0.0812,4417.02,3240.96,4685.19,3487.18
Copy of IMG00444.JPG,conductor,1,0.0585,4151.43,5478.17,4629.75,6255.78
Copy of IMG00444.JPG,conductor,1,0.0521,1149.55,3728.93,3850.82,6226.77
Copy of IMG00444.JPG,conductor,1,0.0513,4404.03,3411.54,4597.37,5492.27
Copy of IMG00469.JPG,insulator,2,0.6182,4306.18,3057.02,4543.69,3343.41
Copy of IMG00469.JPG,conductor,1,0.5357,5643.03,3405.75,9504.0,4374.71
Copy of IMG00469.JPG,pylon,0,0.5254,4600.57,3296.2,4963.08,5668.09
Copy of IMG00469.JPG,conductor,1,0.511,2389.73,5225.22,3294.61,6292.15
Copy of IMG00469.JPG,insulator,2,0.4354,5099.0,3134.84,5349.01,3370.98
Copy of IMG00469.JPG,conductor,1,0.3999,3615.82,5583.86,4123.73,6298.9
Copy of IMG00469.JPG,conductor,1,0.3945,3.67,3404.08,4253.79,5190.23
Copy of IMG00469.JPG,conductor,1,0.2244,2349.04,5380.11,3142.53,6289.46
Copy of IMG00469.JPG,conductor,1,0.1235,2972.24,5472.53,3572.1,6249.01
Copy of IMG00469.JPG,conductor,1,0.1131,5560.22,2438.02,9504.0,3189.36
Copy of IMG00469.JPG,conductor,1,0.102,2511.92,3557.38,4320.33,5692.5
Copy of IMG00469.JPG,conductor,1,0.0864,3678.91,5452.67,4210.8,6251.14
Copy of IMG00469.JPG,conductor,1,0.0862,5611.53,3058.53,9504.0,4141.28
Copy of IMG00469.JPG,conductor,1,0.0847,5605.73,3346.06,9083.87,4214.67
Copy of IMG00469.JPG,conductor,1,0.0782,242.55,3601.2,4331.02,5784.46
Copy of IMG00469.JPG,conductor,1,0.0702,2344.2,5648.61,2951.82,6299.58
Copy of IMG00469.JPG,conductor,1,0.0676,32.12,3008.96,4199.35,4270.87
Copy of IMG00469.JPG,conductor,1,0.0652,3964.85,4709.71,4521.69,5700.51
Copy of IMG00469.JPG,insulator,2,0.0639,4725.96,3045.26,4928.08,3293.13
Copy of IMG00469.JPG,conductor,1,0.0624,3390.28,3424.32,4354.31,4641.09
Copy of IMG00469.JPG,conductor,1,0.0596,1927.49,3629.22,4318.01,6067.12
Copy of IMG00469.JPG,conductor,1,0.0594,2860.1,5401.49,3512.05,6268.69
Copy of IMG00469.JPG,conductor,1,0.0554,0.0,2993.94,3971.36,4852.05
Copy of IMG00469.JPG,conductor,1,0.0511,0.28,3150.86,2851.54,4921.05
Copy of IMG03444.JPG,pylon,0,0.8444,4160.97,3527.22,5056.75,6291.23
Copy of IMG03444.JPG,conductor,1,0.7923,1983.11,3327.23,3637.8,4113.03
Copy of IMG03444.JPG,insulator,2,0.7137,3864.86,1406.44,4125.74,1640.75
Copy of IMG03444.JPG,insulator,2,0.69,3828.46,2287.5,4126.87,2576.04
Copy of IMG03444.JPG,conductor,1,0.5907,1665.87,2582.97,3419.68,3150.65
Copy of IMG03444.JPG,insulator,2,0.483,4458.52,3238.8,4736.38,3455.52
Copy of IMG03444.JPG,conductor,1,0.4228,7622.69,2316.35,9056.54,3196.59
Copy of IMG03444.JPG,conductor,1,0.3219,6224.45,3916.93,9504.0,4473.79
Copy of IMG03444.JPG,conductor,1,0.2965,6264.49,155.22,7331.67,1716.85
Copy of IMG03444.JPG,insulator,2,0.247,4247.12,1510.14,4431.17,1734.92
Copy of IMG03444.JPG,conductor,1,0.2155,5210.98,2608.54,5825.78,3138.22
Copy of IMG03444.JPG,insulator,2,0.1929,4498.85,1290.36,4739.47,1529.95
Copy of IMG03444.JPG,insulator,2,0.1348,4453.62,3206.33,4708.7,3420.16
Copy of IMG03444.JPG,conductor,1,0.1257,5908.94,1205.78,6791.95,1964.3
Copy of IMG03444.JPG,pylon,0,0.1142,4183.97,4332.02,5011.97,6291.69
Copy of IMG03444.JPG,insulator,2,0.0999,3602.45,1525.3,3865.33,1745.33
Copy of IMG03444.JPG,insulator,2,0.0997,4248.54,2963.77,4547.42,3203.23
Copy of IMG03444.JPG,conductor,1,0.0977,5848.28,171.87,7340.7,1891.06
Copy of IMG03444.JPG,insulator,2,0.0952,3818.01,1387.56,4111.93,1662.66
Copy of IMG03444.JPG,conductor,1,0.0943,5841.47,1542.98,6596.41,2055.69
Copy of IMG03444.JPG,insulator,2,0.0931,4504.56,1315.96,4759.35,1586.15
Copy of IMG03444.JPG,insulator,2,0.0726,4308.35,1732.67,4505.1,1924.08
Copy of IMG03444.JPG,insulator,2,0.0704,4381.36,3193.27,4668.38,3400.04
Copy of IMG03444.JPG,conductor,1,0.0633,5881.91,1381.47,6653.83,1955.25
Copy of IMG03444.JPG,conductor,1,0.0629,2575.85,2548.44,3423.19,2888.51
Copy of IMG03444.JPG,conductor,1,0.0607,5813.02,1629.67,6512.18,2103.36
Copy of IMG03444.JPG,insulator,2,0.0607,4219.31,1551.46,4462.16,1745.58
Copy of IMG03444.JPG,conductor,1,0.0601,1659.42,2713.66,2982.65,3154.85
Copy of IMG03444.JPG,conductor,1,0.0529,5943.03,414.23,6961.92,1919.31
Copy of IMG03444.JPG,insulator,2,0.0507,4245.21,1588.59,4459.24,1912.24
Copy of IMG00531.JPG,conductor,1,0.8011,4474.01,2297.52,5768.65,3736.74
Copy of IMG00531.JPG,conductor,1,0.6261,3204.49,2238.98,4373.89,3688.0
Copy of IMG00531.JPG,conductor,1,0.4098,4946.01,5329.33,6007.72,5815.67
Copy of IMG00531.JPG,conductor,1,0.2931,4461.8,5582.77,5106.66,6156.62
Copy of IMG00531.JPG,insulator,2,0.2241,838.26,4386.65,1035.64,4610.05
Copy of IMG00531.JPG,conductor,1,0.1239,5936.87,2355.81,7382.03,3933.73
Copy of IMG00531.JPG,conductor,1,0.0969,2543.51,1388.0,3121.12,1879.13
Copy of IMG00531.JPG,conductor,1,0.0508,5865.67,5594.66,6565.51,5919.72
Copy of IMG00392.JPG,insulator,2,0.8761,4518.83,3024.26,4774.47,3290.63
Copy of IMG00392.JPG,insulator,2,0.8595,4897.6,2774.18,5136.28,3005.37
Copy of IMG00392.JPG,insulator,2,0.8305,5229.48,3104.09,5434.64,3324.0
Copy of IMG00392.JPG,pylon,0,0.5847,4664.56,3165.55,5155.72,6274.72
Copy of IMG00392.JPG,conductor,1,0.3146,5012.29,1937.08,5546.13,2496.65
Copy of IMG00392.JPG,conductor,1,0.2674,7408.01,4408.06,8517.81,5461.1
Copy of IMG00392.JPG,conductor,1,0.2206,5020.22,1738.99,5652.19,2451.32
Copy of IMG00392.JPG,conductor,1,0.1333,3033.54,3454.55,4506.99,3915.14
Copy of IMG00392.JPG,insulator,2,0.1298,2598.57,4373.52,2851.9,4663.32
Copy of IMG00392.JPG,conductor,1,0.1287,5601.69,2013.99,5996.91,2715.1
Copy of IMG00392.JPG,conductor,1,0.1249,3608.61,4766.8,4669.86,6281.23
Copy of IMG00392.JPG,conductor,1,0.1179,5056.07,1397.9,5791.63,2386.53
Copy of IMG00392.JPG,conductor,1,0.0886,6024.73,185.62,6599.4,780.98
Copy of IMG00392.JPG,conductor,1,0.0879,5644.0,1908.97,6102.65,2627.27
Copy of IMG00392.JPG,conductor,1,0.0848,5684.82,485.66,6422.63,1413.49
Copy of IMG00392.JPG,conductor,1,0.0843,5016.72,2075.07,5487.38,2547.48
Copy of IMG00392.JPG,conductor,1,0.0769,5869.16,413.46,6496.71,1268.52
Copy of IMG00392.JPG,conductor,1,0.0764,7315.54,4517.51,8302.92,5663.3
Copy of IMG00392.JPG,conductor,1,0.0712,8191.11,5318.25,8519.37,6263.18
Copy of IMG00392.JPG,conductor,1,0.0693,5114.83,1744.76,5707.44,2310.28
Copy of IMG00392.JPG,conductor,1,0.0646,5934.54,254.38,6563.4,959.77
Copy of IMG00392.JPG,conductor,1,0.0607,3029.03,3535.58,4456.98,4036.47
Copy of IMG00392.JPG,conductor,1,0.0561,7294.33,4733.64,8023.13,5779.98
Copy of IMG00392.JPG,conductor,1,0.0533,5146.54,1188.52,5889.27,2048.72
Copy of IMG00392.JPG,conductor,1,0.0518,3902.69,3368.29,4512.63,3705.92
Copy of IMG00392.JPG,conductor,1,0.0512,5503.9,572.99,6356.3,1711.92
Copy of IMG00392.JPG,conductor,1,0.0508,3003.38,4765.05,4643.94,6245.59
Copy of IMG00419.JPG,insulator,2,0.856,3870.26,3387.05,4160.8,3739.95
Copy of IMG00419.JPG,pylon,0,0.7844,4160.89,3674.05,4598.5,6284.17
Copy of IMG00419.JPG,insulator,2,0.7559,4738.86,3599.42,5014.92,3849.42
Copy of IMG00419.JPG,insulator,2,0.6885,4329.48,3123.18,4631.48,3400.81
Copy of IMG00419.JPG,conductor,1,0.6152,6196.81,2131.01,9504.0,3577.97
Copy of IMG00419.JPG,conductor,1,0.4471,5040.54,3904.23,6078.52,4457.92
Copy of IMG00419.JPG,conductor,1,0.36,2417.4,5087.89,3691.84,6283.81
Copy of IMG00419.JPG,conductor,1,0.3519,2417.81,4431.23,3799.27,6272.72
Copy of IMG00419.JPG,conductor,1,0.2507,0.0,1271.45,716.43,1636.0
Copy of IMG00419.JPG,conductor,1,0.2276,3528.67,5327.78,4130.18,6297.1
Copy of IMG00419.JPG,conductor,1,0.1962,3512.41,5579.51,4066.19,6293.43
Copy of IMG00419.JPG,conductor,1,0.1839,3678.19,5086.87,4227.64,6011.56
Copy of IMG00419.JPG,conductor,1,0.1742,5128.94,2398.1,5754.73,3314.42
Copy of IMG00419.JPG,conductor,1,0.1429,5032.2,2759.78,5566.02,3346.96
Copy of IMG00419.JPG,conductor,1,0.1132,5074.1,3945.49,6456.18,4618.89
Copy of IMG00419.JPG,conductor,1,0.0979,5075.57,2670.13,5616.18,3309.0
Copy of IMG00419.JPG,conductor,1,0.0952,3738.44,3961.76,4130.65,4465.59
Copy of IMG00419.JPG,pylon_fissure,3,0.0921,4252.53,5512.23,4391.84,6292.69
Copy of IMG00419.JPG,conductor,1,0.0786,7421.6,5058.83,8459.67,5313.85
Copy of IMG00419.JPG,conductor,1,0.0731,5090.26,3951.78,6286.89,4426.3
Copy of IMG00419.JPG,conductor,1,0.0672,5215.61,2257.19,5853.66,3051.5
Copy of IMG00419.JPG,conductor,1,0.0645,3630.77,5176.03,4214.67,6179.3
Copy of IMG00419.JPG,pylon_fissure,3,0.0638,4234.74,4961.54,4373.62,6300.31
Copy of IMG00419.JPG,conductor,1,0.0591,3517.92,3798.82,3878.2,4225.94
Copy of IMG00419.JPG,conductor,1,0.0581,2457.05,5462.61,3361.92,6256.22
Copy of IMG00419.JPG,conductor,1,0.055,7267.61,5019.35,8422.1,5294.22
Copy of IMG00419.JPG,conductor,1,0.0532,5002.05,3927.78,5809.7,4392.86
Copy of IMG00419.JPG,conductor,1,0.0525,7582.1,5086.87,8653.11,5352.27
Copy of IMG00419.JPG,conductor,1,0.0513,1381.79,2448.71,3331.35,3033.13
Copy of IMG00425.JPG,insulator,2,0.8741,5190.69,3005.73,5531.21,3333.3
Copy of IMG00425.JPG,insulator,2,0.7461,4126.02,2809.4,4466.1,3193.18
Copy of IMG00425.JPG,insulator,2,0.5335,4695.91,2501.58,5113.6,2913.33
Copy of IMG00425.JPG,conductor,1,0.3521,3360.29,3361.19,4314.37,4901.93
Copy of IMG00425.JPG,conductor,1,0.3004,4140.07,3538.3,5185.2,6272.2
Copy of IMG00425.JPG,conductor,1,0.2451,4990.88,3420.92,5367.14,4178.89
Copy of IMG00425.JPG,insulator,2,0.16,4589.04,3111.37,4951.52,3499.14
Copy of IMG00425.JPG,conductor,1,0.1437,5058.72,3416.44,5387.06,4044.26
Copy of IMG00425.JPG,conductor,1,0.1217,4941.95,3435.7,5359.17,4643.05
Copy of IMG00425.JPG,conductor,1,0.1065,3290.2,3896.16,4250.63,5295.43
Copy of IMG00425.JPG,conductor,1,0.0984,3306.09,4381.15,4219.71,5338.03
Copy of IMG00425.JPG,conductor,1,0.0766,4057.16,3275.26,4464.76,3815.5
Copy of IMG00425.JPG,conductor,1,0.0743,4895.3,3433.33,5332.68,4219.83
Copy of IMG00425.JPG,conductor,1,0.0709,8612.32,3043.69,9500.51,3829.71
Copy of IMG00425.JPG,conductor,1,0.0677,3987.75,3274.96,4393.74,3883.97
Copy of IMG00425.JPG,conductor,1,0.0545,3862.32,3294.98,4340.04,3987.25
Copy of IMG00425.JPG,conductor,1,0.0538,3964.45,3288.79,4379.38,4099.69
Copy of IMG00012.JPG,conductor,1,0.8964,8155.32,4336.37,9504.0,5128.11
Copy of IMG00012.JPG,pylon,0,0.7486,846.91,2334.69,1454.71,6270.41
Copy of IMG00012.JPG,conductor,1,0.7464,2618.45,2116.93,3935.24,2759.82
Copy of IMG00012.JPG,conductor,1,0.7253,5580.11,4901.19,6875.19,5574.76
Copy of IMG00012.JPG,conductor,1,0.7077,7425.13,4858.46,8875.46,5602.89
Copy of IMG00012.JPG,insulator,2,0.696,701.5,1357.0,982.41,1666.37
Copy of IMG00012.JPG,conductor,1,0.6648,7115.19,3906.67,8620.97,4637.0
Copy of IMG00012.JPG,conductor,1,0.6602,5826.73,4200.57,7417.78,5053.86
Copy of IMG00012.JPG,insulator,2,0.658,1064.0,1405.0,1362.41,1727.78
Copy of IMG00012.JPG,conductor,1,0.5411,1857.96,2532.36,3107.41,3181.88
Copy of IMG00012.JPG,conductor,1,0.5285,4537.9,4354.85,5720.63,5050.58
Copy of IMG00012.JPG,conductor,1,0.432,5690.94,3295.08,7114.32,3992.82
Copy of IMG00012.JPG,conductor,1,0.4138,7235.56,5560.13,8425.97,6279.95
Copy of IMG00012.JPG,conductor,1,0.3868,3436.71,3874.15,4525.61,4534.52
Copy of IMG00012.JPG,conductor,1,0.3783,1598.92,1705.7,2653.82,2242.4
Copy of IMG00012.JPG,conductor,1,0.3762,2643.31,2838.92,4111.07,3557.08
Copy of IMG00012.JPG,conductor,1,0.3752,5990.18,4302.66,7690.36,5132.93
Copy of IMG00012.JPG,conductor,1,0.3676,4527.63,2905.03,6141.77,3644.82
Copy of IMG00012.JPG,conductor,1,0.3546,8349.87,5237.27,9503.36,5991.36
Copy of IMG00012.JPG,conductor,1,0.3339,0.0,855.6,671.3,1360.6
Copy of IMG00012.JPG,conductor,1,0.3175,2897.58,2946.89,4334.7,3686.21
Copy of IMG00012.JPG,conductor,1,0.3173,1713.71,3701.36,3098.26,4953.61
Copy of IMG00012.JPG,conductor,1,0.3173,1768.96,3804.46,3435.73,5061.07
Copy of IMG00012.JPG,conductor,1,0.3165,2629.4,3467.14,3604.64,4079.42
Copy of IMG00012.JPG,insulator,2,0.3139,420.97,2052.74,678.49,2335.68
Copy of IMG00012.JPG,conductor,1,0.2846,3633.8,3317.24,5094.03,3997.1
Copy of IMG00012.JPG,conductor,1,0.2686,2636.44,2195.58,4113.03,2854.15
Copy of IMG00012.JPG,conductor,1,0.2568,4803.63,3807.07,6209.72,4503.0
Copy of IMG00012.JPG,conductor,1,0.2359,1558.24,2454.67,2958.43,3092.45
Copy of IMG00012.JPG,conductor,1,0.2319,7907.28,5140.24,9504.0,5963.9
Copy of IMG00012.JPG,conductor,1,0.2211,3732.11,3384.75,5277.3,4093.96
Copy of IMG00012.JPG,conductor,1,0.2176,6995.37,5457.99,8304.63,6250.62
Copy of IMG00012.JPG,conductor,1,0.212,1449.6,2349.75,2566.27,2918.08
Copy of IMG00012.JPG,conductor,1,0.2084,5818.85,3361.2,7247.77,4071.86
Copy of IMG00012.JPG,conductor,1,0.2038,0.0,2718.71,572.15,3789.14
Copy of IMG00012.JPG,conductor,1,0.1721,1472.03,2391.68,2797.13,2968.5
Copy of IMG00012.JPG,conductor,1,0.1682,3680.52,2559.56,5218.09,3202.1
Copy of IMG00012.JPG,conductor,1,0.1578,4957.29,3858.91,6435.39,4632.52
Copy of IMG00012.JPG,conductor,1,0.1291,7399.04,5656.47,8566.9,6298.82
Copy of IMG00012.JPG,conductor,1,0.1198,2495.92,2037.93,3856.68,2681.52
Copy of IMG00012.JPG,conductor,1,0.1184,3965.1,3470.79,5491.46,4185.19
Copy of IMG00012.JPG,conductor,1,0.1156,0.0,949.49,744.6,1325.62
Copy of IMG00012.JPG,conductor,1,0.1142,7591.36,5021.39,9497.02,5924.76
Copy of IMG00012.JPG,conductor,1,0.1093,3442.42,2470.14,4944.15,3088.51
Copy of IMG00012.JPG,conductor,1,0.1093,6855.93,3836.14,8553.82,4564.31
Copy of IMG00012.JPG,conductor,1,0.1075,3726.53,2614.49,5606.68,3243.58
Copy of IMG00012.JPG,conductor,1,0.0959,1384.43,2330.11,2427.67,2832.31
Copy of IMG00012.JPG,conductor,1,0.0944,8783.72,3550.98,9501.82,4245.0
Copy of IMG00012.JPG,conductor,1,0.0877,2029.56,2616.67,3209.23,3267.6
Copy of IMG00012.JPG,conductor,1,0.0828,2704.51,2245.73,4617.97,2937.25
Copy of IMG00012.JPG,conductor,1,0.0825,3089.45,2352.2,4765.99,2991.87
Copy of IMG00012.JPG,conductor,1,0.0815,3083.03,3042.06,4454.84,3776.02
Copy of IMG00012.JPG,conductor,1,0.0793,1927.39,3162.58,2855.39,3724.05
Copy of IMG00012.JPG,conductor,1,0.0788,1737.39,3085.96,2800.2,3668.21
Copy of IMG00012.JPG,conductor,1,0.0786,0.81,2747.65,406.86,3720.41
Copy of IMG00012.JPG,conductor,1,0.0779,5928.71,3442.17,7468.84,4147.32
Copy of IMG00012.JPG,conductor,1,0.0774,1779.46,3941.51,4033.01,5135.6
Copy of IMG00012.JPG,conductor,1,0.0765,4222.4,2716.26,6111.84,3547.19
Copy of IMG00012.JPG,conductor,1,0.0751,3880.13,2670.98,6107.87,3350.26
Copy of IMG00012.JPG,conductor,1,0.07,4587.71,3689.95,6101.33,4414.47
Copy of IMG00012.JPG,conductor,1,0.0682,8684.91,4502.98,9504.0,5159.19
Copy of IMG00012.JPG,conductor,1,0.0668,3284.08,3166.87,4815.67,3910.42
Copy of IMG00012.JPG,conductor,1,0.0625,6757.7,5387.43,8182.54,6227.43
Copy of IMG00012.JPG,conductor,1,0.0625,8463.33,4386.69,9503.98,5082.98
Copy of IMG00012.JPG,conductor,1,0.0605,1654.99,1769.64,2790.56,2344.17
Copy of IMG00012.JPG,conductor,1,0.0582,6225.71,4476.02,7849.39,5244.58
Copy of IMG00012.JPG,conductor,1,0.058,1.08,1429.49,230.49,1946.47
Copy of IMG00012.JPG,conductor,1,0.0566,4351.0,4260.28,5634.7,5012.84
Copy of IMG00012.JPG,conductor,1,0.0566,2079.59,2684.03,3447.02,3325.03
Copy of IMG00012.JPG,conductor,1,0.0562,2740.68,3521.9,3744.3,4142.12
Copy of IMG00012.JPG,conductor,1,0.054,6237.98,3565.2,7650.72,4209.47
Copy of IMG00012.JPG,conductor,1,0.0538,2341.86,3370.65,3500.54,4011.14
Copy of IMG00012.JPG,conductor,1,0.0526,7202.11,4748.28,8740.01,5558.38
Copy of IMG00012.JPG,conductor,1,0.0515,5516.82,4115.29,7250.07,5008.58
Copy of IMG00012.JPG,conductor,1,0.0502,0.0,884.62,559.82,1287.53
Copy of IMG00151.JPG,insulator,2,0.86,2729.14,4962.95,3177.84,5426.62
Copy of IMG00151.JPG,conductor,1,0.705,5132.61,2953.75,6385.6,3780.52
Copy of IMG00151.JPG,insulator,2,0.5827,1874.87,3641.39,2339.56,4128.18
Copy of IMG00151.JPG,conductor,1,0.5757,3461.5,3160.95,4597.25,3742.44
Copy of IMG00151.JPG,conductor,1,0.5633,666.52,4680.8,1929.98,5355.98
Copy of IMG00151.JPG,conductor,1,0.5422,5519.76,986.98,6413.26,1560.64
Copy of IMG00151.JPG,conductor,1,0.532,4314.47,1777.68,5241.49,2290.64
Copy of IMG00151.JPG,insulator,2,0.5265,2365.46,4242.89,2790.41,4688.93
Copy of IMG00151.JPG,conductor,1,0.501,6371.62,320.88,7359.52,1068.08
Copy of IMG00151.JPG,conductor,1,0.4832,3846.72,3697.8,5368.07,4536.6
Copy of IMG00151.JPG,conductor,1,0.4754,2204.12,3073.75,3198.75,3637.15
Copy of IMG00151.JPG,conductor,1,0.4581,7759.59,340.89,8672.33,988.16
Copy of IMG00151.JPG,conductor,1,0.4121,8523.05,25.76,9272.34,460.56
Copy of IMG00151.JPG,conductor,1,0.4057,26.53,4111.66,1324.55,4726.46
Copy of IMG00151.JPG,conductor,1,0.3998,4930.54,2230.18,5947.71,2797.02
Copy of IMG00151.JPG,conductor,1,0.3998,763.76,5599.15,1919.09,6256.89
Copy of IMG00151.JPG,conductor,1,0.3877,6275.93,1932.22,7912.27,3009.25
Copy of IMG00151.JPG,conductor,1,0.3675,0.26,5224.68,923.94,6095.25
Copy of IMG00151.JPG,conductor,1,0.3408,2905.87,3630.68,3923.16,4207.73
Copy of IMG00151.JPG,conductor,1,0.3391,2749.65,2770.33,3814.42,3283.17
Copy of IMG00151.JPG,conductor,1,0.3244,5073.44,2202.14,6007.51,2665.31
Copy of IMG00151.JPG,conductor,1,0.323,3322.9,5636.96,4364.81,6286.08
Copy of IMG00151.JPG,conductor,1,0.3017,1.92,4201.36,1061.44,4790.3
Copy of IMG00151.JPG,conductor,1,0.2838,7211.36,9.84,7945.61,470.69
Copy of IMG00151.JPG,conductor,1,0.2554,6553.89,1094.65,7574.87,1777.39
Copy of IMG00151.JPG,conductor,1,0.2381,5040.74,2134.09,6068.92,2599.08
Copy of IMG00151.JPG,conductor,1,0.2281,6405.67,1162.51,7448.44,1841.57
Copy of IMG00151.JPG,conductor,1,0.2137,7686.71,1269.92,8825.65,2082.1
Copy of IMG00151.JPG,conductor,1,0.2121,0.94,4586.94,452.48,5231.14
Copy of IMG00151.JPG,conductor,1,0.2074,6321.52,1275.1,7313.84,1927.53
Copy of IMG00151.JPG,conductor,1,0.2073,8653.42,0.0,9313.98,418.12
Copy of IMG00151.JPG,conductor,1,0.2048,7067.4,38.18,7891.34,567.61
Copy of IMG00151.JPG,conductor,1,0.2034,8381.68,36.29,9197.58,556.09
Copy of IMG00151.JPG,conductor,1,0.2006,8181.95,865.27,9322.55,1624.45
Copy of IMG00151.JPG,conductor,1,0.1964,1.68,4262.59,997.97,5034.85
Copy of IMG00151.JPG,conductor,1,0.1949,6178.29,1353.65,7177.35,1987.19
Copy of IMG00151.JPG,conductor,1,0.1947,4662.73,2340.44,5850.68,2959.45
Copy of IMG00151.JPG,conductor,1,0.186,782.55,5480.96,2178.94,6252.64
Copy of IMG00151.JPG,conductor,1,0.1838,3436.2,2412.53,4398.6,2865.09
Copy of IMG00151.JPG,conductor,1,0.1826,0.68,4369.95,871.27,5181.4
Copy of IMG00151.JPG,conductor,1,0.1758,97.39,4013.93,1505.47,4610.2
Copy of IMG00151.JPG,conductor,1,0.1723,0.0,5337.82,685.54,6224.59
Copy of IMG00151.JPG,conductor,1,0.1708,2993.06,3558.35,3997.31,4142.22
Copy of IMG00151.JPG,conductor,1,0.1669,4496.89,2597.42,5533.28,3172.36
Copy of IMG00151.JPG,conductor,1,0.1656,3706.58,2097.67,4789.54,2708.75
Copy of IMG00151.JPG,conductor,1,0.1577,909.84,5332.26,2396.84,6234.41
Copy of IMG00151.JPG,conductor,1,0.1576,13.15,5160.14,1045.26,5902.57
Copy of IMG00151.JPG,conductor,1,0.1538,3268.94,2419.09,4304.53,2935.26
Copy of IMG00151.JPG,conductor,1,0.1501,4396.33,2679.95,5261.75,3217.8
Copy of IMG00151.JPG,conductor,1,0.1448,6147.81,1484.85,7084.77,2051.3
Copy of IMG00151.JPG,conductor,1,0.1445,4306.54,2749.21,5129.46,3249.3
Copy of IMG00151.JPG,conductor,1,0.1395,4115.08,3561.85,5441.95,4397.22
Copy of IMG00151.JPG,conductor,1,0.1336,5616.42,1933.43,6323.73,2362.39
Copy of IMG00151.JPG,conductor,1,0.1263,3535.67,3047.2,4763.33,3660.63
Copy of IMG00151.JPG,conductor,1,0.1242,4573.44,2464.81,5708.21,3008.95
Copy of IMG00151.JPG,conductor,1,0.1226,7170.48,738.17,8021.3,1375.94
Copy of IMG00151.JPG,conductor,1,0.1214,114.96,4885.51,1570.32,5615.46
Copy of IMG00151.JPG,conductor,1,0.1199,3239.74,2502.43,4161.79,3003.75
Copy of IMG00151.JPG,conductor,1,0.1192,7946.9,1002.37,9083.11,1857.06
Copy of IMG00151.JPG,conductor,1,0.1184,3973.7,2091.08,4874.19,2602.56
Copy of IMG00151.JPG,conductor,1,0.1166,9159.43,171.61,9504.0,1105.3
Copy of IMG00151.JPG,conductor,1,0.1155,5014.46,1478.85,5744.19,1903.45
Copy of IMG00151.JPG,conductor,1,0.113,3304.22,3248.12,4483.95,3838.66
Copy of IMG00151.JPG,conductor,1,0.1104,3762.82,3869.02,5102.16,4595.15
Copy of IMG00151.JPG,conductor,1,0.1097,7295.26,650.37,8139.67,1330.44
Copy of IMG00151.JPG,conductor,1,0.1062,2845.79,2605.94,4019.58,3195.87
Copy of IMG00151.JPG,conductor,1,0.1033,8792.27,0.0,9375.45,343.74
Copy of IMG00151.JPG,conductor,1,0.1015,3509.89,2195.25,4635.26,2798.05
Copy of IMG00151.JPG,conductor,1,0.1009,1.56,5411.85,428.88,6241.09
Copy of IMG00151.JPG,conductor,1,0.0992,7063.72,793.66,7989.86,1462.65
Copy of IMG00151.JPG,conductor,1,0.0977,691.58,5707.94,1735.49,6278.5
Copy of IMG00151.JPG,conductor,1,0.0942,3055.17,2571.43,4066.63,3026.58
Copy of IMG00151.JPG,conductor,1,0.0935,34.81,5025.17,1319.28,5716.19
Copy of IMG00151.JPG,conductor,1,0.0926,7896.56,235.98,8866.48,871.2
Copy of IMG00151.JPG,conductor,1,0.0922,3120.78,3444.03,4220.03,3984.43
Copy of IMG00151.JPG,conductor,1,0.0921,6757.65,1814.07,7933.32,2716.04
Copy of IMG00151.JPG,conductor,1,0.0904,3745.54,2961.45,4837.61,3578.35
Copy of IMG00151.JPG,conductor,1,0.0901,5171.41,2087.24,6174.96,2560.95
Copy of IMG00151.JPG,conductor,1,0.0879,6427.45,193.05,7427.18,982.98
Copy of IMG00151.JPG,conductor,1,0.0857,4042.81,2047.23,4974.82,2541.83
Copy of IMG00151.JPG,conductor,1,0.0855,9163.51,0.0,9504.0,303.71
Copy of IMG00151.JPG,conductor,1,0.0851,1.2,5438.52,269.46,6225.0
Copy of IMG00151.JPG,conductor,1,0.0849,0.93,4694.76,287.82,5241.52
Copy of IMG00151.JPG,conductor,1,0.0845,2227.26,2967.71,3557.03,3484.72
Copy of IMG00151.JPG,conductor,1,0.0798,4092.89,2810.64,5075.11,3332.92
Copy of IMG00151.JPG,conductor,1,0.0784,2234.69,2831.99,3757.79,3382.71
Copy of IMG00151.JPG,conductor,1,0.0778,347.11,4774.14,1821.14,5517.34
Copy of IMG00151.JPG,conductor,1,0.0735,4783.89,2275.23,5903.96,2865.96
Copy of IMG00151.JPG,conductor,1,0.0707,3110.83,3340.4,4401.77,3913.96
Copy of IMG00151.JPG,conductor,1,0.0695,2567.66,2837.64,3758.16,3307.47
Copy of IMG00151.JPG,conductor,1,0.0687,6784.29,869.1,7819.25,1558.2
Copy of IMG00151.JPG,conductor,1,0.0674,9294.39,146.75,9502.29,977.79
Copy of IMG00151.JPG,conductor,1,0.0642,8432.7,803.68,9431.68,1448.03
Copy of IMG00151.JPG,conductor,1,0.0641,7609.88,386.01,8617.95,1099.58
Copy of IMG00151.JPG,conductor,1,0.0613,5235.82,1970.85,6303.08,2493.7
Copy of IMG00151.JPG,conductor,1,0.0611,8261.95,79.54,9128.06,652.76
Copy of IMG00151.JPG,conductor,1,0.0605,0.0,4313.66,993.53,4846.87
Copy of IMG00151.JPG,conductor,1,0.0589,8122.5,122.77,9064.76,731.75
Copy of IMG00151.JPG,conductor,1,0.0583,6109.08,422.68,7258.43,1178.12
Copy of IMG00151.JPG,conductor,1,0.0569,8795.77,510.66,9499.44,1337.05
Copy of IMG00151.JPG,conductor,1,0.0556,9342.54,0.0,9504.0,303.47
Copy of IMG00151.JPG,conductor,1,0.0545,876.98,4627.85,2028.31,5299.87
Copy of IMG00151.JPG,conductor,1,0.0539,3603.78,2320.25,4564.08,2789.01
Copy of IMG00151.JPG,conductor,1,0.0538,6028.98,1564.99,6988.47,2162.89
Copy of IMG00151.JPG,conductor,1,0.0525,6584.68,125.26,7502.24,827.3
Copy of IMG00151.JPG,conductor,1,0.0524,3215.41,4371.57,4340.06,5107.37
Copy of IMG00151.JPG,conductor,1,0.0524,5467.35,1086.62,6331.01,1587.5
Copy of IMG00208.JPG,insulator,2,0.8008,7035.66,2326.37,7351.08,2719.68
Copy of IMG00208.JPG,conductor,1,0.7954,5287.88,1588.98,6518.81,2284.59
Copy of IMG00208.JPG,conductor,1,0.722,7445.74,2686.77,8303.51,3308.61
Copy of IMG00208.JPG,conductor,1,0.6559,6560.88,4847.0,7693.25,5715.63
Copy of IMG00208.JPG,conductor,1,0.6192,7634.86,3819.07,8792.75,4745.35
Copy of IMG00208.JPG,conductor,1,0.5423,2162.23,2198.61,3934.61,3249.68
Copy of IMG00208.JPG,insulator,2,0.5301,6186.59,2882.99,6447.48,3234.27
Copy of IMG00208.JPG,insulator,2,0.511,5276.25,3964.94,5612.68,4366.38
Copy of IMG00208.JPG,conductor,1,0.498,4408.05,1100.32,5644.02,1801.06
Copy of IMG00208.JPG,conductor,1,0.475,3997.07,1825.42,5199.13,2624.73
Copy of IMG00208.JPG,conductor,1,0.4672,3408.65,540.92,4761.65,1315.76
Copy of IMG00208.JPG,conductor,1,0.4619,6802.95,3324.08,7799.92,4067.14
Copy of IMG00208.JPG,conductor,1,0.4231,2237.16,7.38,3300.19,614.77
Copy of IMG00208.JPG,conductor,1,0.3884,8847.25,3469.03,9503.29,4161.74
Copy of IMG00208.JPG,conductor,1,0.366,8752.68,4581.9,9504.0,5331.34
Copy of IMG00208.JPG,conductor,1,0.363,3236.85,2875.62,4462.61,3666.31
Copy of IMG00208.JPG,conductor,1,0.3443,4159.33,3373.64,5196.13,4185.02
Copy of IMG00208.JPG,conductor,1,0.3318,8098.88,3027.5,8994.97,3660.93
Copy of IMG00208.JPG,conductor,1,0.3213,867.65,112.75,2013.19,842.73
Copy of IMG00208.JPG,pylon,0,0.2874,6047.93,3306.48,6539.8,6311.13
Copy of IMG00208.JPG,conductor,1,0.242,4880.96,2340.82,5930.5,3044.9
Copy of IMG00208.JPG,conductor,1,0.2184,713.07,1390.88,2066.75,2346.74
Copy of IMG00208.JPG,conductor,1,0.2131,7595.97,5605.38,8457.9,6216.17
Copy of IMG00208.JPG,conductor,1,0.2016,2306.54,74.95,3440.83,692.78
Copy of IMG00208.JPG,conductor,1,0.1997,6719.57,3247.74,7649.3,3999.54
Copy of IMG00208.JPG,conductor,1,0.1926,6703.44,4946.04,7866.63,5823.0
Copy of IMG00208.JPG,conductor,1,0.1763,1709.16,502.53,2917.64,1373.48
Copy of IMG00208.JPG,conductor,1,0.1602,2743.48,191.22,3726.75,836.08
Copy of IMG00208.JPG,conductor,1,0.1566,7751.59,3947.3,8883.31,4799.59
Copy of IMG00208.JPG,conductor,1,0.1486,3073.16,1328.76,4313.99,2160.1
Copy of IMG00208.JPG,pylon,0,0.1388,6079.77,3309.45,6534.17,5512.89
Copy of IMG00208.JPG,conductor,1,0.1376,2114.18,0.0,3172.09,530.73
Copy of IMG00208.JPG,conductor,1,0.1371,8606.84,3407.68,9499.69,4027.3
Copy of IMG00208.JPG,conductor,1,0.1308,3.47,803.42,610.4,1552.02
Copy of IMG00208.JPG,conductor,1,0.1257,2535.93,152.59,3660.47,787.83
Copy of IMG00208.JPG,conductor,1,0.1229,3223.42,427.71,4576.03,1222.85
Copy of IMG00208.JPG,conductor,1,0.1172,751.72,39.19,1813.41,735.23
Copy of IMG00208.JPG,conductor,1,0.1159,9177.94,3655.24,9504.0,4485.52
Copy of IMG00208.JPG,conductor,1,0.1153,7918.96,2996.55,8915.81,3630.74
Copy of IMG00208.JPG,conductor,1,0.1124,1999.25,2157.12,3603.53,3114.18
Copy of IMG00208.JPG,conductor,1,0.1082,3759.75,1742.03,5118.26,2578.87
Copy of IMG00208.JPG,conductor,1,0.1075,1008.83,172.91,2163.16,981.85
Copy of IMG00208.JPG,conductor,1,0.1041,2334.64,921.46,3531.24,1757.52
Copy of IMG00208.JPG,conductor,1,0.098,2839.39,1219.48,4203.88,2122.02
Copy of IMG00208.JPG,conductor,1,0.0958,3335.53,1449.78,4531.85,2327.03
Copy of IMG00208.JPG,conductor,1,0.0942,2602.27,1012.09,3759.68,1927.98
Copy of IMG00208.JPG,conductor,1,0.0916,4130.14,1873.01,5410.26,2727.98
Copy of IMG00208.JPG,conductor,1,0.0878,1368.97,395.03,2582.88,1268.64
Copy of IMG00208.JPG,conductor,1,0.0848,564.74,1297.1,1834.9,2198.31
Copy of IMG00208.JPG,conductor,1,0.0839,3049.71,2665.71,4302.2,3591.72
Copy of IMG00208.JPG,conductor,1,0.0839,6877.75,3400.72,7927.5,4172.66
Copy of IMG00208.JPG,conductor,1,0.0833,1830.42,645.64,3040.82,1486.83
Copy of IMG00208.JPG,conductor,1,0.082,2879.08,264.62,3820.09,908.46
Copy of IMG00208.JPG,conductor,1,0.0751,2069.24,798.06,3448.57,1687.34
Copy of IMG00208.JPG,conductor,1,0.0743,3505.0,1566.19,4864.6,2485.59
Copy of IMG00208.JPG,conductor,1,0.0668,789.25,1509.95,2256.42,2452.82
Copy of IMG00208.JPG,conductor,1,0.064,1230.13,271.71,2401.0,1141.93
Copy of IMG00208.JPG,conductor,1,0.0612,8963.41,3662.69,9504.0,4354.69
Copy of IMG00208.JPG,conductor,1,0.0611,1899.07,704.85,3219.3,1597.45
Copy of IMG00208.JPG,conductor,1,0.0606,2395.16,2371.43,4084.5,3427.82
Copy of IMG00208.JPG,conductor,1,0.058,6908.45,5175.83,7884.63,5891.48
Copy of IMG00208.JPG,conductor,1,0.0563,4180.95,955.54,5500.59,1682.68
Copy of IMG00208.JPG,conductor,1,0.0541,1.84,701.28,389.8,1428.52
Copy of IMG00208.JPG,conductor,1,0.0515,7505.88,3734.03,8617.04,4599.13
Copy of IMG00053.JPG,insulator,2,0.9286,3531.74,2574.06,3857.73,2926.41
Copy of IMG00053.JPG,insulator,2,0.8022,4632.66,2221.94,5016.66,2596.22
Copy of IMG00053.JPG,insulator,2,0.7586,4136.69,2404.88,4466.38,2714.09
Copy of IMG00053.JPG,pylon,0,0.6471,3796.92,3608.91,4194.61,5822.6
Copy of IMG00053.JPG,conductor,1,0.5815,4390.73,3562.33,4956.39,4265.87
Copy of IMG00053.JPG,pylon,0,0.4607,3749.35,3627.24,4243.75,6176.26
Copy of IMG00053.JPG,insulator,2,0.4387,7340.71,1730.74,7603.0,1989.83
Copy of IMG00053.JPG,conductor,1,0.438,8181.65,5585.88,8810.16,6129.24
Copy of IMG00053.JPG,conductor,1,0.413,7171.4,5556.91,7703.5,6084.89
Copy of IMG00053.JPG,conductor,1,0.3682,6263.51,3816.48,7095.57,4357.12
Copy of IMG00053.JPG,conductor,1,0.3648,7165.92,4716.38,7788.27,5190.23
Copy of IMG00053.JPG,conductor,1,0.3327,6718.7,4209.02,7451.49,4797.39
Copy of IMG00053.JPG,conductor,1,0.3314,5217.04,3667.0,5852.26,4173.31
Copy of IMG00053.JPG,conductor,1,0.3026,5341.4,4681.43,5966.94,5217.25
Copy of IMG00053.JPG,conductor,1,0.293,6711.64,5157.26,7301.2,5687.85
Copy of IMG00053.JPG,conductor,1,0.2862,4694.49,3003.5,5177.6,3578.89
Copy of IMG00053.JPG,conductor,1,0.2436,4821.3,3220.57,5419.06,3749.47
Copy of IMG00053.JPG,conductor,1,0.2433,7193.18,5611.99,7767.69,6197.07
Copy of IMG00053.JPG,conductor,1,0.2394,5682.8,4135.0,6325.61,4621.88
Copy of IMG00053.JPG,conductor,1,0.2365,5754.71,3346.83,6552.26,3877.03
Copy of IMG00053.JPG,conductor,1,0.2243,6475.49,5866.45,6966.61,6298.24
Copy of IMG00053.JPG,conductor,1,0.2174,5768.7,5137.87,6434.98,5680.52
Copy of IMG00053.JPG,conductor,1,0.2051,4676.43,4033.24,5471.94,4749.9
Copy of IMG00053.JPG,conductor,1,0.2036,6106.03,4555.22,6748.22,5080.5
Copy of IMG00053.JPG,conductor,1,0.1938,4504.69,3858.73,5418.34,4736.5
Copy of IMG00053.JPG,conductor,1,0.1874,5665.97,4102.48,6247.16,4548.68
Copy of IMG00053.JPG,conductor,1,0.1833,6140.9,5515.98,6691.34,6058.42
Copy of IMG00053.JPG,conductor,1,0.1832,5994.03,4427.87,6651.55,4986.44
Copy of IMG00053.JPG,conductor,1,0.1817,6793.81,5242.54,7375.11,5766.71
Copy of IMG00053.JPG,conductor,1,0.1816,5871.74,4346.2,6539.02,4855.09
Copy of IMG00053.JPG,conductor,1,0.1765,6407.76,4870.36,7030.24,5391.44
Copy of IMG00053.JPG,conductor,1,0.1675,7660.01,5138.7,8310.92,5660.17
Copy of IMG00053.JPG,conductor,1,0.1667,4389.09,3503.0,4825.49,4036.88
Copy of IMG00053.JPG,conductor,1,0.1656,4722.49,3041.17,5342.81,3670.63
Copy of IMG00053.JPG,conductor,1,0.16,6596.94,5047.64,7199.36,5590.56
Copy of IMG00053.JPG,conductor,1,0.1587,5360.33,4742.12,6067.58,5321.31
Copy of IMG00053.JPG,conductor,1,0.1575,4456.01,3656.81,5057.01,4280.25
Copy of IMG00053.JPG,conductor,1,0.152,5171.31,3620.8,5798.51,4095.97
Copy of IMG00053.JPG,conductor,1,0.1507,5275.45,3752.1,5895.5,4238.97
Copy of IMG00053.JPG,conductor,1,0.1501,6186.31,4649.05,6865.36,5193.37
Copy of IMG00053.JPG,conductor,1,0.1482,5282.96,4621.94,5927.17,5136.36
Copy of IMG00053.JPG,conductor,1,0.1462,7077.85,5453.99,7650.83,6042.64
Copy of IMG00053.JPG,conductor,1,0.1444,5692.88,4160.36,6393.36,4742.85
Copy of IMG00053.JPG,conductor,1,0.1441,5907.49,5289.56,6573.01,5893.57
Copy of IMG00053.JPG,conductor,1,0.1417,7437.28,5801.93,7871.81,6275.16
Copy of IMG00053.JPG,conductor,1,0.1379,7289.23,5675.33,7834.79,6267.94
Copy of IMG00053.JPG,conductor,1,0.1367,7748.04,5205.67,8369.09,5702.27
Copy of IMG00053.JPG,conductor,1,0.1344,7230.25,4776.16,7961.29,5307.51
Copy of IMG00053.JPG,conductor,1,0.1335,5765.89,4260.1,6486.86,4808.43
Copy of IMG00053.JPG,conductor,1,0.1309,5839.09,5221.38,6514.55,5809.89
Copy of IMG00053.JPG,conductor,1,0.1305,6506.12,4959.23,7161.47,5540.06
Copy of IMG00053.JPG,conductor,1,0.1254,6053.91,5388.3,6664.43,6041.31
Copy of IMG00053.JPG,conductor,1,0.123,7484.08,4946.66,8111.81,5515.4
Copy of IMG00053.JPG,conductor,1,0.1206,5237.06,4561.37,5865.95,5048.47
Copy of IMG00053.JPG,conductor,1,0.1186,6273.66,4744.55,6947.17,5321.81
Copy of IMG00053.JPG,conductor,1,0.1179,6926.71,5324.74,7425.86,5811.49
Copy of IMG00053.JPG,conductor,1,0.1167,7532.67,5029.64,8167.62,5586.34
Copy of IMG00053.JPG,conductor,1,0.1164,6989.94,5375.6,7536.53,5922.21
Copy of IMG00053.JPG,conductor,1,0.1161,7846.86,5277.81,8418.55,5769.94
Copy of IMG00053.JPG,conductor,1,0.1148,7410.17,4886.86,8025.05,5389.6
Copy of IMG00053.JPG,conductor,1,0.1075,4662.17,2970.28,5106.29,3461.48
Copy of IMG00053.JPG,conductor,1,0.1066,4767.79,3987.18,5411.63,4633.39
Copy of IMG00053.JPG,conductor,1,0.1016,6244.97,5642.08,6792.3,6241.41
Copy of IMG00053.JPG,conductor,1,0.0994,5721.0,5103.81,6355.21,5604.64
Copy of IMG00053.JPG,conductor,1,0.099,4891.15,3330.67,5496.42,3848.89
Copy of IMG00053.JPG,conductor,1,0.0964,6619.18,4113.44,7427.27,4664.28
Copy of IMG00053.JPG,conductor,1,0.088,5087.22,4359.21,5748.04,4957.79
Copy of IMG00053.JPG,conductor,1,0.0878,5064.23,3500.54,5711.97,4025.28
Copy of IMG00053.JPG,conductor,1,0.0848,6264.73,3923.26,7240.21,4476.96
Copy of IMG00053.JPG,conductor,1,0.0848,5446.17,4859.34,6129.58,5375.41
Copy of IMG00053.JPG,conductor,1,0.0847,4992.49,3419.17,5608.89,3921.29
Copy of IMG00053.JPG,conductor,1,0.0846,4406.81,3571.96,5073.08,4524.18
Copy of IMG00053.JPG,conductor,1,0.0843,8337.09,5714.23,8850.12,6266.29
Copy of IMG00053.JPG,conductor,1,0.0837,4818.52,4091.87,5481.55,4650.75
Copy of IMG00053.JPG,conductor,1,0.0825,6792.71,4308.92,7494.1,4853.7
Copy of IMG00053.JPG,conductor,1,0.0817,5450.88,3908.51,6018.07,4385.44
Copy of IMG00053.JPG,conductor,1,0.0816,5565.03,4018.52,6160.23,4497.93
Copy of IMG00053.JPG,conductor,1,0.0798,5606.08,3178.62,6445.2,3769.41
Copy of IMG00053.JPG,conductor,1,0.0778,5515.58,4925.62,6258.84,5510.13
Copy of IMG00053.JPG,conductor,1,0.077,5161.54,4474.12,5796.16,4985.22
Copy of IMG00053.JPG,conductor,1,0.0752,5359.69,3844.22,5919.45,4302.82
Copy of IMG00053.JPG,conductor,1,0.0746,6419.82,5809.78,6899.57,6289.22
Copy of IMG00053.JPG,conductor,1,0.072,4976.8,4232.78,5600.22,4798.11
Copy of IMG00053.JPG,conductor,1,0.0715,5628.43,3310.32,6466.25,3854.13
Copy of IMG00053.JPG,conductor,1,0.071,4486.22,3744.43,5130.8,4333.94
Copy of IMG00053.JPG,conductor,1,0.07,8407.68,5827.74,8875.48,6283.92
Copy of IMG00053.JPG,conductor,1,0.0685,3330.0,3092.62,3693.88,3743.4
Copy of IMG00053.JPG,conductor,1,0.068,4701.8,3903.64,5358.57,4555.32
Copy of IMG00053.JPG,insulator,2,0.0631,4114.14,2719.73,4347.04,2906.2
Copy of IMG00053.JPG,conductor,1,0.0629,4784.46,4088.4,5560.91,4792.67
Copy of IMG00053.JPG,insulator,2,0.0604,4113.29,2686.74,4425.61,2827.94
Copy of IMG00053.JPG,conductor,1,0.0562,734.92,3627.37,1296.33,3830.39
Copy of IMG00053.JPG,conductor,1,0.0548,5022.02,4327.66,5651.21,4889.2
Copy of IMG00053.JPG,conductor,1,0.0523,6385.84,3993.65,7322.98,4556.04
Copy of IMG00053.JPG,insulator,2,0.0521,3752.4,3256.64,4007.57,3499.44
Copy of IMG00053.JPG,conductor,1,0.0513,4322.55,3443.27,4690.2,3812.72
Copy of IMG00053.JPG,conductor,1,0.0504,6912.55,4462.52,7527.96,4919.85
Copy of IMG00053.JPG,conductor,1,0.0503,6521.6,5914.55,6922.7,6281.69
Copy of IMG03540.JPG,conductor,1,0.588,824.98,2870.65,2059.64,3383.79
Copy of IMG03540.JPG,insulator,2,0.4729,3300.25,2584.39,3587.11,2893.0
Copy of IMG03540.JPG,conductor,1,0.346,456.26,2900.78,2063.23,3436.39
Copy of IMG03540.JPG,conductor,1,0.3105,0.0,3378.69,885.76,4417.7
Copy of IMG03540.JPG,insulator,2,0.2934,3214.07,2313.01,3484.68,2724.81
Copy of IMG03540.JPG,conductor,1,0.2807,0.0,3388.86,778.17,4170.64
Copy of IMG03540.JPG,conductor,1,0.2166,0.0,2308.52,749.63,2905.54
Copy of IMG03540.JPG,conductor,1,0.1916,3.76,3447.74,749.36,3829.86
Copy of IMG03540.JPG,conductor,1,0.1862,5265.27,1416.62,6770.98,1933.21
Copy of IMG03540.JPG,conductor,1,0.1757,5333.79,1504.66,6320.64,1856.23
Copy of IMG03540.JPG,conductor,1,0.1662,0.0,3375.8,898.02,3930.95
Copy of IMG03540.JPG,insulator,2,0.1621,3342.94,2610.56,3611.49,3105.91
Copy of IMG03540.JPG,insulator,2,0.1553,3338.19,2821.36,3615.21,3173.0
Copy of IMG03540.JPG,conductor,1,0.129,265.87,3582.71,1603.32,4303.87
Copy of IMG03540.JPG,conductor,1,0.1162,995.37,2861.04,2072.39,3295.12
Copy of IMG03540.JPG,conductor,1,0.0975,3304.83,3099.75,3832.53,4899.59
Copy of IMG03540.JPG,conductor,1,0.0972,5.36,2432.56,798.5,2872.62
Copy of IMG03540.JPG,conductor,1,0.0926,247.38,3174.89,1524.17,3578.2
Copy of IMG03540.JPG,insulator,2,0.086,3269.35,2407.99,3551.01,2839.1
Copy of IMG03540.JPG,conductor,1,0.084,297.18,2975.6,2074.1,3534.7
Copy of IMG03540.JPG,conductor,1,0.0829,21.52,3245.46,1240.14,3677.7
Copy of IMG03540.JPG,conductor,1,0.0808,508.69,3725.17,1441.88,4219.56
Copy of IMG03540.JPG,conductor,1,0.0677,0.0,3409.2,737.51,4901.54
Copy of IMG03540.JPG,conductor,1,0.0628,3.69,3469.11,674.79,3929.89
Copy of IMG03540.JPG,conductor,1,0.0584,0.91,2303.05,450.75,2774.61
Copy of IMG03540.JPG,conductor,1,0.0579,7214.79,1419.98,7836.29,1723.4
Copy of IMG03540.JPG,insulator,2,0.0554,2359.15,2236.55,2661.82,2455.32
Copy of IMG03540.JPG,conductor,1,0.055,4661.87,2218.2,5266.5,2510.19
Copy of IMG03540.JPG,insulator,2,0.0546,2890.1,2483.2,3121.07,2702.27
Copy of IMG03540.JPG,conductor,1,0.0543,82.84,3109.6,1893.8,3592.62
Copy of IMG03540.JPG,conductor,1,0.0532,0.0,3345.75,1585.97,4348.46
Copy of IMG03540.JPG,conductor,1,0.0529,5164.68,1476.79,6502.06,1962.77
Copy of IMG00119.JPG,insulator,2,0.6908,6125.19,1649.31,6475.95,2034.64
Copy of IMG00119.JPG,conductor,1,0.6164,5472.35,3195.73,6386.03,3987.19
Copy of IMG00119.JPG,insulator,2,0.5386,7063.6,1964.37,7372.19,2241.32
Copy of IMG00119.JPG,conductor,1,0.509,5436.21,2062.03,6071.03,2528.55
Copy of IMG00119.JPG,conductor,1,0.485,2665.64,4087.79,3581.79,4701.74
Copy of IMG00119.JPG,insulator,2,0.4552,7097.22,1980.43,7420.6,2264.08
Copy of IMG00119.JPG,pylon,0,0.4444,6015.68,2685.33,6788.1,6270.01
Copy of IMG00119.JPG,conductor,1,0.4189,3715.18,3376.42,4400.46,3938.15
Copy of IMG00119.JPG,conductor,1,0.4095,3340.59,5195.08,4046.66,6181.15
Copy of IMG00119.JPG,insulator,2,0.3935,6390.9,2034.34,6692.54,2355.69
Copy of IMG00119.JPG,conductor,1,0.39,4281.1,2679.78,5281.88,3389.19
Copy of IMG00119.JPG,insulator,2,0.3781,6748.09,2361.98,7044.97,2708.6
Copy of IMG00119.JPG,conductor,1,0.3719,1581.95,5038.28,2447.69,5682.56
Copy of IMG00119.JPG,conductor,1,0.3449,4007.83,4640.12,4683.73,5368.42
Copy of IMG00119.JPG,conductor,1,0.3438,3106.41,2859.37,4051.71,3504.09
Copy of IMG00119.JPG,conductor,1,0.3362,2068.71,4701.16,2857.38,5240.16
Copy of IMG00119.JPG,insulator,2,0.3275,6689.46,1669.43,6936.72,1913.26
Copy of IMG00119.JPG,conductor,1,0.3255,3622.28,4226.77,4314.9,4765.21
Copy of IMG00119.JPG,conductor,1,0.3236,3698.23,4163.65,4357.77,4710.25
Copy of IMG00119.JPG,conductor,1,0.3231,4749.75,5067.38,5486.2,6187.24
Copy of IMG00119.JPG,conductor,1,0.2967,4584.08,2356.21,5654.41,3051.11
Copy of IMG00119.JPG,conductor,1,0.2828,3244.43,4603.43,3883.83,5101.7
Copy of IMG00119.JPG,conductor,1,0.2787,1288.15,5329.04,1994.93,6080.07
Copy of IMG00119.JPG,conductor,1,0.2774,2273.19,5523.18,2779.87,6137.68
Copy of IMG00119.JPG,insulator,2,0.2707,6650.95,1650.8,6902.91,1905.41
Copy of IMG00119.JPG,conductor,1,0.2525,7988.19,2067.51,9500.32,2611.4
Copy of IMG00119.JPG,conductor,1,0.25,3380.75,4510.01,3979.19,5002.59
Copy of IMG00119.JPG,conductor,1,0.2469,4914.4,3836.26,5710.54,4634.04
Copy of IMG00119.JPG,conductor,1,0.242,3496.59,4332.12,4148.13,4894.68
Copy of IMG00119.JPG,conductor,1,0.2391,3123.62,4730.48,3675.41,5269.72
Copy of IMG00119.JPG,conductor,1,0.2377,3165.69,4693.97,3757.74,5217.63
Copy of IMG00119.JPG,conductor,1,0.2217,2778.53,5037.28,3369.2,5558.27
Copy of IMG00119.JPG,conductor,1,0.221,2464.12,2336.5,3613.26,3088.21
Copy of IMG00119.JPG,conductor,1,0.2183,3233.6,5280.79,3904.32,6209.76
Copy of IMG00119.JPG,conductor,1,0.206,4813.89,3888.66,5628.59,4713.2
Copy of IMG00119.JPG,conductor,1,0.2024,4651.34,4041.12,5532.51,4788.3
Copy of IMG00119.JPG,conductor,1,0.1951,2354.93,5398.2,2903.51,6122.3
Copy of IMG00119.JPG,insulator,2,0.1916,6830.72,1919.61,7096.73,2233.64
Copy of IMG00119.JPG,conductor,1,0.1788,3938.19,3996.18,4561.49,4520.61
Copy of IMG00119.JPG,conductor,1,0.1765,4243.58,2783.79,5173.97,3472.1
Copy of IMG00119.JPG,conductor,1,0.1764,3073.47,5446.34,3632.59,6211.3
Copy of IMG00119.JPG,conductor,1,0.1702,2710.17,5093.62,3295.72,5680.87
Copy of IMG00119.JPG,conductor,1,0.1694,2990.78,4780.23,3624.43,5341.79
Copy of IMG00119.JPG,insulator,2,0.1692,7174.47,2341.61,7503.49,2650.22
Copy of IMG00119.JPG,conductor,1,0.1689,3559.06,4276.58,4237.34,4826.89
Copy of IMG00119.JPG,conductor,1,0.1674,1712.35,4907.47,2617.7,5498.77
Copy of IMG00119.JPG,conductor,1,0.1673,3051.85,5578.08,3555.73,6263.19
Copy of IMG00119.JPG,conductor,1,0.1664,2623.11,5161.57,3227.01,5757.92
Copy of IMG00119.JPG,conductor,1,0.1646,4554.84,4124.55,5449.24,4857.85
Copy of IMG00119.JPG,conductor,1,0.1638,4095.61,3960.74,4582.32,4386.94
Copy of IMG00119.JPG,conductor,1,0.1597,2229.5,5603.54,2702.45,6183.66
Copy of IMG00119.JPG,conductor,1,0.157,1463.77,5051.95,2423.4,5876.52
Copy of IMG00119.JPG,conductor,1,0.1559,3761.51,4106.63,4447.88,4651.68
Copy of IMG00119.JPG,conductor,1,0.1552,5018.16,3758.25,5725.58,4438.83
Copy of IMG00119.JPG,conductor,1,0.1551,3833.26,4039.58,4517.66,4604.75
Copy of IMG00119.JPG,conductor,1,0.1544,2843.36,4941.37,3451.68,5461.11
Copy of IMG00119.JPG,conductor,1,0.1415,2557.05,5217.63,3137.31,5857.04
Copy of IMG00119.JPG,conductor,1,0.1408,5767.67,2447.33,6323.03,2904.87
Copy of IMG00119.JPG,conductor,1,0.1382,2470.17,5351.57,2958.5,6105.69
Copy of IMG00119.JPG,conductor,1,0.1375,3455.74,5084.24,4146.09,6052.9
Copy of IMG00119.JPG,conductor,1,0.1287,5371.95,3366.19,6319.24,3981.84
Copy of IMG00119.JPG,conductor,1,0.122,4314.26,2462.68,5542.33,3307.05
Copy of IMG00119.JPG,conductor,1,0.1217,1648.14,4974.65,2522.52,5605.58
Copy of IMG00119.JPG,conductor,1,0.1195,2706.37,3964.57,3689.29,4543.28
Copy of IMG00119.JPG,conductor,1,0.1189,3451.24,4431.41,4066.51,4962.84
Copy of IMG00119.JPG,conductor,1,0.1178,2126.06,4579.24,3006.17,5190.85
Copy of IMG00119.JPG,conductor,1,0.1145,2911.62,4878.59,3530.86,5406.57
Copy of IMG00119.JPG,conductor,1,0.1113,1334.27,5152.72,2149.99,6025.59
Copy of IMG00119.JPG,conductor,1,0.1105,4368.84,4354.43,5212.53,4945.91
Copy of IMG00119.JPG,conductor,1,0.1092,2500.15,5291.6,3029.72,6024.0
Copy of IMG00119.JPG,conductor,1,0.1081,3876.58,4744.62,4576.21,5445.86
Copy of IMG00119.JPG,conductor,1,0.1068,2884.16,2704.31,4052.91,3482.22
Copy of IMG00119.JPG,conductor,1,0.1063,4154.01,3896.45,4681.4,4337.61
Copy of IMG00119.JPG,conductor,1,0.0943,3160.46,5314.6,3752.87,6157.34
Copy of IMG00119.JPG,conductor,1,0.0928,4333.57,4402.81,5098.02,5043.34
Copy of IMG00119.JPG,conductor,1,0.0917,1849.96,4753.18,2803.78,5297.88
Copy of IMG00119.JPG,conductor,1,0.091,2937.92,5779.82,3397.33,6287.29
Copy of IMG00119.JPG,conductor,1,0.0902,2950.89,5684.76,3478.69,6274.51
Copy of IMG00119.JPG,conductor,1,0.0847,8468.86,2174.45,9504.0,2704.64
Copy of IMG00119.JPG,conductor,1,0.0847,4998.21,3792.95,5869.0,4600.18
Copy of IMG00119.JPG,conductor,1,0.0831,3477.24,5053.06,4188.84,5795.15
Copy of IMG00119.JPG,pylon,0,0.077,6150.69,2705.15,6925.17,6287.71
Copy of IMG00119.JPG,conductor,1,0.0767,3059.2,3815.81,3971.12,4333.7
Copy of IMG00119.JPG,conductor,1,0.0742,1270.92,5609.21,1786.19,6078.99
Copy of IMG00119.JPG,conductor,1,0.0737,7736.64,2667.83,9466.96,3222.32
Copy of IMG00119.JPG,conductor,1,0.0689,4627.65,3506.1,5128.07,3990.21
Copy of IMG00119.JPG,conductor,1,0.0684,3292.37,3771.74,3983.88,4254.56
Copy of IMG00119.JPG,conductor,1,0.0665,4062.91,4533.32,4896.12,5322.38
Copy of IMG00119.JPG,conductor,1,0.0663,5574.7,3138.82,6415.14,3855.16
Copy of IMG00119.JPG,conductor,1,0.0663,3240.99,2972.87,4121.64,3555.6
Copy of IMG00119.JPG,conductor,1,0.0645,2839.5,4051.75,3593.5,4585.29
Copy of IMG00119.JPG,conductor,1,0.0638,8641.3,2171.87,9502.17,2620.57
Copy of IMG00119.JPG,pylon,0,0.0634,6326.54,2684.52,6833.21,6278.76
Copy of IMG00119.JPG,conductor,1,0.0611,1823.28,4828.64,2794.64,5440.57
Copy of IMG00119.JPG,conductor,1,0.0604,2499.08,4184.34,3473.59,4863.39
Copy of IMG00119.JPG,conductor,1,0.0599,3539.11,5017.62,4225.96,5660.28
Copy of IMG00119.JPG,conductor,1,0.0595,2273.92,4462.9,3152.49,5024.75
Copy of IMG00119.JPG,conductor,1,0.0582,8214.79,2083.89,9436.68,2504.22
Copy of IMG00119.JPG,conductor,1,0.058,2171.45,5660.0,2648.46,6234.78
Copy of IMG00119.JPG,conductor,1,0.0571,1548.93,5139.84,2338.06,5804.11
Copy of IMG00119.JPG,conductor,1,0.0544,4894.57,3199.22,5448.59,3696.59
Copy of IMG00119.JPG,conductor,1,0.0509,5302.91,2111.44,6009.4,2620.31
Copy of IMG00119.JPG,conductor,1,0.0504,2517.49,4335.23,3360.96,4889.47
Copy of IMG00084.JPG,insulator,2,0.9421,1735.36,3593.86,2359.38,4311.52
Copy of IMG00084.JPG,conductor,1,0.9088,3557.1,4720.77,4620.53,6314.17
Copy of IMG00084.JPG,insulator,2,0.8938,4257.96,2919.48,4845.45,3530.51
Copy of IMG00084.JPG,conductor,1,0.7808,2013.95,4564.84,3143.72,6336.0
Copy of IMG00084.JPG,conductor,1,0.4068,3056.12,4707.4,3604.06,6318.78
Copy of IMG00084.JPG,insulator,2,0.3745,3456.78,3726.44,4042.11,4261.43
Copy of IMG00084.JPG,insulator,2,0.2876,3048.27,3305.45,3588.19,3854.44
Copy of IMG00084.JPG,conductor,1,0.0965,4668.46,4477.98,5986.65,6179.9
Copy of IMG00399.JPG,insulator,2,0.8183,4095.87,2864.73,4451.3,3301.69
Copy of IMG00399.JPG,insulator,2,0.8038,5942.5,3089.69,6348.36,3472.23
Copy of IMG00399.JPG,pylon,0,0.6886,4967.58,3525.6,5526.33,6242.42
Copy of IMG00399.JPG,insulator,2,0.6632,5014.52,2986.83,5360.8,3337.34
Copy of IMG00399.JPG,conductor,1,0.6588,4162.02,4436.99,5044.08,6301.67
Copy of IMG00399.JPG,conductor,1,0.5766,5.81,4340.78,1433.03,5205.48
Copy of IMG00399.JPG,insulator,2,0.4225,5321.66,2615.06,5615.6,2865.24
Copy of IMG00399.JPG,conductor,1,0.1864,2944.65,5168.85,3974.66,6315.96
Copy of IMG00399.JPG,conductor,1,0.1853,0.92,4844.2,588.07,5670.23
Copy of IMG00399.JPG,pylon,0,0.1589,7303.78,600.27,7644.63,2959.08
Copy of IMG00399.JPG,conductor,1,0.1525,1.0,4445.68,1234.76,5328.98
Copy of IMG00399.JPG,conductor,1,0.147,2787.7,3681.88,4226.65,6296.16
Copy of IMG00399.JPG,conductor,1,0.1156,8176.34,71.11,8814.04,625.09
Copy of IMG00399.JPG,conductor,1,0.0913,5474.72,3614.51,6253.49,6236.42
Copy of IMG00399.JPG,conductor,1,0.0814,18.28,4174.03,1717.23,5170.57
Copy of IMG00399.JPG,conductor,1,0.0761,6298.08,1209.75,7300.52,1811.52
Copy of IMG00399.JPG,conductor,1,0.0742,5709.25,1686.24,6634.03,2344.75
Copy of IMG00399.JPG,conductor,1,0.0724,586.27,3973.92,2001.02,4760.15
Copy of IMG00399.JPG,conductor,1,0.067,5691.56,3583.43,6262.71,6156.83
Copy of IMG00399.JPG,conductor,1,0.062,0.08,4880.3,366.24,5622.42
Copy of IMG00399.JPG,conductor,1,0.0612,1.72,4688.14,865.03,5595.17
Copy of IMG00399.JPG,conductor,1,0.0557,4206.69,5369.27,4840.31,6288.15
Copy of IMG00399.JPG,insulator,2,0.051,5341.8,3213.25,5606.86,3420.67
Copy of IMG00399.JPG,conductor,1,0.051,145.12,4019.32,1934.95,4850.02
Copy of IMG00399.JPG,conductor,1,0.0502,5771.09,3583.5,6246.99,5331.26
Copy of IMG00528.JPG,insulator,2,0.8139,4682.76,2213.67,5097.96,2634.85
Copy of IMG00528.JPG,insulator,2,0.6676,3686.95,2248.19,3998.75,2580.27
Copy of IMG00528.JPG,insulator,2,0.5358,2574.28,2508.73,2942.05,2873.23
Copy of IMG00528.JPG,pylon,0,0.5163,3325.14,2747.37,3966.03,6293.23
Copy of IMG00528.JPG,insulator,2,0.4877,54.93,3643.08,246.28,3894.21
Copy of IMG00528.JPG,conductor,1,0.3696,4049.92,3361.65,4908.09,5062.16
Copy of IMG00528.JPG,conductor,1,0.2557,3366.35,2717.76,4031.85,6304.61
Copy of IMG00528.JPG,conductor,1,0.2364,2758.78,3050.03,3328.67,4519.66
Copy of IMG00528.JPG,pylon,0,0.1223,3467.8,2782.71,3937.13,6336.0
Copy of IMG00528.JPG,conductor,1,0.105,2.21,4000.71,331.66,5417.62
Copy of IMG00528.JPG,insulator,2,0.09,9.16,3613.38,250.85,3884.01
Copy of IMG00528.JPG,conductor,1,0.0608,0.0,3970.71,238.48,5305.95
Copy of IMG00528.JPG,conductor,1,0.052,0.76,3980.64,223.33,4577.2
Copy of IMG00528.JPG,conductor,1,0.0506,1199.09,4101.34,2879.44,4976.4
Copy of IMG00394.JPG,insulator,2,0.691,5173.18,3041.98,5423.27,3321.52
Copy of IMG00394.JPG,pylon,0,0.6134,4634.41,3155.21,5061.6,5945.51
Copy of IMG00394.JPG,insulator,2,0.5711,4280.85,2984.72,4586.43,3280.07
Copy of IMG00394.JPG,conductor,1,0.3149,1.47,2768.33,3971.51,3710.46
Copy of IMG00394.JPG,conductor,1,0.3065,3575.59,3271.39,4245.65,3989.03
Copy of IMG00394.JPG,conductor,1,0.3054,2864.23,5347.41,3736.9,6335.17
Copy of IMG00394.JPG,conductor,1,0.113,1688.38,5760.24,2615.23,6322.96
Copy of IMG00394.JPG,conductor,1,0.0518,34.49,3748.19,3966.48,4789.69
Copy of IMG00394.JPG,conductor,1,0.0503,1647.84,5834.28,2275.57,6336.0
Copy of IMG00432.JPG,insulator,2,0.7394,2629.05,1453.92,3171.46,1901.22
Copy of IMG00432.JPG,insulator,2,0.7384,5212.82,1630.26,5781.17,2060.67
Copy of IMG00432.JPG,insulator,2,0.7383,2887.46,1924.34,3367.69,2334.66
Copy of IMG00432.JPG,conductor,1,0.736,4093.98,3522.51,4883.36,4968.02
Copy of IMG00432.JPG,insulator,2,0.7051,5052.9,1207.39,5518.24,1543.37
Copy of IMG00432.JPG,conductor,1,0.6713,5605.33,3190.13,7858.3,4336.0
Copy of IMG00432.JPG,conductor,1,0.6544,7763.98,3646.36,9504.0,4734.56
Copy of IMG00432.JPG,conductor,1,0.6247,1921.81,98.76,3183.17,592.75
Copy of IMG00432.JPG,conductor,1,0.6102,911.02,200.31,1896.12,728.29
Copy of IMG00432.JPG,conductor,1,0.6053,6381.58,1834.94,8775.09,2616.32
Copy of IMG00432.JPG,conductor,1,0.5994,2.54,304.2,999.81,1152.15
Copy of IMG00432.JPG,conductor,1,0.5807,1046.38,2840.91,2957.53,6242.79
Copy of IMG00432.JPG,conductor,1,0.5786,2602.95,3403.97,4021.51,5599.65
Copy of IMG00432.JPG,conductor,1,0.5772,838.89,808.66,2338.96,1574.4
Copy of IMG00432.JPG,insulator,2,0.5692,4398.3,2751.55,4826.29,3191.57
Copy of IMG00432.JPG,insulator,2,0.5679,4630.39,2283.46,5109.88,2663.46
Copy of IMG00432.JPG,insulator,2,0.5504,3925.14,1294.82,4335.38,1635.57
Copy of IMG00432.JPG,insulator,2,0.504,3608.29,1570.58,4000.38,2029.57
Copy of IMG00432.JPG,conductor,1,0.433,2488.57,823.71,3563.86,1316.67
Copy of IMG00432.JPG,conductor,1,0.4188,2773.45,318.11,4107.58,905.46
Copy of IMG00432.JPG,conductor,1,0.4027,2312.81,5324.69,3263.93,6289.33
Copy of IMG00432.JPG,conductor,1,0.3609,2901.21,374.34,4334.09,1008.53
Copy of IMG00432.JPG,conductor,1,0.3584,5615.15,2397.64,7373.79,3246.02
Copy of IMG00432.JPG,conductor,1,0.3502,1931.55,611.35,3058.38,1148.47
Copy of IMG00432.JPG,conductor,1,0.3478,0.0,2186.05,1880.35,3653.31
Copy of IMG00432.JPG,insulator,2,0.3452,4934.48,1216.48,5263.54,1512.77
Copy of IMG00432.JPG,conductor,1,0.3249,2092.51,686.65,3196.72,1209.8
Copy of IMG00432.JPG,conductor,1,0.3201,808.6,3686.15,2520.46,6270.06
Copy of IMG00432.JPG,insulator,2,0.3062,4092.53,1839.81,4623.61,2233.44
Copy of IMG00432.JPG,conductor,1,0.3047,1097.71,2628.47,2976.95,5214.44
Copy of IMG00432.JPG,conductor,1,0.3044,7393.88,2838.07,9500.08,3663.94
Copy of IMG00432.JPG,insulator,2,0.3033,4938.96,1180.91,5472.87,1518.42
Copy of IMG00432.JPG,conductor,1,0.3007,4509.12,4801.49,5468.89,5923.56
Copy of IMG00432.JPG,conductor,1,0.2839,6008.62,1703.57,7784.46,2360.69
Copy of IMG00432.JPG,conductor,1,0.2754,2262.2,742.55,3370.83,1253.48
Copy of IMG00432.JPG,conductor,1,0.2672,3037.72,2528.28,3743.17,3406.91
Copy of IMG00432.JPG,conductor,1,0.2646,434.18,0.0,1223.4,415.74
Copy of IMG00432.JPG,conductor,1,0.2644,2700.87,892.11,3639.5,1326.75
Copy of IMG00432.JPG,conductor,1,0.2534,1697.59,490.29,2654.01,1014.81
Copy of IMG00432.JPG,conductor,1,0.2443,570.03,711.08,1861.62,1490.6
Copy of IMG00432.JPG,conductor,1,0.2429,4413.75,4904.96,5334.76,6138.35
Copy of IMG00432.JPG,conductor,1,0.2359,2448.47,236.66,3957.29,820.2
Copy of IMG00432.JPG,conductor,1,0.2297,1043.62,954.6,2432.57,1590.91
Copy of IMG00432.JPG,conductor,1,0.2215,748.02,117.17,1836.49,637.83
Copy of IMG00432.JPG,conductor,1,0.2195,6047.44,1731.93,8402.05,2452.63
Copy of IMG00432.JPG,insulator,2,0.207,4781.89,3227.11,5375.34,3585.11
Copy of IMG00432.JPG,conductor,1,0.2066,6077.15,1778.02,9216.57,2567.23
Copy of IMG00432.JPG,conductor,1,0.2022,1542.77,426.35,2497.29,964.06
Copy of IMG00432.JPG,conductor,1,0.2005,8131.09,2198.03,9501.55,2774.32
Copy of IMG00432.JPG,conductor,1,0.1984,1749.7,36.62,2830.46,515.6
Copy of IMG00432.JPG,insulator,2,0.1904,4388.85,1409.48,4747.02,1734.17
Copy of IMG00432.JPG,conductor,1,0.189,1777.78,524.76,2867.63,1034.1
Copy of IMG00432.JPG,conductor,1,0.1887,1395.71,384.52,2415.68,917.79
Copy of IMG00432.JPG,conductor,1,0.1859,5.1,392.52,1204.95,1272.75
Copy of IMG00432.JPG,conductor,1,0.1808,494.39,56.51,1392.5,501.34
Copy of IMG00432.JPG,conductor,1,0.1735,7851.62,2951.87,9501.11,3759.14
Copy of IMG00432.JPG,conductor,1,0.1699,2053.45,141.82,3320.02,669.37
Copy of IMG00432.JPG,conductor,1,0.1694,4.28,233.89,770.74,1033.63
Copy of IMG00432.JPG,conductor,1,0.1623,1078.9,264.56,2115.29,790.5
Copy of IMG00432.JPG,conductor,1,0.1581,571.11,77.41,1563.32,541.6
Copy of IMG00432.JPG,conductor,1,0.1579,6878.48,2719.88,9410.23,3606.61
Copy of IMG00432.JPG,conductor,1,0.1543,280.66,0.0,1108.86,364.37
Copy of IMG00432.JPG,conductor,1,0.1428,1643.04,0.0,2549.1,385.64
Copy of IMG00432.JPG,conductor,1,0.1402,0.39,22.91,320.19,783.8
Copy of IMG00432.JPG,conductor,1,0.1372,5402.2,3858.92,6613.21,5493.78
Copy of IMG00432.JPG,insulator,2,0.131,4101.92,2060.86,4609.68,2363.99
Copy of IMG00432.JPG,conductor,1,0.113,95.18,609.11,1710.3,1417.93
Copy of IMG00432.JPG,conductor,1,0.1117,1232.32,326.16,2307.29,872.12
Copy of IMG00432.JPG,conductor,1,0.1092,7760.83,2132.68,9480.36,2770.03
Copy of IMG00432.JPG,conductor,1,0.1084,3.38,120.92,564.16,944.56
Copy of IMG00432.JPG,conductor,1,0.1073,3523.75,622.71,4817.65,1212.49
Copy of IMG00432.JPG,conductor,1,0.104,5440.54,2333.15,7051.25,3144.88
Copy of IMG00432.JPG,pylon,0,0.1037,4064.29,3458.77,4873.76,4952.97
Copy of IMG00432.JPG,conductor,1,0.1027,4625.19,4693.79,5789.73,5744.33
Copy of IMG00432.JPG,insulator,2,0.0988,4900.05,1207.06,5163.59,1501.23
Copy of IMG00432.JPG,conductor,1,0.0984,158.48,0.0,1028.57,313.11
Copy of IMG00432.JPG,conductor,1,0.0978,2375.3,3508.53,3959.33,6231.28
Copy of IMG00432.JPG,conductor,1,0.0946,772.26,773.93,2053.97,1449.71
Copy of IMG00432.JPG,conductor,1,0.091,6974.96,4884.21,8285.52,6234.89
Copy of IMG00432.JPG,conductor,1,0.0903,2331.11,4151.97,3820.01,6267.46
Copy of IMG00432.JPG,conductor,1,0.0863,2254.19,205.34,3739.57,763.07
Copy of IMG00432.JPG,conductor,1,0.0863,3050.42,1020.4,3742.43,1371.7
Copy of IMG00432.JPG,conductor,1,0.0842,8329.21,3627.02,9504.0,5335.71
Copy of IMG00432.JPG,conductor,1,0.0797,1428.23,0.0,2250.91,292.95
Copy of IMG00432.JPG,conductor,1,0.0792,9028.73,2400.37,9504.0,3077.87
Copy of IMG00432.JPG,conductor,1,0.0786,1513.24,0.0,2443.68,362.54
Copy of IMG00432.JPG,conductor,1,0.0773,1474.48,1086.33,2546.87,1609.01
Copy of IMG00432.JPG,conductor,1,0.0768,5935.13,1679.28,7295.73,2250.69
Copy of IMG00432.JPG,conductor,1,0.0751,3017.6,411.13,4533.57,1073.94
Copy of IMG00432.JPG,conductor,1,0.0749,1422.56,0.0,2101.81,230.18
Copy of IMG00432.JPG,conductor,1,0.0731,166.73,3493.97,2693.09,6272.56
Copy of IMG00432.JPG,conductor,1,0.0723,7956.28,2210.07,9406.82,2663.14
Copy of IMG00432.JPG,insulator,2,0.0677,4099.39,1799.65,4630.14,2128.06
Copy of IMG00432.JPG,conductor,1,0.0653,8561.04,2245.14,9503.74,2852.42
Copy of IMG00432.JPG,conductor,1,0.0652,0.58,22.28,422.76,866.8
Copy of IMG00432.JPG,conductor,1,0.0608,3245.39,548.01,4608.92,1073.08
Copy of IMG00432.JPG,conductor,1,0.0607,3.84,3556.9,1175.29,6183.2
Copy of IMG00432.JPG,conductor,1,0.0588,1312.23,1027.91,2473.72,1577.09
Copy of IMG00432.JPG,conductor,1,0.0571,8811.79,2324.14,9504.0,2980.01
Copy of IMG00432.JPG,conductor,1,0.0546,3377.93,511.48,4736.06,1146.68
Copy of IMG00432.JPG,conductor,1,0.0542,1435.67,0.0,2009.43,181.45
Copy of IMG00432.JPG,conductor,1,0.0523,9144.1,2511.4,9504.0,3191.48
Copy of IMG00432.JPG,conductor,1,0.0511,472.32,666.34,1750.38,1332.77
Copy of IMG00432.JPG,conductor,1,0.0506,6833.04,1963.93,9266.52,2685.61
Copy of IMG00432.JPG,conductor,1,0.0504,7213.63,2076.23,8920.71,2591.68
Copy of IMG00205.JPG,insulator,2,0.6213,5098.1,2712.21,5349.63,2988.84
Copy of IMG00205.JPG,conductor,1,0.4541,7242.97,5137.72,7890.23,5659.74
Copy of IMG00205.JPG,pylon,0,0.4249,4652.64,2958.1,4938.77,5758.39
Copy of IMG00205.JPG,conductor,1,0.3815,7341.41,5775.06,7821.68,6291.33
Copy of IMG00205.JPG,conductor,1,0.354,6476.44,4345.9,7145.92,4925.34
Copy of IMG00205.JPG,conductor,1,0.3092,5039.79,4187.97,5693.47,4835.38
Copy of IMG00205.JPG,conductor,1,0.3073,6601.61,5043.63,7131.96,5508.94
Copy of IMG00205.JPG,conductor,1,0.2996,7771.93,5635.52,8294.48,6062.65
Copy of IMG00205.JPG,conductor,1,0.2874,5195.66,4422.8,5909.7,4981.78
Copy of IMG00205.JPG,conductor,1,0.2746,6011.54,5366.41,6675.21,5910.22
Copy of IMG00205.JPG,conductor,1,0.271,5640.89,4959.96,6348.38,5513.48
Copy of IMG00205.JPG,conductor,1,0.2676,5549.29,3296.98,6178.21,3911.61
Copy of IMG00205.JPG,conductor,1,0.2478,6816.83,4674.7,7361.79,5157.85
Copy of IMG00205.JPG,conductor,1,0.239,7425.5,5859.45,7847.37,6299.8
Copy of IMG00205.JPG,conductor,1,0.2314,5114.65,4270.64,5775.33,4887.48
Copy of IMG00205.JPG,conductor,1,0.2187,6231.87,4682.33,6797.58,5158.11
Copy of IMG00205.JPG,conductor,1,0.2183,5335.87,2993.78,5795.72,3466.85
Copy of IMG00205.JPG,conductor,1,0.1999,5596.78,3895.18,6069.21,4331.96
Copy of IMG00205.JPG,conductor,1,0.1993,5271.7,4519.68,6020.79,5114.84
Copy of IMG00205.JPG,conductor,1,0.1951,6402.96,5763.24,7001.97,6281.58
Copy of IMG00205.JPG,conductor,1,0.1935,6610.77,5069.46,7193.13,5608.79
Copy of IMG00205.JPG,conductor,1,0.1933,6555.29,5004.16,7054.77,5481.48
Copy of IMG00205.JPG,conductor,1,0.1924,5940.62,4346.51,6559.92,4886.43
Copy of IMG00205.JPG,conductor,1,0.1853,5349.1,3031.29,5898.88,3581.35
Copy of IMG00205.JPG,conductor,1,0.1766,7585.76,5421.75,8193.32,5869.15
Copy of IMG00205.JPG,conductor,1,0.1714,6024.59,5405.65,6724.41,6066.76
Copy of IMG00205.JPG,conductor,1,0.1698,6666.17,5126.98,7276.04,5663.22
Copy of IMG00205.JPG,conductor,1,0.1684,4998.73,4072.02,5622.51,4738.6
Copy of IMG00205.JPG,conductor,1,0.1596,5903.73,4311.95,6487.4,4806.54
Copy of IMG00205.JPG,conductor,1,0.1576,5686.67,5046.0,6453.72,5614.7
Copy of IMG00205.JPG,pylon,0,0.1534,4694.4,3140.6,5027.95,5749.32
Copy of IMG00205.JPG,conductor,1,0.1495,5386.49,4637.91,6141.9,5252.43
Copy of IMG00205.JPG,conductor,1,0.1469,6320.96,5647.29,6962.53,6270.71
Copy of IMG00205.JPG,conductor,1,0.1464,7275.29,5259.66,8005.67,5765.5
Copy of IMG00205.JPG,conductor,1,0.1454,5502.37,4808.07,6289.92,5415.22
Copy of IMG00205.JPG,conductor,1,0.1409,6199.88,5536.96,6912.18,6189.41
Copy of IMG00205.JPG,conductor,1,0.1395,7700.44,5512.11,8223.18,5992.61
Copy of IMG00205.JPG,conductor,1,0.1371,4906.76,3008.84,5235.25,3506.74
Copy of IMG00205.JPG,conductor,1,0.1353,7786.7,5696.04,8328.48,6206.12
Copy of IMG00205.JPG,conductor,1,0.1345,6059.16,4458.26,6652.51,5028.07
Copy of IMG00205.JPG,conductor,1,0.1267,5462.33,4699.56,6202.94,5309.59
Copy of IMG00205.JPG,conductor,1,0.1247,5785.72,5110.03,6496.96,5666.7
Copy of IMG00205.JPG,conductor,1,0.1216,5431.78,3148.95,6092.06,3766.03
Copy of IMG00205.JPG,conductor,1,0.1191,7174.73,5058.62,7844.66,5560.77
Copy of IMG00205.JPG,conductor,1,0.1171,7256.26,5694.11,7751.27,6262.9
Copy of IMG00205.JPG,conductor,1,0.1168,5948.53,5246.54,6613.48,5824.13
Copy of IMG00205.JPG,conductor,1,0.1162,6993.02,5436.53,7488.47,5902.2
Copy of IMG00205.JPG,conductor,1,0.1146,7845.14,5783.02,8365.32,6267.08
Copy of IMG00205.JPG,conductor,1,0.1146,7022.13,4980.61,7769.99,5464.66
Copy of IMG00205.JPG,conductor,1,0.1139,4879.05,3856.22,5360.52,4557.03
Copy of IMG00205.JPG,conductor,1,0.1031,4873.12,3825.11,5273.71,4456.6
Copy of IMG00205.JPG,conductor,1,0.1024,6470.79,4946.69,7019.63,5420.31
Copy of IMG00205.JPG,conductor,1,0.1022,5360.56,3091.38,5993.75,3699.63
Copy of IMG00205.JPG,conductor,1,0.1016,6085.98,5464.31,6861.02,6140.28
Copy of IMG00205.JPG,conductor,1,0.0964,4931.01,3887.99,5471.7,4638.94
Copy of IMG00205.JPG,conductor,1,0.0943,7158.68,5591.58,7618.97,6134.92
Copy of IMG00205.JPG,conductor,1,0.0875,7058.53,5517.75,7560.35,5983.78
Copy of IMG00205.JPG,conductor,1,0.0849,6498.26,4423.59,7254.72,5041.8
Copy of IMG00205.JPG,conductor,1,0.0841,6156.74,4579.97,6725.1,5091.04
Copy of IMG00205.JPG,conductor,1,0.0833,5999.58,4389.62,6621.07,4946.24
Copy of IMG00205.JPG,insulator,2,0.0817,4073.67,2806.2,4350.89,3112.04
Copy of IMG00205.JPG,conductor,1,0.0799,7909.96,5853.41,8408.27,6293.37
Copy of IMG00205.JPG,conductor,1,0.0791,6365.65,4211.2,7055.73,4822.9
Copy of IMG00205.JPG,conductor,1,0.0789,4986.97,3926.35,5578.67,4686.31
Copy of IMG00205.JPG,insulator,2,0.0719,4836.56,2602.2,5062.88,2834.93
Copy of IMG00205.JPG,conductor,1,0.0716,6638.06,4570.02,7364.74,5141.7
Copy of IMG00205.JPG,conductor,1,0.0713,6898.97,4870.82,7691.51,5377.92
Copy of IMG00205.JPG,conductor,1,0.0708,6846.45,4776.59,7531.35,5222.41
Copy of IMG00205.JPG,conductor,1,0.0688,6661.95,4980.67,7233.75,5555.37
Copy of IMG00205.JPG,conductor,1,0.0686,6939.01,5383.19,7407.91,5857.1
Copy of IMG00205.JPG,conductor,1,0.0661,6057.95,3909.98,6686.05,4447.25
Copy of IMG00205.JPG,conductor,1,0.0657,5130.44,3265.7,5525.98,3804.0
Copy of IMG00205.JPG,conductor,1,0.0638,5260.23,3043.12,5763.71,3556.76
Copy of IMG00205.JPG,conductor,1,0.0623,5618.12,3955.03,6086.41,4422.69
Copy of IMG00205.JPG,conductor,1,0.0618,4252.04,3077.22,4582.77,3551.77
Copy of IMG00205.JPG,conductor,1,0.0614,6802.93,5261.14,7360.85,5782.7
Copy of IMG00205.JPG,conductor,1,0.0609,7345.59,5333.02,8160.9,5826.04
Copy of IMG00205.JPG,conductor,1,0.0592,6111.6,3979.83,6764.76,4524.67
Copy of IMG00205.JPG,conductor,1,0.0574,5500.92,3857.36,6008.83,4325.87
Copy of IMG00205.JPG,conductor,1,0.0558,6298.96,4379.53,7012.84,5015.09
Copy of IMG00205.JPG,conductor,1,0.0545,4975.98,3106.83,5369.46,3627.63
Copy of IMG00205.JPG,conductor,1,0.0508,6312.4,4844.58,6887.34,5313.01
Copy of IMG00116.JPG,insulator,2,0.8859,4231.22,2088.0,4745.88,2549.82
Copy of IMG00116.JPG,insulator,2,0.8647,5272.53,2308.18,5750.3,2808.89
Copy of IMG00116.JPG,insulator,2,0.8493,6133.8,2818.73,6645.34,3282.24
Copy of IMG00116.JPG,insulator,2,0.8183,3797.15,2643.56,4322.9,3147.29
Copy of IMG00116.JPG,insulator,2,0.7929,4812.13,3108.42,5250.54,3555.51
Copy of IMG00116.JPG,insulator,2,0.761,5782.09,3475.81,6375.45,3968.5
Copy of IMG00116.JPG,conductor,1,0.5384,1699.53,4203.25,3504.06,6062.69
Copy of IMG00116.JPG,conductor,1,0.5326,5912.76,4409.34,7120.69,5534.09
Copy of IMG00116.JPG,conductor,1,0.3068,6722.99,5258.64,7816.44,6307.8
Copy of IMG00116.JPG,conductor,1,0.3058,6471.29,94.33,7121.88,1184.43
Copy of IMG00116.JPG,conductor,1,0.2597,6539.34,69.24,7149.36,992.53
Copy of IMG00116.JPG,insulator,2,0.2257,4661.15,2651.27,4935.33,2961.69
Copy of IMG00116.JPG,conductor,1,0.2178,6267.01,4661.68,7822.84,6266.01
Copy of IMG00116.JPG,conductor,1,0.2174,3389.32,3183.03,3990.71,3774.88
Copy of IMG00116.JPG,conductor,1,0.1789,4740.94,273.69,5737.58,1955.36
Copy of IMG00116.JPG,conductor,1,0.1714,7858.77,0.0,8324.18,460.43
Copy of IMG00116.JPG,conductor,1,0.1669,7319.35,263.39,8036.94,1413.9
Copy of IMG00116.JPG,conductor,1,0.1393,6690.81,64.49,7202.14,952.44
Copy of IMG00116.JPG,conductor,1,0.1311,4531.88,4553.32,5715.65,6306.88
Copy of IMG00116.JPG,conductor,1,0.0931,5681.93,882.39,6534.68,2142.48
Copy of IMG00116.JPG,conductor,1,0.0867,3227.87,4578.62,4703.75,6329.3
Copy of IMG00116.JPG,conductor,1,0.0855,7707.81,70.55,8241.68,901.03
Copy of IMG00116.JPG,conductor,1,0.081,5944.21,4440.32,7433.82,5640.73
Copy of IMG00116.JPG,conductor,1,0.079,6863.2,8.28,7249.93,559.46
Copy of IMG00116.JPG,conductor,1,0.0742,7752.73,0.0,8308.86,625.17
Copy of IMG00116.JPG,conductor,1,0.0741,5689.99,63.96,6144.41,915.91
Copy of IMG00116.JPG,conductor,1,0.0732,6907.55,0.0,7255.79,439.53
Copy of IMG00116.JPG,conductor,1,0.0712,5714.57,428.43,6566.58,2072.61
Copy of IMG00116.JPG,conductor,1,0.0699,7632.98,157.8,8167.11,881.67
Copy of IMG00116.JPG,insulator,2,0.0671,4683.8,2606.52,4995.11,2929.32
Copy of IMG00116.JPG,conductor,1,0.0628,6359.62,5060.76,7805.54,6293.42
Copy of IMG00116.JPG,conductor,1,0.0625,6722.43,26.03,7215.58,736.16
Copy of IMG00116.JPG,conductor,1,0.0574,4653.75,626.77,5563.8,1973.47
Copy of IMG00116.JPG,conductor,1,0.0545,0.0,3310.05,1393.76,4329.57
Copy of IMG00116.JPG,conductor,1,0.0533,7552.08,156.64,8140.51,1170.8
Copy of IMG00116.JPG,conductor,1,0.0518,5759.86,4179.66,6856.67,5370.59
Copy of IMG00116.JPG,conductor,1,0.0511,6310.31,162.51,7057.88,1402.14
Copy of IMG00501.JPG,insulator,2,0.3018,5232.11,967.04,5444.81,1178.06
Copy of IMG00501.JPG,insulator,2,0.1996,4595.29,903.47,4807.57,1146.52
Copy of IMG00501.JPG,conductor,1,0.0991,4675.83,1168.32,5225.08,3463.44
Copy of IMG00501.JPG,conductor,1,0.0679,5743.96,4216.07,9446.94,5498.82
Copy of IMG00501.JPG,conductor,1,0.0609,4749.03,1232.77,5219.53,4016.64
Copy of IMG00446.JPG,pylon,0,0.9373,4715.37,3333.3,5357.17,6266.56
Copy of IMG00446.JPG,insulator,2,0.8509,3959.52,2908.21,4317.58,3236.99
Copy of IMG00446.JPG,insulator,2,0.7459,4670.26,2634.23,5033.28,2974.24
Copy of IMG00446.JPG,insulator,2,0.4341,5406.39,2468.28,5839.01,2786.36
Copy of IMG00446.JPG,conductor,1,0.4066,2688.79,1950.84,3571.34,2417.13
Copy of IMG00446.JPG,conductor,1,0.4028,2847.18,1570.79,4116.26,2092.09
Copy of IMG00446.JPG,conductor,1,0.3428,749.34,817.85,1716.86,1315.23
Copy of IMG00446.JPG,conductor,1,0.3421,1207.04,1937.2,2410.92,2603.98
Copy of IMG00446.JPG,insulator,2,0.3404,5429.6,2471.33,5944.76,2814.45
Copy of IMG00446.JPG,conductor,1,0.3146,1.97,442.02,719.64,976.1
Copy of IMG00446.JPG,conductor,1,0.2947,2251.32,2346.24,3668.22,3034.65
Copy of IMG00446.JPG,conductor,1,0.2603,5.58,923.23,656.53,1353.04
Copy of IMG00446.JPG,conductor,1,0.2425,3618.76,1843.76,4848.6,2385.78
Copy of IMG00446.JPG,conductor,1,0.2391,2832.02,2034.04,3765.55,2491.19
Copy of IMG00446.JPG,conductor,1,0.231,35.06,1449.0,1110.36,2065.89
Copy of IMG00446.JPG,conductor,1,0.2301,3924.35,3494.68,4495.27,5812.06
Copy of IMG00446.JPG,conductor,1,0.2254,2936.14,2086.09,3893.06,2521.05
Copy of IMG00446.JPG,insulator,2,0.2224,4114.71,3136.33,4451.55,3390.88
Copy of IMG00446.JPG,conductor,1,0.2205,4016.08,3538.94,4509.89,6301.63
Copy of IMG00446.JPG,conductor,1,0.2086,1495.21,1528.8,2343.37,2004.04
Copy of IMG00446.JPG,conductor,1,0.2057,2139.15,2274.43,3489.1,2980.66
Copy of IMG00446.JPG,insulator,2,0.1999,5501.92,2534.57,6031.9,2926.14
Copy of IMG00446.JPG,insulator,2,0.1967,4946.45,2910.73,5200.78,3172.55
Copy of IMG00446.JPG,conductor,1,0.188,2939.85,1628.44,4421.77,2228.18
Copy of IMG00446.JPG,conductor,1,0.1797,3062.66,1688.08,4142.99,2172.38
Copy of IMG00446.JPG,conductor,1,0.1792,2418.57,2455.12,3809.69,3096.57
Copy of IMG00446.JPG,conductor,1,0.1768,3314.27,2191.41,4130.42,2604.27
Copy of IMG00446.JPG,insulator,2,0.1711,5604.17,2662.09,6024.24,2966.37
Copy of IMG00446.JPG,conductor,1,0.1646,1505.55,1084.8,2568.79,1587.36
Copy of IMG00446.JPG,conductor,1,0.1577,3154.44,2149.34,4079.39,2570.49
Copy of IMG00446.JPG,conductor,1,0.1449,3262.88,1707.71,4727.25,2258.14
Copy of IMG00446.JPG,conductor,1,0.143,3453.54,2235.48,4208.15,2637.2
Copy of IMG00446.JPG,conductor,1,0.1395,2711.75,2526.36,3840.58,3120.7
Copy of IMG00446.JPG,conductor,1,0.1362,541.56,771.78,1665.52,1299.08
Copy of IMG00446.JPG,conductor,1,0.1351,10.8,947.02,819.98,1415.91
Copy of IMG00446.JPG,conductor,1,0.135,328.12,1590.26,1536.95,2242.34
Copy of IMG00446.JPG,conductor,1,0.1331,1453.48,1092.05,2359.25,1542.07
Copy of IMG00446.JPG,conductor,1,0.1325,1381.69,1488.84,2263.13,1954.75
Copy of IMG00446.JPG,conductor,1,0.1321,585.01,1199.4,1422.77,1628.53
Copy of IMG00446.JPG,conductor,1,0.1317,16.56,1388.69,810.58,1949.87
Copy of IMG00446.JPG,conductor,1,0.1266,4077.55,3522.59,4446.16,5274.46
Copy of IMG00446.JPG,conductor,1,0.121,4080.53,3538.73,4434.92,6336.0
Copy of IMG00446.JPG,conductor,1,0.1182,61.87,1528.82,1303.85,2163.5
Copy of IMG00446.JPG,conductor,1,0.117,35.51,579.68,1095.58,1070.14
Copy of IMG00446.JPG,conductor,1,0.1156,2526.43,1915.14,3473.66,2365.56
Copy of IMG00446.JPG,conductor,1,0.1098,2158.65,1764.07,2902.43,2218.2
Copy of IMG00446.JPG,conductor,1,0.1058,1463.68,2018.8,2932.0,2792.24
Copy of IMG00446.JPG,insulator,2,0.1044,4016.64,2960.82,4412.03,3300.41
Copy of IMG00446.JPG,conductor,1,0.103,97.22,1048.69,978.71,1480.68
Copy of IMG00446.JPG,conductor,1,0.1007,412.87,737.5,1586.0,1211.37
Copy of IMG00446.JPG,conductor,1,0.0988,125.94,648.96,1225.78,1101.64
Copy of IMG00446.JPG,conductor,1,0.0973,0.0,537.04,916.88,1016.52
Copy of IMG00446.JPG,conductor,1,0.0943,968.96,885.72,1752.84,1343.58
Copy of IMG00446.JPG,conductor,1,0.084,3371.47,1770.98,4538.28,2251.74
Copy of IMG00446.JPG,conductor,1,0.0797,1699.15,2189.41,3095.88,2877.68
Copy of IMG00446.JPG,conductor,1,0.0787,1355.0,1967.57,2659.96,2697.68
Copy of IMG00446.JPG,conductor,1,0.0777,0.59,506.4,685.15,1091.39
Copy of IMG00446.JPG,conductor,1,0.0744,2697.53,1541.42,3901.06,2039.06
Copy of IMG00446.JPG,conductor,1,0.0669,256.1,1082.43,1126.69,1533.27
Copy of IMG00446.JPG,conductor,1,0.0629,3939.82,1956.25,4852.97,2408.71
Copy of IMG00446.JPG,conductor,1,0.0611,752.95,1256.63,1567.36,1688.37
Copy of IMG00446.JPG,conductor,1,0.0609,5417.47,3242.46,5800.19,4124.21
Copy of IMG00446.JPG,conductor,1,0.0609,1043.57,1370.97,1900.46,1812.12
Copy of IMG00446.JPG,conductor,1,0.0588,363.18,1153.73,1303.53,1576.52
Copy of IMG00446.JPG,conductor,1,0.0571,2379.28,1449.51,4010.33,2027.46
Copy of IMG00446.JPG,conductor,1,0.0537,2250.3,1849.58,3296.56,2296.31
Copy of IMG00446.JPG,conductor,1,0.0536,5298.05,3389.32,5733.31,4255.01
Copy of IMG00446.JPG,conductor,1,0.053,1.9,299.58,470.55,872.07
Copy of IMG00446.JPG,conductor,1,0.0524,2030.25,2222.98,3158.27,2840.28
Copy of IMG00446.JPG,conductor,1,0.0515,0.0,103.41,506.69,889.69
Copy of IMG00044.JPG,conductor,1,0.8462,5352.24,3791.02,6128.26,6280.13
Copy of IMG00044.JPG,conductor,1,0.6068,5343.06,1668.51,6273.31,2463.74
Copy of IMG00044.JPG,insulator,2,0.5804,4589.96,3519.72,4852.71,3763.78
Copy of IMG00044.JPG,pylon,0,0.5694,4637.43,3862.0,5238.19,6308.04
Copy of IMG00044.JPG,insulator,2,0.5439,4261.52,2981.63,4666.4,3339.64
Copy of IMG00044.JPG,insulator,2,0.536,5272.92,3206.85,5557.04,3506.49
Copy of IMG00044.JPG,insulator,2,0.5296,4882.64,3005.77,5177.61,3285.05
Copy of IMG00044.JPG,insulator,2,0.4422,4308.5,3672.97,4579.08,3906.79
Copy of IMG00044.JPG,insulator,2,0.2749,4941.09,3408.21,5193.98,3639.05
Copy of IMG00044.JPG,insulator,2,0.2209,4528.94,3570.68,4788.44,3826.77
Copy of IMG00044.JPG,conductor,1,0.1314,8762.88,0.0,9220.62,1073.35
Copy of IMG00044.JPG,conductor,1,0.1073,6136.85,1430.48,7385.52,2799.51
Copy of IMG00044.JPG,conductor,1,0.0879,5308.55,3768.08,5947.93,5913.56
Copy of IMG00044.JPG,conductor,1,0.0755,5502.68,1616.46,6329.0,2334.25
Copy of IMG00044.JPG,insulator,2,0.068,4901.06,3060.06,5156.16,3327.85
Copy of IMG00044.JPG,conductor,1,0.0653,5382.12,2399.46,5901.38,2793.17
Copy of IMG00044.JPG,conductor,1,0.0608,4442.36,4041.94,4679.49,5195.3
Copy of IMG00044.JPG,insulator,2,0.0597,5298.84,3186.08,5611.97,3481.32
Copy of IMG00044.JPG,conductor,1,0.0537,5255.63,1796.06,6166.13,2489.13
Copy of IMG00160.JPG,conductor,1,0.6093,3013.33,5099.83,3716.1,6201.35
Copy of IMG00160.JPG,conductor,1,0.5676,1.41,3176.59,1106.59,6110.87
Copy of IMG00160.JPG,pylon,0,0.2526,4736.1,1111.79,5317.21,4130.21
Copy of IMG00160.JPG,conductor,1,0.2263,3845.6,3312.05,4599.24,4280.5
Copy of IMG00160.JPG,conductor,1,0.1452,2250.8,5657.1,2630.29,6196.01
Copy of IMG00160.JPG,conductor,1,0.1329,4094.1,2869.31,4776.83,3831.85
Copy of IMG00160.JPG,conductor,1,0.1321,2988.98,5451.32,3549.79,6225.77
Copy of IMG00160.JPG,conductor,1,0.1207,4699.18,943.58,5009.61,1203.93
Copy of IMG00160.JPG,conductor,1,0.1206,1811.86,835.35,2198.7,1084.67
Copy of IMG00160.JPG,conductor,1,0.1165,1827.46,742.62,2169.22,990.99
Copy of IMG00160.JPG,conductor,1,0.1122,3961.69,3003.53,4714.8,4097.5
Copy of IMG00160.JPG,conductor,1,0.1049,1692.58,507.17,2010.0,706.96
Copy of IMG00160.JPG,conductor,1,0.0996,4237.5,2660.58,4842.57,3538.21
Copy of IMG00160.JPG,conductor,1,0.0989,3109.92,4875.66,3895.02,6000.26
Copy of IMG00160.JPG,conductor,1,0.0961,2267.71,5574.83,2667.97,6104.22
Copy of IMG00160.JPG,conductor,1,0.0956,4161.01,2804.99,4816.3,3625.13
Copy of IMG00160.JPG,conductor,1,0.0746,1805.04,903.76,2213.46,1156.85
Copy of IMG00160.JPG,conductor,1,0.0737,1686.91,587.44,2058.28,809.42
Copy of IMG00160.JPG,conductor,1,0.0733,1824.21,792.74,2180.57,1039.65
Copy of IMG00160.JPG,conductor,1,0.0696,2674.34,4772.92,3137.26,5257.45
Copy of IMG00160.JPG,conductor,1,0.066,1707.6,427.23,1980.72,629.25
Copy of IMG00160.JPG,conductor,1,0.0656,2975.56,5599.09,3469.36,6254.48
Copy of IMG00160.JPG,conductor,1,0.064,4739.79,852.22,5025.68,1112.69
Copy of IMG00160.JPG,conductor,1,0.0613,1846.96,930.52,2246.06,1188.5
Copy of IMG00160.JPG,conductor,1,0.0593,1656.54,407.13,1950.23,613.3
Copy of IMG00160.JPG,conductor,1,0.0579,2645.04,3362.67,3433.85,4173.44
Copy of IMG00160.JPG,conductor,1,0.0565,4819.44,681.05,5078.37,932.17
Copy of IMG00160.JPG,conductor,1,0.0564,2763.39,3278.51,3483.9,3910.06
Copy of IMG00160.JPG,conductor,1,0.0563,1758.6,621.24,2102.69,850.57
Copy of IMG00160.JPG,conductor,1,0.0532,2520.31,5154.99,2923.91,5622.43
Copy of IMG00160.JPG,conductor,1,0.0514,2353.11,5386.23,2745.44,6147.87
Copy of IMG00160.JPG,conductor,1,0.0513,4769.91,815.19,5064.81,1080.33
Copy of IMG00160.JPG,conductor,1,0.051,2491.16,5206.23,2918.31,5729.07
Copy of IMG00160.JPG,conductor,1,0.0508,2447.13,5245.16,2906.37,5964.08
Copy of IMG00160.JPG,conductor,1,0.0501,3421.58,4232.85,4273.24,5097.54
Copy of IMG03484.JPG,conductor,1,0.7763,1063.81,2653.31,3090.18,3549.66
Copy of IMG03484.JPG,insulator,2,0.7663,5771.6,4787.66,6295.59,5255.35
Copy of IMG03484.JPG,conductor,1,0.7281,5586.17,2334.85,9156.49,3314.09
Copy of IMG03484.JPG,conductor,1,0.659,104.51,4027.17,2787.55,5183.87
Copy of IMG03484.JPG,pylon,0,0.615,4714.75,3647.74,5347.14,6265.39
Copy of IMG03484.JPG,insulator,2,0.5784,3918.58,2097.23,4323.48,2521.35
Copy of IMG03484.JPG,conductor,1,0.5105,2181.85,3693.93,3743.6,4494.54
Copy of IMG03484.JPG,conductor,1,0.3943,2238.8,3486.2,4394.08,4544.37
Copy of IMG03484.JPG,conductor,1,0.3934,2271.27,1626.88,3502.36,2305.58
Copy of IMG03484.JPG,insulator,2,0.3514,4916.1,3020.15,5175.43,3316.05
Copy of IMG03484.JPG,conductor,1,0.3409,932.36,2545.26,3218.01,3685.98
Copy of IMG03484.JPG,conductor,1,0.3136,0.0,3218.86,1577.09,3905.79
Copy of IMG03484.JPG,conductor,1,0.3028,3071.2,5561.31,4608.77,6292.09
Copy of IMG03484.JPG,conductor,1,0.2968,8229.71,2951.95,9504.0,4600.32
Copy of IMG03484.JPG,conductor,1,0.278,5273.33,4025.34,8659.81,5165.71
Copy of IMG03484.JPG,conductor,1,0.2745,799.14,4064.14,2839.14,4996.67
Copy of IMG03484.JPG,conductor,1,0.2461,8089.44,3193.85,9502.61,4385.83
Copy of IMG03484.JPG,conductor,1,0.2009,4822.27,1727.37,6499.26,2298.4
Copy of IMG03484.JPG,conductor,1,0.1815,7360.9,5074.43,8984.41,6289.19
Copy of IMG03484.JPG,conductor,1,0.1778,6425.17,2270.93,8791.83,3107.99
Copy of IMG03484.JPG,conductor,1,0.1519,3.05,3286.64,1323.98,4017.8
Copy of IMG03484.JPG,insulator,2,0.1475,6794.07,4624.39,7122.3,4915.12
Copy of IMG03484.JPG,conductor,1,0.1291,4899.38,1513.96,7574.1,2154.7
Copy of IMG03484.JPG,conductor,1,0.1264,0.0,3407.32,934.29,3912.63
Copy of IMG03484.JPG,conductor,1,0.1249,8216.04,1655.23,9503.62,2524.54
Copy of IMG03484.JPG,conductor,1,0.1244,4910.26,1649.35,7533.85,2298.27
Copy of IMG03484.JPG,conductor,1,0.1164,3028.26,5689.43,4324.37,6315.65
Copy of IMG03484.JPG,conductor,1,0.1144,0.02,3279.39,1264.92,4300.53
Copy of IMG03484.JPG,conductor,1,0.1087,8084.98,3530.3,9502.71,4423.83
Copy of IMG03484.JPG,conductor,1,0.1027,0.0,3331.48,1246.71,3843.3
Copy of IMG03484.JPG,conductor,1,0.0982,0.0,4442.93,1753.37,5470.04
Copy of IMG03484.JPG,conductor,1,0.0886,5580.16,2512.55,7818.89,3298.44
Copy of IMG03484.JPG,conductor,1,0.0811,0.0,4668.25,1252.64,6079.2
Copy of IMG03484.JPG,conductor,1,0.081,4902.31,1468.26,8129.06,2309.23
Copy of IMG03484.JPG,conductor,1,0.0788,9024.19,4432.08,9504.0,6263.81
Copy of IMG03484.JPG,conductor,1,0.0681,7618.06,1009.48,9495.36,1606.95
Copy of IMG03484.JPG,conductor,1,0.0667,2307.76,2520.33,3669.6,2989.66
Copy of IMG03484.JPG,conductor,1,0.0629,0.0,3275.7,1485.26,3756.81
Copy of IMG03484.JPG,conductor,1,0.0619,8852.0,1089.35,9499.89,1367.64
Copy of IMG03484.JPG,pylon_fissure,3,0.0589,4940.15,5501.66,5259.01,6306.53
Copy of IMG03484.JPG,conductor,1,0.0584,828.82,2783.37,2734.88,3561.85
Copy of IMG03484.JPG,conductor,1,0.0552,5778.09,2284.44,8742.48,3195.13
Copy of IMG03484.JPG,conductor,1,0.052,5521.76,1422.52,7618.74,2103.73
Copy of IMG03484.JPG,conductor,1,0.0507,0.0,4209.37,2682.52,5322.4
Copy of IMG00063.JPG,insulator,2,0.685,3969.34,3544.18,4445.66,3995.81
Copy of IMG00063.JPG,conductor,1,0.6361,4709.32,3589.96,7709.44,4383.28
Copy of IMG00063.JPG,conductor,1,0.6167,114.83,3091.85,3628.5,3594.79
Copy of IMG00063.JPG,conductor,1,0.58,4663.47,4355.91,7043.71,5146.24
Copy of IMG00063.JPG,conductor,1,0.5629,6850.93,4781.14,8687.39,5449.71
Copy of IMG00063.JPG,conductor,1,0.552,3265.61,4667.29,4386.02,6267.55
Copy of IMG00063.JPG,conductor,1,0.485,5070.03,3721.71,7695.78,4451.01
Copy of IMG00063.JPG,conductor,1,0.4453,42.95,3133.06,3910.15,3714.73
Copy of IMG00063.JPG,conductor,1,0.4379,1287.1,3846.24,3855.02,4474.74
Copy of IMG00063.JPG,conductor,1,0.3685,7731.36,4260.89,9504.0,4930.1
Copy of IMG00063.JPG,conductor,1,0.2994,37.46,3773.93,3831.11,4482.03
Copy of IMG00063.JPG,insulator,2,0.2864,4052.55,3499.86,4472.03,3896.66
Copy of IMG00063.JPG,conductor,1,0.2471,8557.54,5127.1,9504.0,5766.91
Copy of IMG00063.JPG,conductor,1,0.232,7174.48,4181.91,9376.98,4850.61
Copy of IMG00063.JPG,conductor,1,0.2048,71.73,3645.12,3870.35,4335.13
Copy of IMG00063.JPG,conductor,1,0.1747,12.69,2859.55,743.99,3196.3
Copy of IMG00063.JPG,conductor,1,0.1005,1.78,2844.73,528.41,3189.57
Copy of IMG00063.JPG,conductor,1,0.0986,8282.1,5081.28,9501.23,5731.52
Copy of IMG00063.JPG,conductor,1,0.0956,11.02,2898.05,1289.16,3256.99
Copy of IMG00063.JPG,conductor,1,0.0907,593.81,3198.33,3866.98,3819.85
Copy of IMG00063.JPG,conductor,1,0.0894,51.0,2896.73,1055.02,3217.27
Copy of IMG00063.JPG,conductor,1,0.0889,8.71,3037.49,3720.18,3498.02
Copy of IMG00063.JPG,conductor,1,0.0848,7986.01,4378.57,9503.4,5044.44
Copy of IMG00063.JPG,conductor,1,0.0741,1.07,2806.92,287.12,3175.08
Copy of IMG00063.JPG,conductor,1,0.0723,4685.03,3586.95,7107.89,4266.02
Copy of IMG00063.JPG,conductor,1,0.0633,7010.08,4876.65,9103.5,5565.92
Copy of IMG00063.JPG,conductor,1,0.0576,5179.59,3815.41,7936.06,4569.97
Copy of IMG00063.JPG,conductor,1,0.0551,8936.56,4604.15,9503.45,5057.47
Copy of IMG00063.JPG,insulator,2,0.054,3854.95,4088.1,4394.03,4614.59
Copy of IMG00063.JPG,conductor,1,0.0512,8769.9,4562.44,9503.88,5037.83
Copy of IMG00063.JPG,conductor,1,0.0506,0.0,3618.21,3437.85,4179.18
Copy of IMG00063.JPG,conductor,1,0.0506,0.0,5526.86,332.2,6126.15
Copy of IMG03453.JPG,insulator,2,0.9027,6102.58,2197.65,6484.59,2609.92
Copy of IMG03453.JPG,insulator,2,0.881,7929.31,2992.04,8307.15,3364.43
Copy of IMG03453.JPG,pylon,0,0.7064,6652.58,2959.95,7381.74,6275.0
Copy of IMG03453.JPG,conductor,1,0.6799,5003.89,2619.22,6124.98,3289.34
Copy of IMG03453.JPG,conductor,1,0.6343,2602.13,3880.72,4243.37,4720.55
Copy of IMG03453.JPG,conductor,1,0.6091,2235.3,5524.47,3170.96,6283.28
Copy of IMG03453.JPG,insulator,2,0.5081,7095.12,2320.9,7325.3,2658.98
Copy of IMG03453.JPG,conductor,1,0.4953,4431.98,3856.41,5558.24,4780.02
Copy of IMG03453.JPG,conductor,1,0.4474,7814.36,1838.75,8721.12,2351.29
Copy of IMG03453.JPG,conductor,1,0.4251,1849.49,4533.12,3295.36,5281.51
Copy of IMG03453.JPG,conductor,1,0.4005,3442.27,4600.97,4559.6,5375.96
Copy of IMG03453.JPG,conductor,1,0.3793,4152.81,3093.85,5396.95,3811.99
Copy of IMG03453.JPG,conductor,1,0.3775,4602.42,5120.75,5653.62,6231.1
Copy of IMG03453.JPG,conductor,1,0.3287,7823.6,1156.31,8906.18,1645.16
Copy of IMG03453.JPG,conductor,1,0.3228,4760.19,4669.09,6406.68,6082.67
Copy of IMG03453.JPG,conductor,1,0.3106,1123.05,5008.9,2479.41,5782.51
Copy of IMG03453.JPG,conductor,1,0.3048,2770.17,3774.3,4360.47,4602.57
Copy of IMG03453.JPG,conductor,1,0.2691,3606.68,3364.05,4999.83,4113.19
Copy of IMG03453.JPG,conductor,1,0.2614,7642.95,1184.9,8887.93,1731.7
Copy of IMG03453.JPG,conductor,1,0.2563,4389.09,5409.99,5496.53,6265.02
Copy of IMG03453.JPG,conductor,1,0.2389,4642.83,4984.31,5952.52,6179.05
Copy of IMG03453.JPG,conductor,1,0.2326,4859.13,4625.18,6453.59,5635.65
Copy of IMG03453.JPG,conductor,1,0.2216,3838.09,3121.53,5321.92,3900.72
Copy of IMG03453.JPG,conductor,1,0.2205,627.76,5532.46,1851.82,6252.9
Copy of IMG03453.JPG,conductor,1,0.2062,3409.75,3444.82,4844.99,4157.34
Copy of IMG03453.JPG,insulator,2,0.2014,7076.48,2323.88,7378.03,2692.05
Copy of IMG03453.JPG,conductor,1,0.1926,8801.51,531.39,9502.99,1275.51
Copy of IMG03453.JPG,conductor,1,0.1784,3617.44,4502.83,4745.94,5292.55
Copy of IMG03453.JPG,conductor,1,0.1744,7846.24,1778.71,8865.16,2313.27
Copy of IMG03453.JPG,conductor,1,0.1684,7427.39,1317.63,8543.87,1867.9
Copy of IMG03453.JPG,conductor,1,0.1649,5159.24,4551.97,6498.24,5553.13
Copy of IMG03453.JPG,conductor,1,0.1503,7264.06,1544.85,8191.83,1965.3
Copy of IMG03453.JPG,conductor,1,0.1479,8594.76,817.28,9503.42,1322.64
Copy of IMG03453.JPG,conductor,1,0.1416,4366.9,5583.73,5390.9,6278.24
Copy of IMG03453.JPG,conductor,1,0.1381,7958.89,1096.45,9031.89,1595.43
Copy of IMG03453.JPG,conductor,1,0.1277,7254.6,1630.82,8098.92,1993.24
Copy of IMG03453.JPG,conductor,1,0.1249,1217.67,4897.51,2599.16,5646.91
Copy of IMG03453.JPG,conductor,1,0.1172,1042.95,5100.52,2301.13,5906.31
Copy of IMG03453.JPG,conductor,1,0.1115,3051.73,3492.97,4786.07,4250.92
Copy of IMG03453.JPG,conductor,1,0.1115,3674.19,3187.81,5227.84,4063.87
Copy of IMG03453.JPG,conductor,1,0.1089,1573.17,4527.51,3234.55,5453.01
Copy of IMG03453.JPG,conductor,1,0.107,2491.51,5381.56,3264.34,6262.12
Copy of IMG03453.JPG,conductor,1,0.1004,7241.73,1681.88,7937.01,2026.3
Copy of IMG03453.JPG,conductor,1,0.0982,7583.47,1261.98,8785.39,1799.4
Copy of IMG03453.JPG,conductor,1,0.097,4514.44,3784.4,5742.27,4709.25
Copy of IMG03453.JPG,conductor,1,0.0969,5439.66,4441.48,6596.87,5378.02
Copy of IMG03453.JPG,conductor,1,0.0949,720.18,5371.13,1937.0,6215.34
Copy of IMG03453.JPG,conductor,1,0.0932,2936.57,5109.88,3778.74,5843.3
Copy of IMG03453.JPG,conductor,1,0.093,843.93,5180.46,2173.89,6085.3
Copy of IMG03453.JPG,conductor,1,0.093,4317.06,2847.89,5634.77,3677.87
Copy of IMG03453.JPG,conductor,1,0.0913,8680.52,1363.63,9490.35,1952.81
Copy of IMG03453.JPG,conductor,1,0.091,8394.07,854.53,9494.27,1371.01
Copy of IMG03453.JPG,conductor,1,0.0902,8984.44,1209.28,9501.51,1765.19
Copy of IMG03453.JPG,conductor,1,0.0892,3053.45,4971.28,4140.92,5625.43
Copy of IMG03453.JPG,conductor,1,0.0827,7345.63,1412.07,8382.71,1954.79
Copy of IMG03453.JPG,pylon,0,0.0802,6834.58,2945.81,7334.71,6287.22
Copy of IMG03453.JPG,conductor,1,0.0755,8122.21,919.97,9396.52,1497.31
Copy of IMG03453.JPG,conductor,1,0.0705,5572.28,3144.86,6509.96,3988.12
Copy of IMG03453.JPG,conductor,1,0.0685,2075.37,5837.86,2780.42,6313.69
Copy of IMG03453.JPG,conductor,1,0.0679,8439.29,1424.07,9409.73,2037.62
Copy of IMG03453.JPG,conductor,1,0.0669,602.4,5981.6,1148.44,6319.22
Copy of IMG03453.JPG,conductor,1,0.061,4338.39,5882.37,5014.5,6312.19
Copy of IMG03453.JPG,conductor,1,0.0607,2978.59,5045.28,3911.43,5691.27
Copy of IMG03453.JPG,conductor,1,0.0569,8283.55,1582.91,9192.95,2142.0
Copy of IMG03453.JPG,conductor,1,0.0557,4011.03,3011.61,5507.77,3882.17
Copy of IMG03453.JPG,conductor,1,0.0549,8847.1,1239.8,9503.05,1837.84
Copy of IMG03453.JPG,conductor,1,0.0548,2261.02,3995.55,4051.54,4995.3
Copy of IMG03453.JPG,conductor,1,0.0545,8456.29,2448.57,9491.01,3252.27
Copy of IMG03453.JPG,conductor,1,0.0532,2090.72,5749.91,2978.59,6313.32
Copy of IMG03453.JPG,conductor,1,0.0501,5732.13,3085.73,6553.79,3901.39
Copy of IMG00357.JPG,conductor,1,0.0992,2444.28,5150.02,3488.45,6291.67
Copy of IMG00357.JPG,pylon,0,0.0754,4907.65,90.59,6317.95,6244.1
Copy of IMG00357.JPG,conductor,1,0.0724,3802.1,795.9,4785.05,2867.98
Copy of IMG00357.JPG,pylon,0,0.0699,5114.42,2606.65,6346.51,6269.11
Copy of IMG00462.JPG,conductor,1,0.1199,0.0,2927.48,7227.06,3888.77
Copy of IMG00462.JPG,conductor,1,0.1167,2881.74,2625.49,9504.0,3520.21
Copy of IMG00462.JPG,conductor,1,0.1122,2418.88,2795.0,9504.0,3719.68
Copy of IMG00462.JPG,conductor,1,0.0928,992.13,2877.87,8658.99,3821.48
Copy of IMG00462.JPG,conductor,1,0.058,0.0,3310.9,6416.52,4155.9
Copy of IMG00462.JPG,conductor,1,0.0512,0.0,3091.75,6430.48,4038.94
Copy of IMG00149.JPG,insulator,2,0.8135,4424.06,4250.73,4715.57,4613.84
Copy of IMG00149.JPG,insulator,2,0.7307,3413.0,4071.95,3721.68,4454.61
Copy of IMG00149.JPG,insulator,2,0.7163,3922.37,3723.84,4293.65,4127.6
Copy of IMG00149.JPG,pylon,0,0.6962,3834.48,4345.1,4210.67,6276.47
Copy of IMG00149.JPG,conductor,1,0.5672,3140.84,4521.1,3554.49,5029.17
Copy of IMG00149.JPG,conductor,1,0.2613,3094.97,4526.35,3521.04,5265.89
Copy of IMG00149.JPG,conductor,1,0.1893,2700.18,5568.55,3260.89,6293.75
Copy of IMG00149.JPG,conductor,1,0.1732,2698.72,5723.73,3155.9,6293.55
Copy of IMG00149.JPG,conductor,1,0.1453,2751.76,5400.31,3375.54,6102.51
Copy of IMG00149.JPG,conductor,1,0.1383,2976.86,5000.51,3441.07,5517.45
Copy of IMG00149.JPG,conductor,1,0.1247,3470.19,5018.39,3837.6,5663.31
Copy of IMG00149.JPG,insulator,2,0.1234,178.1,2317.16,394.46,2527.94
Copy of IMG00149.JPG,conductor,1,0.121,2916.45,5007.23,3437.75,5685.21
Copy of IMG00149.JPG,conductor,1,0.1082,2841.7,5259.85,3405.56,5891.93
Copy of IMG00149.JPG,conductor,1,0.0987,3402.36,5184.74,3821.44,5852.93
Copy of IMG00149.JPG,conductor,1,0.0921,2786.54,5487.5,3326.62,6234.44
Copy of IMG00149.JPG,conductor,1,0.0845,1301.0,5541.98,1675.97,6041.63
Copy of IMG00149.JPG,insulator,2,0.0808,4481.12,4063.24,4709.02,4305.23
Copy of IMG00149.JPG,conductor,1,0.0695,2832.38,5132.53,3418.1,5780.15
Copy of IMG00149.JPG,conductor,1,0.0619,3213.98,4499.43,3564.37,4951.76
Copy of IMG00149.JPG,conductor,1,0.0587,2998.08,4881.11,3454.44,5408.21
Copy of IMG00149.JPG,conductor,1,0.0572,1237.77,5417.19,1733.1,6064.36
Copy of IMG00149.JPG,conductor,1,0.0541,4.43,2608.54,231.08,2936.08
Copy of IMG00149.JPG,conductor,1,0.0536,1253.87,5484.48,1644.33,5973.09
Copy of IMG00149.JPG,conductor,1,0.0515,4185.75,4892.25,4487.49,5439.95
Copy of IMG00149.JPG,insulator,2,0.0506,3476.34,3965.14,3724.61,4461.14
Copy of IMG00507.JPG,conductor,1,0.7801,2199.59,3863.43,3513.99,5530.27
Copy of IMG00507.JPG,insulator,2,0.6868,4438.24,3141.64,4806.28,3484.01
Copy of IMG00507.JPG,insulator,2,0.6697,5158.89,3391.91,5513.1,3727.52
Copy of IMG00507.JPG,insulator,2,0.6263,3324.01,3276.16,3733.86,3640.28
Copy of IMG00507.JPG,insulator,2,0.5687,4202.96,3506.98,4498.94,3761.06
Copy of IMG00507.JPG,conductor,1,0.5594,3215.89,4818.72,4051.06,6265.27
Copy of IMG00507.JPG,pylon,0,0.5526,4177.6,3865.08,4653.54,6257.88
Copy of IMG00507.JPG,conductor,1,0.48,6528.53,1659.22,7054.12,2103.23
Copy of IMG00507.JPG,insulator,2,0.4356,5067.06,3635.84,5369.07,3898.13
Copy of IMG00507.JPG,conductor,1,0.4287,3145.9,5115.79,3976.33,6280.92
Copy of IMG00507.JPG,conductor,1,0.4106,4775.83,4016.82,5190.89,4949.39
Copy of IMG00507.JPG,conductor,1,0.4013,5789.93,2072.37,6444.67,2601.93
Copy of IMG00507.JPG,conductor,1,0.3982,5895.67,2049.37,6467.75,2511.29
Copy of IMG00507.JPG,insulator,2,0.3869,3579.57,3084.79,3960.99,3383.36
Copy of IMG00507.JPG,conductor,1,0.3809,3295.59,4534.79,4103.11,6138.62
Copy of IMG00507.JPG,conductor,1,0.3796,7909.23,1302.89,8582.12,1972.06
Copy of IMG00507.JPG,conductor,1,0.3663,8753.56,766.02,9382.37,1338.15
Copy of IMG00507.JPG,conductor,1,0.3626,4820.85,4012.91,5220.15,4784.35
Copy of IMG00507.JPG,conductor,1,0.3169,2201.72,5228.32,2849.13,6260.57
Copy of IMG00507.JPG,insulator,2,0.2857,3388.82,3191.29,3907.46,3612.43
Copy of IMG00507.JPG,conductor,1,0.2856,7249.55,1207.33,7732.05,1614.57
Copy of IMG00507.JPG,conductor,1,0.2626,6390.12,2287.6,7113.92,2970.2
Copy of IMG00507.JPG,conductor,1,0.2583,7407.92,1088.6,7888.84,1527.65
Copy of IMG00507.JPG,conductor,1,0.2441,5659.57,2228.05,6168.56,2703.22
Copy of IMG00507.JPG,conductor,1,0.2399,6898.31,852.67,7405.73,1241.18
Copy of IMG00507.JPG,conductor,1,0.2314,8220.18,1127.51,8776.78,1803.58
Copy of IMG00507.JPG,conductor,1,0.2303,7325.61,1147.24,7800.39,1568.59
Copy of IMG00507.JPG,conductor,1,0.2267,6972.56,1445.47,7402.75,1826.5
Copy of IMG00507.JPG,conductor,1,0.223,7244.45,1787.08,7846.82,2383.85
Copy of IMG00507.JPG,conductor,1,0.2224,7484.86,1068.3,7938.42,1474.54
Copy of IMG00507.JPG,conductor,1,0.2156,6576.14,1620.0,7105.05,2032.91
Copy of IMG00507.JPG,conductor,1,0.2143,7783.05,870.84,8196.52,1253.79
Copy of IMG00507.JPG,conductor,1,0.2119,6425.17,1716.97,6956.99,2171.23
Copy of IMG00507.JPG,conductor,1,0.2024,8836.9,623.99,9483.49,1320.25
Copy of IMG00507.JPG,conductor,1,0.1993,8102.01,628.86,8597.18,1032.19
Copy of IMG00507.JPG,conductor,1,0.1962,7112.12,1258.49,7666.88,1700.62
Copy of IMG00507.JPG,conductor,1,0.1933,7560.93,1024.54,7968.51,1418.93
Copy of IMG00507.JPG,conductor,1,0.1927,7641.79,961.46,8061.34,1368.66
Copy of IMG00507.JPG,conductor,1,0.1916,7026.67,1381.59,7507.89,1776.82
Copy of IMG00507.JPG,conductor,1,0.1904,7320.93,1730.27,7932.1,2268.95
Copy of IMG00507.JPG,conductor,1,0.1833,7460.14,1618.41,7985.41,2147.34
Copy of IMG00507.JPG,conductor,1,0.1833,6722.48,1535.98,7252.56,1978.94
Copy of IMG00507.JPG,conductor,1,0.1676,2188.57,5661.61,2654.4,6282.13
Copy of IMG00507.JPG,conductor,1,0.1665,6240.05,1892.65,6691.58,2332.08
Copy of IMG00507.JPG,conductor,1,0.1654,7195.55,1853.59,7705.41,2374.73
Copy of IMG00507.JPG,conductor,1,0.1611,5715.06,2119.77,6375.58,2643.29
Copy of IMG00507.JPG,conductor,1,0.1601,7731.5,901.46,8149.11,1290.29
Copy of IMG00507.JPG,conductor,1,0.16,7199.74,678.01,7684.45,1056.07
Copy of IMG00507.JPG,conductor,1,0.1593,6291.06,1849.58,6733.52,2266.16
Copy of IMG00507.JPG,conductor,1,0.1577,6243.67,1246.33,6853.3,1657.17
Copy of IMG00507.JPG,conductor,1,0.1558,5225.54,1881.99,5849.94,2350.29
Copy of IMG00507.JPG,conductor,1,0.1532,6315.45,2402.36,6941.39,3034.96
Copy of IMG00507.JPG,conductor,1,0.1462,6825.99,888.67,7347.03,1292.92
Copy of IMG00507.JPG,conductor,1,0.1423,4684.22,4104.98,5198.17,5031.94
Copy of IMG00507.JPG,conductor,1,0.1385,8036.07,702.55,8478.54,1125.34
Copy of IMG00507.JPG,conductor,1,0.1359,2237.04,5489.02,2736.78,6229.99
Copy of IMG00507.JPG,conductor,1,0.1343,7114.19,728.27,7676.52,1107.37
Copy of IMG00507.JPG,conductor,1,0.1341,6340.3,1789.08,6834.51,2242.04
Copy of IMG00507.JPG,conductor,1,0.1322,6141.58,1341.39,6705.48,1743.9
Copy of IMG00507.JPG,insulator,2,0.1303,4757.49,3470.08,4978.7,3793.17
Copy of IMG00507.JPG,conductor,1,0.1294,3095.64,5519.68,3847.14,6270.72
Copy of IMG00507.JPG,conductor,1,0.1274,6915.44,1481.74,7362.74,1870.29
Copy of IMG00507.JPG,conductor,1,0.127,8271.27,1106.15,8805.25,1584.55
Copy of IMG00507.JPG,conductor,1,0.1265,7385.58,1677.05,7959.51,2200.21
Copy of IMG00507.JPG,conductor,1,0.1216,7048.41,1313.14,7593.85,1765.86
Copy of IMG00507.JPG,conductor,1,0.119,6281.6,1191.67,6969.17,1605.73
Copy of IMG00507.JPG,conductor,1,0.1136,6605.4,2203.53,7221.1,2794.59
Copy of IMG00507.JPG,conductor,1,0.1093,3166.64,5296.0,3878.65,6245.22
Copy of IMG00507.JPG,conductor,1,0.1093,6021.36,1934.53,6608.59,2403.11
Copy of IMG00507.JPG,conductor,1,0.1045,7492.07,539.34,7964.56,876.49
Copy of IMG00507.JPG,conductor,1,0.1013,3144.21,5669.53,3676.84,6281.29
Copy of IMG00507.JPG,conductor,1,0.1011,6055.58,1438.73,6583.44,1821.67
Copy of IMG00507.JPG,insulator,2,0.0973,3478.97,3087.86,3961.62,3502.45
Copy of IMG00507.JPG,conductor,1,0.0957,5831.27,1607.41,6334.96,1990.1
Copy of IMG00507.JPG,conductor,1,0.0952,6961.71,807.11,7488.36,1193.04
Copy of IMG00507.JPG,insulator,2,0.0934,4750.51,3466.41,5007.57,3676.45
Copy of IMG00507.JPG,conductor,1,0.0934,6743.0,2155.18,7247.88,2700.05
Copy of IMG00507.JPG,conductor,1,0.0921,3662.97,4231.15,4178.83,5129.17
Copy of IMG00507.JPG,conductor,1,0.0892,7900.31,769.64,8332.17,1181.51
Copy of IMG00507.JPG,conductor,1,0.0875,8994.08,560.59,9504.0,1126.52
Copy of IMG00507.JPG,conductor,1,0.0871,5894.9,1556.71,6430.62,1925.79
Copy of IMG00507.JPG,conductor,1,0.0834,4480.54,4953.22,4940.47,5708.85
Copy of IMG00507.JPG,conductor,1,0.0832,8500.86,447.25,8908.62,786.8
Copy of IMG00507.JPG,conductor,1,0.0792,6399.6,1163.44,7034.34,1549.5
Copy of IMG00507.JPG,conductor,1,0.0767,4449.5,4967.74,4936.86,6038.13
Copy of IMG00507.JPG,conductor,1,0.0744,6756.14,1004.35,7208.0,1358.19
Copy of IMG00507.JPG,conductor,1,0.0727,8435.41,480.24,8901.95,854.44
Copy of IMG00507.JPG,conductor,1,0.0727,6386.64,2343.38,6919.03,2893.81
Copy of IMG00507.JPG,conductor,1,0.0726,7267.32,610.47,7822.0,970.8
Copy of IMG00507.JPG,conductor,1,0.0722,4500.87,4662.92,4973.33,5558.24
Copy of IMG00507.JPG,conductor,1,0.0709,7368.95,567.38,7907.55,925.09
Copy of IMG00507.JPG,conductor,1,0.0684,6005.02,1490.48,6500.38,1876.69
Copy of IMG00507.JPG,conductor,1,0.0673,3684.67,3725.46,4106.42,4101.3
Copy of IMG00507.JPG,conductor,1,0.0671,7351.59,500.71,7976.87,880.63
Copy of IMG00507.JPG,conductor,1,0.0667,4306.94,5054.32,4930.72,6202.11
Copy of IMG00507.JPG,conductor,1,0.065,8679.89,862.4,9300.42,1433.26
Copy of IMG00507.JPG,conductor,1,0.0647,3936.1,3925.41,4242.04,4525.04
Copy of IMG00507.JPG,conductor,1,0.0644,8210.01,584.17,8681.98,962.01
Copy of IMG00507.JPG,conductor,1,0.0642,7575.41,1545.14,8022.05,2022.42
Copy of IMG00507.JPG,conductor,1,0.0635,7929.4,1217.78,8640.15,1822.63
Copy of IMG00507.JPG,conductor,1,0.0631,3436.37,4449.43,4132.41,5764.2
Copy of IMG00507.JPG,conductor,1,0.0628,6943.06,750.63,7606.85,1195.91
Copy of IMG00507.JPG,conductor,1,0.0624,4867.15,4005.45,5234.6,4539.86
Copy of IMG00507.JPG,conductor,1,0.0621,7854.16,1402.1,8505.78,1999.46
Copy of IMG00507.JPG,conductor,1,0.0613,8318.41,1061.26,8835.06,1516.92
Copy of IMG00507.JPG,conductor,1,0.0607,8686.75,840.04,9221.24,1313.7
Copy of IMG00507.JPG,conductor,1,0.0605,3873.15,3977.53,4237.98,4677.71
Copy of IMG00507.JPG,conductor,1,0.0587,6471.99,2266.08,7085.64,2828.52
Copy of IMG00507.JPG,conductor,1,0.0586,8021.1,1170.78,8721.19,1757.1
Copy of IMG00507.JPG,conductor,1,0.0564,9140.42,530.96,9501.96,1021.98
Copy of IMG00507.JPG,conductor,1,0.0547,6576.24,1096.85,7146.56,1468.36
Copy of IMG00507.JPG,conductor,1,0.0543,7940.35,1303.71,8530.32,1803.08
Copy of IMG00507.JPG,conductor,1,0.0543,5765.98,1661.02,6257.83,2048.34
Copy of IMG00507.JPG,conductor,1,0.0531,5565.79,2292.11,6115.15,2840.11
Copy of IMG00159.JPG,conductor,1,0.6127,2949.33,5142.1,3623.34,6168.3
Copy of IMG00159.JPG,insulator,2,0.6093,4919.33,1217.74,5119.66,1448.86
Copy of IMG00159.JPG,insulator,2,0.4771,4156.4,1024.68,4376.87,1298.72
Copy of IMG00159.JPG,conductor,1,0.2197,5199.59,1325.72,6862.19,1738.57
Copy of IMG00159.JPG,conductor,1,0.1974,3952.49,2102.53,4293.24,2479.37
Copy of IMG00159.JPG,conductor,1,0.1893,480.26,1417.83,902.37,1702.85
Copy of IMG00159.JPG,conductor,1,0.1569,5701.03,1273.81,6843.17,1598.56
Copy of IMG00159.JPG,conductor,1,0.1408,0.0,3477.25,739.72,5906.97
Copy of IMG00159.JPG,conductor,1,0.1366,446.81,1370.26,828.42,1626.56
Copy of IMG00159.JPG,conductor,1,0.1354,8.39,1085.61,444.98,1327.94
Copy of IMG00159.JPG,conductor,1,0.1095,3026.46,5088.62,3710.87,5952.8
Copy of IMG00159.JPG,conductor,1,0.1085,2913.21,5299.86,3481.06,6176.9
Copy of IMG00159.JPG,conductor,1,0.1044,3956.63,1475.18,4323.79,1871.64
Copy of IMG00159.JPG,conductor,1,0.1025,2702.58,3124.78,3601.33,4018.29
Copy of IMG00159.JPG,conductor,1,0.0957,5221.08,1432.71,6889.19,1766.41
Copy of IMG00159.JPG,conductor,1,0.0909,5194.07,1350.95,6915.92,1913.64
Copy of IMG00159.JPG,conductor,1,0.0896,2199.02,5677.98,2635.33,6220.55
Copy of IMG00159.JPG,pylon,0,0.0829,4001.23,1862.97,4620.97,4890.21
Copy of IMG00159.JPG,conductor,1,0.0821,2610.28,3187.48,3544.07,4250.15
Copy of IMG00159.JPG,conductor,1,0.0808,8.55,1025.35,463.24,1281.69
Copy of IMG00159.JPG,conductor,1,0.0793,1812.61,5505.53,2203.16,6155.29
Copy of IMG00159.JPG,conductor,1,0.0788,5236.91,1031.21,6027.95,1268.51
Copy of IMG00159.JPG,conductor,1,0.0776,2624.88,4913.39,3095.95,5370.19
Copy of IMG00159.JPG,conductor,1,0.0761,5311.98,1097.01,5994.73,1319.8
Copy of IMG00159.JPG,conductor,1,0.0758,0.0,3962.77,660.41,6254.7
Copy of IMG00159.JPG,conductor,1,0.0728,565.92,1490.76,1001.65,1804.8
Copy of IMG00159.JPG,insulator,2,0.0726,4715.82,984.0,4884.14,1157.19
Copy of IMG00159.JPG,conductor,1,0.0711,6036.05,1277.0,6745.78,1516.26
Copy of IMG00159.JPG,conductor,1,0.0703,5362.88,965.41,6021.96,1217.95
Copy of IMG00159.JPG,conductor,1,0.0697,1.52,1290.49,364.5,1542.92
Copy of IMG00159.JPG,conductor,1,0.069,2.2,1168.75,404.95,1418.41
Copy of IMG00159.JPG,conductor,1,0.0689,1200.83,2185.78,1579.45,2542.12
Copy of IMG00159.JPG,insulator,2,0.0676,4581.72,1194.04,4735.25,1444.0
Copy of IMG00159.JPG,conductor,1,0.0674,5275.72,1170.09,6000.91,1418.53
Copy of IMG00159.JPG,conductor,1,0.0668,650.98,1564.58,1048.33,1880.69
Copy of IMG00159.JPG,conductor,1,0.0665,0.12,1298.4,229.26,1568.87
Copy of IMG00159.JPG,conductor,1,0.0663,2789.57,3068.42,3634.84,3879.07
Copy of IMG00159.JPG,conductor,1,0.0661,709.95,1608.07,1106.27,1919.83
Copy of IMG00159.JPG,conductor,1,0.066,3921.3,2158.94,4262.36,2508.69
Copy of IMG00159.JPG,conductor,1,0.0642,3125.78,4925.42,3774.39,5619.29
Copy of IMG00159.JPG,conductor,1,0.0642,2862.14,4419.66,3339.44,4858.89
Copy of IMG00159.JPG,conductor,1,0.0635,513.91,1431.03,968.12,1746.97
Copy of IMG00159.JPG,conductor,1,0.062,1798.9,5436.59,2206.36,6024.38
Copy of IMG00159.JPG,conductor,1,0.0617,2.0,1247.82,380.16,1501.73
Copy of IMG00159.JPG,conductor,1,0.0581,6.37,857.3,423.62,1139.6
Copy of IMG00159.JPG,conductor,1,0.058,37.64,1066.72,509.4,1297.91
Copy of IMG00159.JPG,conductor,1,0.057,0.56,1187.19,274.06,1472.32
Copy of IMG00159.JPG,conductor,1,0.056,3986.23,2021.93,4637.45,4861.27
Copy of IMG00159.JPG,conductor,1,0.056,1181.83,2132.43,1547.65,2468.19
Copy of IMG00159.JPG,conductor,1,0.0546,1952.89,4967.55,2594.9,5591.34
Copy of IMG00159.JPG,conductor,1,0.0543,5608.48,970.01,6107.43,1199.75
Copy of IMG00159.JPG,conductor,1,0.0533,5235.13,1297.7,6863.33,1609.56
Copy of IMG00159.JPG,insulator,2,0.0531,4643.18,1146.41,4773.55,1348.3
Copy of IMG00159.JPG,conductor,1,0.0523,1131.18,2066.51,1528.25,2418.62
Copy of IMG00159.JPG,conductor,1,0.0514,5212.66,1460.88,7025.18,2199.24
Copy of IMG00159.JPG,conductor,1,0.0512,1.69,759.77,329.79,1032.65
Copy of IMG00159.JPG,conductor,1,0.0512,41.09,866.71,536.0,1134.23
Copy of IMG00159.JPG,conductor,1,0.0511,44.04,1001.6,541.61,1258.41
Copy of IMG00159.JPG,conductor,1,0.0511,1008.46,1942.07,1381.31,2237.91
Copy of IMG00451.JPG,insulator,2,0.717,3978.88,2642.35,4294.94,2958.55
Copy of IMG00451.JPG,insulator,2,0.5487,4400.8,2809.72,4673.03,3098.24
Copy of IMG00451.JPG,conductor,1,0.4988,1230.91,4596.52,2363.35,5279.64
Copy of IMG00451.JPG,conductor,1,0.4809,8.0,4169.35,1095.4,4704.1
Copy of IMG00451.JPG,conductor,1,0.4796,283.09,5112.64,1268.05,5793.84
Copy of IMG00451.JPG,conductor,1,0.4733,3314.92,3241.49,3962.67,3576.47
Copy of IMG00451.JPG,conductor,1,0.362,810.43,3685.24,2118.45,4249.18
Copy of IMG00451.JPG,insulator,2,0.3551,4827.7,3042.62,5056.83,3252.51
Copy of IMG00451.JPG,conductor,1,0.3511,2171.25,4140.38,3225.16,4891.75
Copy of IMG00451.JPG,conductor,1,0.3407,3572.63,3516.42,4260.93,3996.04
Copy of IMG00451.JPG,conductor,1,0.3177,2849.23,3495.52,3431.41,3889.87
Copy of IMG00451.JPG,conductor,1,0.2907,3219.22,3708.12,3982.43,4202.88
Copy of IMG00451.JPG,conductor,1,0.2832,3043.75,2849.29,3798.92,3289.17
Copy of IMG00451.JPG,conductor,1,0.2685,4308.04,3433.1,4801.25,5546.01
Copy of IMG00451.JPG,conductor,1,0.2202,3254.8,3603.14,4168.4,4157.67
Copy of IMG00451.JPG,conductor,1,0.2112,3680.02,3474.52,4311.77,3936.24
Copy of IMG00451.JPG,conductor,1,0.1995,1237.4,4226.83,2036.03,4658.57
Copy of IMG00451.JPG,conductor,1,0.1932,0.0,5416.45,506.47,6245.19
Copy of IMG00451.JPG,conductor,1,0.19,399.8,4601.15,1223.21,5102.06
Copy of IMG00451.JPG,conductor,1,0.1819,2256.41,3713.17,3028.35,4156.12
Copy of IMG00451.JPG,conductor,1,0.1806,3.07,5302.5,648.62,6124.74
Copy of IMG00451.JPG,conductor,1,0.1792,3349.42,3549.74,4218.1,4045.06
Copy of IMG00451.JPG,conductor,1,0.178,2725.44,2961.2,3655.38,3413.36
Copy of IMG00451.JPG,conductor,1,0.1707,1889.89,3885.76,2730.3,4352.33
Copy of IMG00451.JPG,insulator,2,0.1704,4470.69,2791.19,4684.55,3091.35
Copy of IMG00451.JPG,conductor,1,0.1688,2319.3,3009.54,3521.92,3522.6
Copy of IMG00451.JPG,conductor,1,0.1683,1991.79,3825.6,2838.77,4291.72
Copy of IMG00451.JPG,conductor,1,0.1638,2245.32,3092.49,3402.79,3637.06
Copy of IMG00451.JPG,conductor,1,0.1582,2076.37,3223.36,3019.14,3750.67
Copy of IMG00451.JPG,conductor,1,0.1579,603.64,4496.45,1460.99,4977.92
Copy of IMG00451.JPG,conductor,1,0.1562,2.19,4919.45,504.75,5398.74
Copy of IMG00451.JPG,conductor,1,0.1527,2815.28,2915.74,3764.38,3371.03
Copy of IMG00451.JPG,conductor,1,0.1492,248.76,4664.47,1079.41,5192.75
Copy of IMG00451.JPG,conductor,1,0.132,1341.32,4168.34,2206.08,4581.91
Copy of IMG00451.JPG,conductor,1,0.122,476.81,4543.45,1358.59,5045.89
Copy of IMG00451.JPG,conductor,1,0.1192,2388.02,3695.94,3057.44,4105.8
Copy of IMG00451.JPG,conductor,1,0.1166,1100.0,4261.08,1968.33,4724.25
Copy of IMG00451.JPG,conductor,1,0.1137,2131.47,3155.66,3164.03,3685.9
Copy of IMG00451.JPG,conductor,1,0.1129,0.0,4250.89,947.76,4808.83
Copy of IMG00451.JPG,conductor,1,0.1059,961.78,3595.71,2374.29,4137.43
Copy of IMG00451.JPG,conductor,1,0.1003,1577.06,3992.31,2486.38,4449.48
Copy of IMG00451.JPG,conductor,1,0.0987,13.22,4058.83,1244.54,4646.94
Copy of IMG00451.JPG,conductor,1,0.0984,2066.92,3780.31,2935.05,4243.04
Copy of IMG00451.JPG,conductor,1,0.0977,2748.35,3513.53,3371.05,3942.69
Copy of IMG00451.JPG,conductor,1,0.0969,1.45,5389.9,369.27,6157.82
Copy of IMG00451.JPG,conductor,1,0.0929,1917.62,4337.95,2876.65,4941.02
Copy of IMG00451.JPG,conductor,1,0.0905,2037.74,4255.31,3118.29,4947.28
Copy of IMG00451.JPG,conductor,1,0.0844,1710.09,3960.06,2539.26,4410.09
Copy of IMG00451.JPG,conductor,1,0.0841,3032.42,3766.69,3841.76,4299.59
Copy of IMG00451.JPG,conductor,1,0.0835,999.25,4296.45,1867.12,4782.17
Copy of IMG00451.JPG,conductor,1,0.0734,1636.91,3438.99,2714.33,3880.72
Copy of IMG00451.JPG,insulator,2,0.0734,5018.34,604.97,5298.51,925.27
Copy of IMG00451.JPG,conductor,1,0.0728,2612.89,3008.57,3529.77,3455.45
Copy of IMG00451.JPG,conductor,1,0.0711,5.56,4817.38,818.98,5327.24
Copy of IMG00451.JPG,conductor,1,0.0707,878.12,4875.93,1728.41,5411.85
Copy of IMG00451.JPG,conductor,1,0.0688,775.88,3792.27,2001.67,4288.9
Copy of IMG00451.JPG,conductor,1,0.0688,119.38,4696.72,998.78,5233.68
Copy of IMG00451.JPG,conductor,1,0.0686,0.35,4386.08,596.42,4892.19
Copy of IMG00451.JPG,conductor,1,0.0683,432.03,5039.54,1409.41,5677.34
Copy of IMG00451.JPG,conductor,1,0.0678,1419.11,4084.14,2276.97,4519.53
Copy of IMG00451.JPG,conductor,1,0.0657,0.05,4430.52,435.35,4930.91
Copy of IMG00451.JPG,conductor,1,0.0631,3745.08,3410.48,4370.65,3898.34
Copy of IMG00451.JPG,conductor,1,0.063,774.08,4414.64,1618.92,4902.27
Copy of IMG00451.JPG,conductor,1,0.0628,2582.33,4006.54,3421.71,4762.63
Copy of IMG00451.JPG,conductor,1,0.0608,1.45,4313.49,737.28,4812.84
Copy of IMG00451.JPG,conductor,1,0.0595,3.38,4751.09,453.75,5344.73
Copy of IMG00451.JPG,conductor,1,0.059,3185.1,3260.84,3866.11,3660.77
Copy of IMG00451.JPG,conductor,1,0.0578,1816.68,3385.37,2840.15,3845.27
Copy of IMG00451.JPG,conductor,1,0.0578,2912.1,2986.52,3779.44,3447.16
Copy of IMG00451.JPG,conductor,1,0.0564,2925.3,3461.03,3526.21,3839.97
Copy of IMG00451.JPG,conductor,1,0.0555,1338.72,4516.6,2511.09,5224.89
Copy of IMG00451.JPG,conductor,1,0.055,2721.7,3923.17,3539.72,4616.87
Copy of IMG00451.JPG,conductor,1,0.0546,67.56,5231.11,1071.93,5881.02
Copy of IMG00451.JPG,conductor,1,0.054,1173.68,3571.6,2519.92,4077.15
Copy of IMG00451.JPG,conductor,1,0.0532,0.0,4917.36,367.5,5437.07
Copy of IMG00451.JPG,conductor,1,0.0527,3373.82,3174.42,4045.73,3547.68
Copy of IMG00451.JPG,conductor,1,0.0513,1334.18,3515.84,2537.43,3976.77
Copy of IMG00451.JPG,insulator,2,0.0513,6509.51,1644.25,6794.1,1964.96
Copy of IMG00451.JPG,conductor,1,0.0508,880.88,4331.6,1785.88,4843.84
Copy of IMG00451.JPG,conductor,1,0.0503,1918.14,3295.92,2944.9,3810.02
Copy of IMG00451.JPG,conductor,1,0.0501,3501.55,3435.81,4217.66,3954.88
Copy of IMG00094.JPG,pylon,0,0.7187,4638.16,3120.78,5196.84,6170.92
Copy of IMG00094.JPG,insulator,2,0.6557,5129.96,2953.57,5404.43,3198.62
Copy of IMG00094.JPG,insulator,2,0.4775,4572.38,2944.12,4820.92,3185.71
Copy of IMG00094.JPG,insulator,2,0.3312,4834.15,2686.77,5120.74,2914.52
Copy of IMG00094.JPG,conductor,1,0.1618,1246.13,331.61,4606.8,996.57
Copy of IMG00094.JPG,conductor,1,0.1008,5213.09,1436.75,9455.31,2177.66
Copy of IMG00094.JPG,conductor,1,0.0649,1318.24,386.14,3799.29,1034.57
Copy of IMG00385.JPG,insulator,2,0.693,3691.98,2896.61,3962.87,3117.01
Copy of IMG00385.JPG,conductor,1,0.6205,6434.56,5717.19,7122.58,6293.31
Copy of IMG00385.JPG,pylon,0,0.5614,3705.25,3321.87,3986.7,5805.81
Copy of IMG00385.JPG,insulator,2,0.4402,3973.49,3084.57,4214.18,3328.16
Copy of IMG00385.JPG,conductor,1,0.3861,4663.52,3594.94,5638.01,4185.0
Copy of IMG00385.JPG,conductor,1,0.3682,4437.32,3979.09,5049.31,4640.44
Copy of IMG00385.JPG,conductor,1,0.3613,7275.77,5668.11,8077.7,6261.38
Copy of IMG00385.JPG,conductor,1,0.348,7864.78,5293.44,8681.43,5803.97
Copy of IMG00385.JPG,insulator,2,0.3459,3492.84,3174.63,3721.45,3431.36
Copy of IMG00385.JPG,conductor,1,0.3175,8382.06,5639.74,9069.08,6189.55
Copy of IMG00385.JPG,conductor,1,0.3142,4814.35,4421.0,5556.43,5051.82
Copy of IMG00385.JPG,conductor,1,0.2953,4295.78,3279.99,4937.44,3787.69
Copy of IMG00385.JPG,conductor,1,0.2638,5790.01,4523.53,6530.57,5029.35
Copy of IMG00385.JPG,pylon,0,0.2524,3688.71,3412.45,4048.92,6336.0
Copy of IMG00385.JPG,conductor,1,0.2463,5938.68,5314.69,6626.33,5895.43
Copy of IMG00385.JPG,conductor,1,0.2435,5853.53,5208.92,6574.73,5828.61
Copy of IMG00385.JPG,conductor,1,0.2378,5848.19,4582.98,6580.13,5106.11
Copy of IMG00385.JPG,conductor,1,0.2264,5271.41,4795.28,5982.82,5381.56
Copy of IMG00385.JPG,conductor,1,0.2187,7044.34,4763.45,8111.68,5362.85
Copy of IMG00385.JPG,conductor,1,0.2136,7080.29,5493.01,7943.98,6189.09
Copy of IMG00385.JPG,conductor,1,0.2084,6330.81,4949.1,7050.57,5477.38
Copy of IMG00385.JPG,conductor,1,0.2066,7778.6,5216.08,8536.99,5763.91
Copy of IMG00385.JPG,conductor,1,0.1968,3985.15,3621.02,4407.88,4098.46
Copy of IMG00385.JPG,conductor,1,0.1841,6997.12,5417.61,7808.11,6092.07
Copy of IMG00385.JPG,conductor,1,0.1773,7529.27,5811.19,8138.05,6281.61
Copy of IMG00385.JPG,conductor,1,0.1761,6261.52,4896.37,6965.31,5407.41
Copy of IMG00385.JPG,conductor,1,0.1617,6912.25,5358.07,7614.78,5895.34
Copy of IMG00385.JPG,conductor,1,0.1569,6714.56,5226.14,7425.73,5768.13
Copy of IMG00385.JPG,conductor,1,0.1454,6332.12,5598.59,7042.05,6264.85
Copy of IMG00385.JPG,conductor,1,0.1363,8329.93,5569.74,9009.38,6119.85
Copy of IMG00385.JPG,conductor,1,0.1346,6558.18,5125.74,7273.86,5640.38
Copy of IMG00385.JPG,conductor,1,0.1298,5137.17,3937.45,5833.9,4516.98
Copy of IMG00385.JPG,conductor,1,0.1236,3973.48,3597.58,4316.62,4073.54
Copy of IMG00385.JPG,conductor,1,0.1232,8616.91,5832.96,9208.99,6282.54
Copy of IMG00385.JPG,conductor,1,0.12,6635.55,5180.7,7344.37,5707.24
Copy of IMG00385.JPG,conductor,1,0.1182,8474.33,5724.47,9176.79,6258.09
Copy of IMG00385.JPG,conductor,1,0.118,4244.6,3269.79,4794.14,3690.05
Copy of IMG00385.JPG,conductor,1,0.1121,8821.85,4946.56,9502.04,5532.68
Copy of IMG00385.JPG,conductor,1,0.1116,5168.81,4698.41,5918.11,5341.64
Copy of IMG00385.JPG,conductor,1,0.1075,6931.28,5379.61,7734.28,5989.93
Copy of IMG00385.JPG,conductor,1,0.1062,6230.56,5519.91,6968.87,6236.39
Copy of IMG00385.JPG,conductor,1,0.1036,4777.04,4333.75,5507.1,4978.82
Copy of IMG00385.JPG,conductor,1,0.1035,8208.15,5505.0,8963.76,6105.3
Copy of IMG00385.JPG,conductor,1,0.1033,6189.47,4840.57,6905.4,5362.27
Copy of IMG00385.JPG,conductor,1,0.1012,6434.59,5047.03,7192.98,5584.94
Copy of IMG00385.JPG,conductor,1,0.0969,5957.49,5347.43,6708.08,6001.69
Copy of IMG00385.JPG,conductor,1,0.095,6088.19,4791.76,6830.39,5307.14
Copy of IMG00385.JPG,conductor,1,0.0844,5626.19,5038.7,6387.86,5676.02
Copy of IMG00385.JPG,conductor,1,0.0818,4337.2,3327.21,5120.0,3904.59
Copy of IMG00385.JPG,conductor,1,0.079,5931.55,4668.68,6727.79,5227.77
Copy of IMG00385.JPG,conductor,1,0.078,8801.59,4904.22,9493.15,5396.38
Copy of IMG00385.JPG,conductor,1,0.0772,6509.46,5041.97,7134.82,5493.36
Copy of IMG00385.JPG,conductor,1,0.076,5312.01,4855.24,6049.38,5481.86
Copy of IMG00385.JPG,conductor,1,0.0759,6064.08,5401.92,6764.65,6100.71
Copy of IMG00385.JPG,conductor,1,0.0747,4837.04,4505.32,5694.41,5117.75
Copy of IMG00385.JPG,conductor,1,0.0743,4677.39,3206.21,9452.45,4042.49
Copy of IMG00385.JPG,conductor,1,0.069,6656.38,4553.45,7870.76,5213.34
Copy of IMG00385.JPG,conductor,1,0.0686,6144.42,5470.85,6847.6,6169.23
Copy of IMG00385.JPG,conductor,1,0.0678,7972.99,5379.4,8855.33,5951.22
Copy of IMG00385.JPG,conductor,1,0.0673,3278.14,3525.13,3644.04,4055.84
Copy of IMG00385.JPG,conductor,1,0.0666,6637.1,4550.0,7629.43,5083.89
Copy of IMG00385.JPG,conductor,1,0.0659,4991.4,4623.25,5886.79,5302.17
Copy of IMG00385.JPG,conductor,1,0.0656,9016.85,5059.54,9504.0,5664.9
Copy of IMG00385.JPG,conductor,1,0.0655,3211.92,3508.57,3603.57,4098.87
Copy of IMG00385.JPG,conductor,1,0.0648,6786.91,4647.44,8045.86,5329.89
Copy of IMG00385.JPG,conductor,1,0.0645,4891.28,4547.37,5799.03,5211.01
Copy of IMG00385.JPG,conductor,1,0.0639,6793.89,5290.2,7498.34,5827.14
Copy of IMG00385.JPG,conductor,1,0.0613,8723.67,5933.21,9268.32,6295.83
Copy of IMG00385.JPG,conductor,1,0.06,7600.58,5091.75,8405.69,5653.43
Copy of IMG00385.JPG,conductor,1,0.06,4511.47,3459.07,5422.21,4044.61
Copy of IMG00385.JPG,conductor,1,0.0594,5080.75,3836.88,5794.74,4462.29
Copy of IMG00385.JPG,conductor,1,0.0588,5675.16,5098.79,6502.84,5785.4
Copy of IMG00385.JPG,conductor,1,0.057,4611.93,3539.64,5472.51,4157.88
Copy of IMG00385.JPG,conductor,1,0.0565,9174.65,5136.71,9504.0,5756.03
Copy of IMG00389.JPG,insulator,2,0.5944,4947.02,3120.37,5344.94,3524.73
Copy of IMG00389.JPG,insulator,2,0.5732,3378.59,2782.65,3790.44,3103.23
Copy of IMG00389.JPG,pylon,0,0.4503,4127.53,3187.89,4541.22,5122.85
Copy of IMG00389.JPG,conductor,1,0.3587,4401.73,4255.46,4909.55,4972.6
Copy of IMG00389.JPG,insulator,2,0.2872,4223.2,2674.31,4596.46,2977.53
Copy of IMG00389.JPG,conductor,1,0.279,4789.94,3538.86,5120.95,4083.57
Copy of IMG00389.JPG,conductor,1,0.2247,3775.77,3678.48,4135.7,4324.61
Copy of IMG00389.JPG,conductor,1,0.1923,2409.5,4392.22,3221.22,5266.58
Copy of IMG00389.JPG,conductor,1,0.1831,4712.76,3603.94,5100.06,4213.98
Copy of IMG00389.JPG,conductor,1,0.1707,3711.06,3815.34,4097.91,4476.96
Copy of IMG00389.JPG,conductor,1,0.1669,4571.68,3732.6,5033.64,4522.81
Copy of IMG00389.JPG,conductor,1,0.1535,4391.48,4112.97,4985.67,4930.21
Copy of IMG00389.JPG,conductor,1,0.147,3836.55,3618.49,4167.93,4179.53
Copy of IMG00389.JPG,conductor,1,0.1395,4514.09,3769.49,5033.18,4758.13
Copy of IMG00389.JPG,conductor,1,0.1326,4655.46,3683.82,5039.9,4274.39
Copy of IMG00389.JPG,insulator,2,0.1254,4100.2,3064.4,4320.04,3336.01
Copy of IMG00389.JPG,conductor,1,0.1163,3019.11,4846.73,3985.83,6213.48
Copy of IMG00389.JPG,conductor,1,0.1024,4594.0,3666.05,5073.03,4373.7
Copy of IMG00389.JPG,conductor,1,0.0997,2334.07,5405.44,2827.76,6092.02
Copy of IMG00389.JPG,conductor,1,0.0781,3880.9,3559.2,4181.41,4097.39
Copy of IMG00389.JPG,conductor,1,0.0745,3467.83,3353.92,3853.47,3676.35
Copy of IMG00389.JPG,conductor,1,0.0558,3944.1,5566.44,4523.3,6257.3
Copy of IMG00389.JPG,insulator,2,0.0544,4261.07,5206.57,4669.44,5677.99
Copy of IMG00389.JPG,conductor,1,0.0526,4416.26,4404.74,4839.06,5027.52
Copy of IMG00389.JPG,conductor,1,0.0511,3272.72,3299.35,3595.05,3658.73
Copy of IMG00071.JPG,pylon,0,0.5614,4532.27,3272.73,5104.33,6126.45
Copy of IMG00071.JPG,insulator,2,0.5325,4833.16,2148.56,5160.83,2423.61
Copy of IMG00071.JPG,insulator,2,0.432,5169.85,2411.85,5505.9,2751.08
Copy of IMG00071.JPG,conductor,1,0.4094,5873.94,2881.99,7104.34,3486.75
Copy of IMG00071.JPG,conductor,1,0.3666,5712.53,2771.41,6871.15,3409.17
Copy of IMG00071.JPG,conductor,1,0.3618,5941.74,3526.05,6918.68,4157.65
Copy of IMG00071.JPG,conductor,1,0.3422,5779.59,3445.04,6788.07,4101.14
Copy of IMG00071.JPG,conductor,1,0.3165,0.0,2708.63,4158.71,3324.93
Copy of IMG00071.JPG,conductor,1,0.2355,5695.41,2726.33,6669.54,3270.1
Copy of IMG00071.JPG,conductor,1,0.2169,8751.93,5377.29,9504.0,6133.75
Copy of IMG00071.JPG,insulator,2,0.2135,4557.79,3171.35,4832.67,3394.41
Copy of IMG00071.JPG,conductor,1,0.2115,5558.61,3311.58,6528.68,3947.88
Copy of IMG00071.JPG,insulator,2,0.2077,4452.47,2708.76,4803.78,3204.93
Copy of IMG00071.JPG,conductor,1,0.2003,5662.45,2628.66,6453.01,3199.67
Copy of IMG00071.JPG,insulator,2,0.1913,4462.32,2463.15,4761.47,2763.54
Copy of IMG00071.JPG,conductor,1,0.1599,5637.11,3376.63,6696.43,4018.37
Copy of IMG00071.JPG,conductor,1,0.1477,8179.04,4546.39,9502.43,5158.09
Copy of IMG00071.JPG,insulator,2,0.1237,4787.91,2092.47,5140.54,2399.35
Copy of IMG00071.JPG,conductor,1,0.0985,6047.89,2971.29,7380.54,3652.21
Copy of IMG00071.JPG,conductor,1,0.0982,667.67,2580.6,4216.47,3146.64
Copy of IMG00071.JPG,conductor,1,0.0961,0.0,2668.78,5086.81,3276.31
Copy of IMG00071.JPG,conductor,1,0.0914,5955.96,3619.7,7046.86,4259.11
Copy of IMG00071.JPG,conductor,1,0.0899,8173.45,5089.05,9340.15,5674.75
Copy of IMG00071.JPG,conductor,1,0.0808,6678.91,3994.98,7706.44,4598.06
Copy of IMG00071.JPG,conductor,1,0.0684,8499.9,5298.95,9499.69,5960.15
Copy of IMG00071.JPG,conductor,1,0.0683,8313.68,5147.81,9431.39,5819.68
Copy of IMG00071.JPG,conductor,1,0.0678,53.24,2877.77,4221.0,3544.67
Copy of IMG00071.JPG,insulator,2,0.0651,4461.38,2601.61,4807.55,3115.75
Copy of IMG00071.JPG,conductor,1,0.0524,6718.57,3379.18,8119.68,4003.46
Copy of IMG00071.JPG,insulator,2,0.0504,4469.55,2833.75,4823.36,3230.54
Copy of IMG00071.JPG,conductor,1,0.0501,6637.94,3347.66,7912.34,3923.84
Copy of IMG03395.JPG,insulator,2,0.9674,2458.83,2847.13,2857.37,3197.74
Copy of IMG03395.JPG,insulator,2,0.9249,3680.72,2056.06,4021.9,2415.45
Copy of IMG03395.JPG,insulator,2,0.885,3058.54,3468.1,3458.3,3863.28
Copy of IMG03395.JPG,pylon,0,0.8249,4369.37,3205.09,5209.26,6263.92
Copy of IMG03395.JPG,insulator,2,0.808,4836.06,1349.35,5168.49,1690.45
Copy of IMG03395.JPG,pylon,0,0.7837,3444.96,3359.36,4265.76,6265.23
Copy of IMG03395.JPG,insulator,2,0.782,5441.48,1899.55,5837.62,2288.72
Copy of IMG03395.JPG,conductor,1,0.6927,5326.64,3690.61,6664.35,5051.03
Copy of IMG03395.JPG,conductor,1,0.6543,6349.6,5007.63,7774.11,6180.38
Copy of IMG03395.JPG,conductor,1,0.6046,5975.42,59.9,7015.0,704.87
Copy of IMG03395.JPG,conductor,1,0.5739,4028.04,771.6,4835.27,1347.57
Copy of IMG03395.JPG,conductor,1,0.5209,6055.42,2488.32,7092.73,3513.04
Copy of IMG03395.JPG,conductor,1,0.5193,6872.45,275.89,8547.54,1435.15
Copy of IMG03395.JPG,conductor,1,0.4517,2780.04,1425.67,3685.08,2026.77
Copy of IMG03395.JPG,insulator,2,0.3964,4320.42,2702.45,4647.95,3051.26
Copy of IMG03395.JPG,conductor,1,0.2751,6847.95,3434.26,7936.17,4093.01
Copy of IMG03395.JPG,conductor,1,0.2402,8841.22,5165.26,9501.76,5913.89
Copy of IMG03395.JPG,conductor,1,0.2277,6356.18,1415.54,7504.91,2110.87
Copy of IMG03395.JPG,conductor,1,0.226,5233.51,3541.85,5961.54,4493.59
Copy of IMG03395.JPG,conductor,1,0.1851,8780.08,136.85,9502.6,1041.43
Copy of IMG03395.JPG,conductor,1,0.1839,8074.88,4671.89,9462.53,5594.33
Copy of IMG03395.JPG,conductor,1,0.1755,6251.2,4817.51,7650.48,5961.92
Copy of IMG03395.JPG,conductor,1,0.1645,1427.5,74.83,2590.92,1083.77
Copy of IMG03395.JPG,conductor,1,0.1556,8768.94,5065.96,9503.86,5811.99
Copy of IMG03395.JPG,conductor,1,0.1327,8301.18,8.28,9150.02,475.2
Copy of IMG03395.JPG,conductor,1,0.1184,7076.29,3830.27,8306.05,4632.83
Copy of IMG03395.JPG,conductor,1,0.0967,4821.85,452.05,5817.61,1157.75
Copy of IMG03395.JPG,conductor,1,0.0938,3126.05,43.12,3819.87,685.38
Copy of IMG03395.JPG,conductor,1,0.0883,3186.76,73.06,4205.53,988.44
Copy of IMG03395.JPG,conductor,1,0.088,5928.07,71.67,6839.03,625.96
Copy of IMG03395.JPG,conductor,1,0.0832,8120.41,4830.71,9500.71,5731.38
Copy of IMG03395.JPG,conductor,1,0.0816,1.41,139.57,372.83,575.88
Copy of IMG03395.JPG,insulator,2,0.08,2.76,745.1,468.86,1297.49
Copy of IMG03395.JPG,conductor,1,0.0792,6181.51,4718.83,7525.7,5754.44
Copy of IMG03395.JPG,conductor,1,0.0786,6990.15,3531.99,8219.9,4422.09
Copy of IMG03395.JPG,conductor,1,0.0783,5619.7,995.25,6654.55,1676.35
Copy of IMG03395.JPG,conductor,1,0.0774,9050.71,5378.31,9504.0,5953.21
Copy of IMG03395.JPG,conductor,1,0.0768,5498.87,918.43,6575.87,1550.22
Copy of IMG03395.JPG,conductor,1,0.0767,4676.31,278.24,5763.53,1119.15
Copy of IMG03395.JPG,conductor,1,0.0759,8535.09,4965.62,9504.0,5664.46
Copy of IMG03395.JPG,conductor,1,0.0739,3152.31,51.27,3970.16,856.04
Copy of IMG03395.JPG,conductor,1,0.0717,8338.3,1125.27,9502.19,2172.72
Copy of IMG03395.JPG,conductor,1,0.071,8315.88,7.44,9241.41,699.95
Copy of IMG03395.JPG,conductor,1,0.0697,6871.66,1984.74,8121.85,2733.76
Copy of IMG03395.JPG,conductor,1,0.0691,1442.51,1652.83,2245.37,2637.99
Copy of IMG03395.JPG,conductor,1,0.0687,4574.49,224.27,5688.76,995.82
Copy of IMG03395.JPG,conductor,1,0.0671,7257.05,3953.99,9462.71,5393.15
Copy of IMG03395.JPG,insulator,2,0.0668,3497.86,2859.16,3840.07,3154.43
Copy of IMG03395.JPG,conductor,1,0.0661,4378.49,118.25,5511.27,869.34
Copy of IMG03395.JPG,conductor,1,0.0647,4.24,244.5,506.16,633.48
Copy of IMG03395.JPG,conductor,1,0.0627,5671.12,4338.76,7015.17,5225.14
Copy of IMG03395.JPG,conductor,1,0.0619,6007.6,4561.26,7283.25,5440.21
Copy of IMG03395.JPG,insulator,2,0.0601,4807.47,1945.05,5020.96,2150.67
Copy of IMG03395.JPG,conductor,1,0.0592,6399.47,3354.41,7916.02,4085.33
Copy of IMG03395.JPG,conductor,1,0.0584,8951.36,5299.02,9503.77,5913.52
Copy of IMG03395.JPG,conductor,1,0.0571,7153.82,3925.62,8817.38,4816.83
Copy of IMG03395.JPG,conductor,1,0.0561,6483.78,5264.02,7898.52,6259.24
Copy of IMG03395.JPG,conductor,1,0.0554,5891.88,4518.82,7089.06,5325.8
Copy of IMG03395.JPG,conductor,1,0.0526,8702.98,116.65,9488.13,732.47
Copy of IMG03395.JPG,insulator,2,0.0515,4748.16,2067.5,5045.33,2266.06
Copy of IMG03395.JPG,conductor,1,0.0507,1.13,53.88,189.96,450.45
Copy of IMG00029.JPG,insulator,2,0.8384,5609.86,1099.21,5861.92,1339.48
Copy of IMG00029.JPG,insulator,2,0.544,4494.71,1140.61,4698.23,1320.98
Copy of IMG00029.JPG,insulator,2,0.5094,4088.8,1120.97,4352.89,1365.53
Copy of IMG00029.JPG,insulator,2,0.4892,4773.3,768.69,5060.7,1040.3
Copy of IMG00029.JPG,insulator,2,0.4216,5553.88,845.46,5782.1,1053.18
Copy of IMG00029.JPG,pylon,0,0.4136,4678.03,1373.81,5163.38,6231.04
Copy of IMG00029.JPG,insulator,2,0.4035,4865.92,1148.57,5105.75,1352.27
Copy of IMG00029.JPG,insulator,2,0.2208,4032.2,825.07,4291.09,1073.59
Copy of IMG00029.JPG,conductor,1,0.2146,2676.1,3928.3,4442.65,6230.8
Copy of IMG00029.JPG,insulator,2,0.1774,4061.77,1104.97,4313.53,1313.29
Copy of IMG00029.JPG,pylon,0,0.1591,4711.33,1473.68,5111.43,5134.7
Copy of IMG00029.JPG,insulator,2,0.1226,4431.16,1131.54,4692.85,1324.83
Copy of IMG00029.JPG,conductor,1,0.1196,7755.95,3055.74,8682.04,3589.48
Copy of IMG00029.JPG,conductor,1,0.0826,8926.71,4016.12,9503.97,5091.93
Copy of IMG00029.JPG,conductor,1,0.0686,8651.42,3849.69,9501.31,4825.51
Copy of IMG00029.JPG,conductor,1,0.0651,8373.64,3749.28,9461.71,4361.07
Copy of IMG00029.JPG,conductor,1,0.0589,8612.02,3850.99,9424.54,4400.22
Copy of IMG00029.JPG,conductor,1,0.0572,7911.13,3213.38,8579.47,3558.71
Copy of IMG00029.JPG,conductor,1,0.0549,7794.05,3122.03,8567.38,3548.9
Copy of IMG00082.JPG,insulator,2,0.8998,3177.05,3046.82,3722.81,3535.99
Copy of IMG00082.JPG,insulator,2,0.8698,4624.39,4162.5,5015.53,4557.13
Copy of IMG00082.JPG,pylon,0,0.844,4229.44,4489.71,4906.7,6274.63
Copy of IMG00082.JPG,insulator,2,0.8376,3835.46,3516.25,4353.47,3960.93
Copy of IMG00082.JPG,insulator,2,0.8199,5801.79,3533.88,6334.2,4020.98
Copy of IMG00082.JPG,insulator,2,0.7003,4208.59,2286.61,4616.3,2645.83
Copy of IMG00082.JPG,conductor,1,0.6831,7250.66,2566.67,8542.57,3276.05
Copy of IMG00082.JPG,conductor,1,0.6733,5627.5,1801.72,6871.83,2432.86
Copy of IMG00082.JPG,conductor,1,0.6153,1804.25,3380.74,3061.84,4000.1
Copy of IMG00082.JPG,conductor,1,0.5992,6449.3,3058.41,7506.26,3683.06
Copy of IMG00082.JPG,conductor,1,0.5876,2169.35,3992.48,3509.64,4670.82
Copy of IMG00082.JPG,conductor,1,0.5019,993.37,5551.62,2026.5,6160.4
Copy of IMG00082.JPG,insulator,2,0.4585,4526.3,2572.51,4883.24,2867.71
Copy of IMG00082.JPG,conductor,1,0.4527,2299.32,4794.59,3717.76,5570.25
Copy of IMG00082.JPG,insulator,2,0.4304,4898.89,2311.65,5333.31,2689.14
Copy of IMG00082.JPG,conductor,1,0.426,1.18,4476.58,519.83,5061.46
Copy of IMG00082.JPG,insulator,2,0.4138,5174.52,3019.05,5616.77,3363.05
Copy of IMG00082.JPG,conductor,1,0.4027,294.86,3969.84,1836.23,4613.49
Copy of IMG00082.JPG,conductor,1,0.3584,837.44,3666.95,2236.33,4345.04
Copy of IMG00082.JPG,conductor,1,0.357,864.93,4605.2,2124.14,5277.74
Copy of IMG00082.JPG,insulator,2,0.3449,5252.6,2480.63,5692.64,2903.16
Copy of IMG00082.JPG,conductor,1,0.309,283.57,4029.75,1548.84,4668.66
Copy of IMG00082.JPG,insulator,2,0.3074,4587.14,2022.57,5042.9,2455.28
Copy of IMG00082.JPG,conductor,1,0.2705,8295.0,2050.75,9499.16,2747.03
Copy of IMG00082.JPG,conductor,1,0.2703,196.2,4966.27,1161.28,5546.07
Copy of IMG00082.JPG,conductor,1,0.2689,2269.58,3928.69,3630.87,4595.62
Copy of IMG00082.JPG,conductor,1,0.2538,399.25,3764.38,2127.15,4486.04
Copy of IMG00082.JPG,conductor,1,0.2311,5851.39,2460.71,7071.8,3131.84
Copy of IMG00082.JPG,conductor,1,0.2268,1043.06,5378.78,2416.16,6127.42
Copy of IMG00082.JPG,conductor,1,0.2241,6821.1,2007.09,8039.1,2657.93
Copy of IMG00082.JPG,conductor,1,0.2159,8229.31,2148.02,9411.61,2833.0
Copy of IMG00082.JPG,conductor,1,0.2078,1596.93,5164.0,2929.95,5917.42
Copy of IMG00082.JPG,conductor,1,0.2046,8647.95,1978.29,9503.86,2648.21
Copy of IMG00082.JPG,conductor,1,0.1829,6845.04,1907.16,8210.72,2560.53
Copy of IMG00082.JPG,conductor,1,0.1729,2.06,5103.84,880.58,5774.62
Copy of IMG00082.JPG,conductor,1,0.1706,1148.56,4454.64,2378.52,5103.79
Copy of IMG00082.JPG,conductor,1,0.1705,2648.52,4656.29,4026.16,5449.61
Copy of IMG00082.JPG,conductor,1,0.1647,1464.84,4424.36,2462.31,5028.82
Copy of IMG00082.JPG,conductor,1,0.1581,1.21,5324.92,510.43,5955.57
Copy of IMG00082.JPG,conductor,1,0.1407,7378.53,1776.71,8451.68,2402.49
Copy of IMG00082.JPG,conductor,1,0.1384,3119.84,4543.24,4218.19,5186.91
Copy of IMG00082.JPG,insulator,2,0.1365,4886.64,2769.7,5207.07,3069.58
Copy of IMG00082.JPG,conductor,1,0.1338,2520.97,3865.13,3723.04,4427.36
Copy of IMG00082.JPG,conductor,1,0.1333,7096.75,1839.05,8358.94,2483.12
Copy of IMG00082.JPG,conductor,1,0.1284,35.78,5042.77,1040.1,5632.65
Copy of IMG00082.JPG,conductor,1,0.1242,2749.58,3852.24,3758.0,4329.55
Copy of IMG00082.JPG,conductor,1,0.1171,2989.68,4594.42,4104.67,5291.9
Copy of IMG00082.JPG,conductor,1,0.1154,0.0,4432.76,747.55,4933.52
Copy of IMG00082.JPG,conductor,1,0.1142,0.95,5226.72,630.13,5884.26
Copy of IMG00082.JPG,conductor,1,0.0993,662.04,4660.63,1912.9,5354.69
Copy of IMG00082.JPG,conductor,1,0.0986,3099.27,3811.88,3784.21,4273.87
Copy of IMG00082.JPG,conductor,1,0.0961,8521.0,1315.26,9428.96,1880.79
Copy of IMG00082.JPG,conductor,1,0.0907,2072.39,4074.2,3344.77,4737.37
Copy of IMG00082.JPG,conductor,1,0.0905,0.83,4499.1,335.66,5090.24
Copy of IMG00082.JPG,conductor,1,0.0898,6253.3,2324.01,7265.99,2929.4
Copy of IMG00082.JPG,conductor,1,0.0872,8781.07,1883.22,9502.06,2556.15
Copy of IMG00082.JPG,conductor,1,0.0851,1431.09,4361.61,2647.43,4940.67
Copy of IMG00082.JPG,conductor,1,0.082,949.62,3562.18,2419.89,4294.39
Copy of IMG00082.JPG,conductor,1,0.0798,6318.14,1269.92,7886.49,2019.61
Copy of IMG00082.JPG,conductor,1,0.0797,7072.79,2654.39,8362.95,3370.08
Copy of IMG00082.JPG,conductor,1,0.0787,242.92,4103.41,1275.85,4721.84
Copy of IMG00082.JPG,conductor,1,0.0742,7711.79,1655.68,8705.83,2249.68
Copy of IMG00082.JPG,conductor,1,0.0713,7487.85,1710.67,8581.02,2306.74
Copy of IMG00082.JPG,conductor,1,0.0707,1219.12,5257.05,2688.14,6037.72
Copy of IMG00082.JPG,conductor,1,0.0705,575.21,5911.41,1301.06,6303.87
Copy of IMG00082.JPG,conductor,1,0.0702,951.77,4563.15,2288.85,5173.95
Copy of IMG00082.JPG,conductor,1,0.0677,6427.83,1201.62,8110.13,1953.04
Copy of IMG00082.JPG,conductor,1,0.0676,6488.86,2086.95,7797.19,2734.01
Copy of IMG00082.JPG,conductor,1,0.0649,234.36,4914.17,1330.62,5461.34
Copy of IMG00082.JPG,conductor,1,0.0625,1755.71,4211.94,2972.37,4866.53
Copy of IMG00082.JPG,conductor,1,0.0611,8061.05,2209.71,9176.52,2901.21
Copy of IMG00082.JPG,conductor,1,0.0589,1123.57,3459.79,2996.92,4213.7
Copy of IMG00082.JPG,conductor,1,0.0568,2022.54,4144.3,3131.99,4714.05
Copy of IMG00082.JPG,conductor,1,0.0567,764.42,5629.04,1959.8,6249.98
Copy of IMG00082.JPG,conductor,1,0.0564,2067.3,4903.32,3498.11,5651.66
Copy of IMG00082.JPG,conductor,1,0.0517,1.44,3603.88,537.88,4222.15
Copy of IMG00082.JPG,conductor,1,0.0516,6377.05,2211.6,7507.35,2843.53
Copy of IMG00128.JPG,pylon,0,0.8144,3606.94,2274.73,4449.87,5478.71
Copy of IMG00128.JPG,insulator,2,0.7952,3719.32,884.41,4031.36,1178.25
Copy of IMG00128.JPG,insulator,2,0.7628,3116.89,1150.13,3492.07,1515.17
Copy of IMG00128.JPG,conductor,1,0.7197,3.77,1765.33,1714.38,3426.47
Copy of IMG00128.JPG,insulator,2,0.7126,4624.02,1629.7,5022.85,1984.09
Copy of IMG00128.JPG,insulator,2,0.6935,2914.06,1654.9,3321.26,2008.02
Copy of IMG00128.JPG,insulator,2,0.6792,4205.11,2062.55,4582.82,2342.26
Copy of IMG00128.JPG,conductor,1,0.6525,5809.0,3361.79,7416.4,4770.79
Copy of IMG00128.JPG,conductor,1,0.5691,6435.86,1746.4,7873.44,2283.93
Copy of IMG00128.JPG,insulator,2,0.5451,4327.35,288.4,4706.28,597.26
Copy of IMG00128.JPG,conductor,1,0.5403,7883.62,2902.35,9354.39,3472.47
Copy of IMG00128.JPG,conductor,1,0.5113,6593.44,2347.47,7938.27,2993.37
Copy of IMG00128.JPG,conductor,1,0.4699,4688.28,4592.73,6870.57,5813.76
Copy of IMG00128.JPG,conductor,1,0.4654,5402.48,2544.78,6777.91,3224.78
Copy of IMG00128.JPG,conductor,1,0.3796,560.82,181.73,2660.41,596.52
Copy of IMG00128.JPG,conductor,1,0.3497,1162.35,675.09,3074.29,1335.39
Copy of IMG00128.JPG,insulator,2,0.3423,3980.55,108.58,4310.83,415.58
Copy of IMG00128.JPG,conductor,1,0.3409,1348.6,3176.67,2870.63,3964.46
Copy of IMG00128.JPG,conductor,1,0.3369,8594.31,2494.38,9501.72,3003.83
Copy of IMG00128.JPG,insulator,2,0.2897,4972.37,1229.47,5368.57,1521.34
Copy of IMG00128.JPG,conductor,1,0.2575,4972.83,2389.59,6260.12,2997.13
Copy of IMG00128.JPG,conductor,1,0.2449,7544.21,3337.53,8759.97,4023.41
Copy of IMG00128.JPG,conductor,1,0.2434,6767.77,2527.87,8197.99,3124.29
Copy of IMG00128.JPG,insulator,2,0.2403,3761.47,1342.73,4073.56,1631.1
Copy of IMG00128.JPG,conductor,1,0.2323,8379.07,2445.48,9504.0,2960.44
Copy of IMG00128.JPG,conductor,1,0.2291,5510.81,2015.93,6680.36,2526.87
Copy of IMG00128.JPG,insulator,2,0.2229,3836.59,81.57,4279.01,439.48
Copy of IMG00128.JPG,conductor,1,0.2202,8240.26,2349.93,9277.03,2744.26
Copy of IMG00128.JPG,conductor,1,0.2102,7019.25,2554.27,8364.3,3166.61
Copy of IMG00128.JPG,conductor,1,0.1928,6643.26,2463.17,8104.43,3050.73
Copy of IMG00128.JPG,conductor,1,0.1855,8713.2,3639.85,9500.95,4343.03
Copy of IMG00128.JPG,conductor,1,0.1761,5050.85,2460.75,6573.67,3130.14
Copy of IMG00128.JPG,insulator,2,0.1738,4265.97,347.99,4690.14,664.62
Copy of IMG00128.JPG,conductor,1,0.1723,7642.39,2210.51,8995.86,2634.45
Copy of IMG00128.JPG,insulator,2,0.1702,3796.72,87.47,4155.04,508.27
Copy of IMG00128.JPG,conductor,1,0.1537,7562.47,2151.93,8876.69,2559.16
Copy of IMG00128.JPG,conductor,1,0.1444,6595.65,2980.71,7733.63,3613.13
Copy of IMG00128.JPG,conductor,1,0.1385,6636.58,5370.82,7979.16,6277.25
Copy of IMG00128.JPG,conductor,1,0.1297,4895.05,2335.46,5951.65,2881.08
Copy of IMG00128.JPG,conductor,1,0.1292,8342.35,2396.41,9376.93,2801.83
Copy of IMG00128.JPG,conductor,1,0.1269,7694.88,2163.69,8640.14,2488.78
Copy of IMG00128.JPG,insulator,2,0.1248,4147.42,530.43,4510.19,772.94
Copy of IMG00128.JPG,conductor,1,0.1196,6517.27,2312.36,7426.09,2891.02
Copy of IMG00128.JPG,conductor,1,0.1189,2095.06,369.66,3397.39,958.83
Copy of IMG00128.JPG,conductor,1,0.1153,7705.8,2260.23,9210.24,2705.6
Copy of IMG00128.JPG,conductor,1,0.111,5499.57,1332.75,6528.62,1920.25
Copy of IMG00128.JPG,conductor,1,0.106,936.55,232.85,2612.46,578.29
Copy of IMG00128.JPG,insulator,2,0.1049,4261.57,2109.81,4681.21,2412.18
Copy of IMG00128.JPG,conductor,1,0.103,7171.22,2631.79,8520.18,3208.18
Copy of IMG00128.JPG,conductor,1,0.1014,6418.09,1746.76,7490.27,2141.12
Copy of IMG00128.JPG,conductor,1,0.1008,8232.28,2964.34,9384.95,3500.58
Copy of IMG00128.JPG,conductor,1,0.0982,541.69,236.0,3237.27,642.56
Copy of IMG00128.JPG,conductor,1,0.0975,8310.14,3006.01,9495.62,3636.16
Copy of IMG00128.JPG,conductor,1,0.0872,6337.5,5151.29,7966.03,6238.77
Copy of IMG00128.JPG,conductor,1,0.087,7827.65,2828.63,8866.87,3363.57
Copy of IMG00128.JPG,conductor,1,0.0849,4595.77,4589.22,6307.58,5600.57
Copy of IMG00128.JPG,conductor,1,0.0822,6411.09,2938.33,7665.88,3553.76
Copy of IMG00128.JPG,conductor,1,0.0782,6567.75,1815.73,8189.18,2425.05
Copy of IMG00128.JPG,conductor,1,0.078,8505.37,2478.8,9504.0,2885.59
Copy of IMG00128.JPG,conductor,1,0.0761,266.39,130.18,2498.36,552.85
Copy of IMG00128.JPG,conductor,1,0.076,6914.34,1908.89,8583.99,2477.68
Copy of IMG00128.JPG,conductor,1,0.0735,8472.92,2998.59,9444.08,3540.92
Copy of IMG00128.JPG,conductor,1,0.0733,806.67,594.58,2813.42,1176.3
Copy of IMG00128.JPG,conductor,1,0.0725,7431.47,2108.08,8517.27,2470.67
Copy of IMG00128.JPG,conductor,1,0.0695,7395.77,2074.51,8755.9,2519.33
Copy of IMG00128.JPG,conductor,1,0.0663,7719.7,2232.81,8937.57,2549.06
Copy of IMG00128.JPG,insulator,2,0.0645,3935.85,160.47,4254.11,480.65
Copy of IMG00128.JPG,conductor,1,0.0641,4937.2,4791.36,6918.07,5927.63
Copy of IMG00128.JPG,conductor,1,0.0612,8799.91,2559.16,9504.0,3045.11
Copy of IMG00128.JPG,conductor,1,0.0595,7495.43,2724.95,8687.76,3241.19
Copy of IMG00128.JPG,conductor,1,0.0591,8763.91,3116.31,9501.68,3727.87
Copy of IMG00128.JPG,conductor,1,0.0578,6735.71,2996.82,7897.45,3690.8
Copy of IMG00128.JPG,conductor,1,0.0575,8123.16,2309.75,9190.92,2677.11
Copy of IMG00128.JPG,conductor,1,0.0566,6548.46,2351.89,7668.23,2932.56
Copy of IMG00128.JPG,insulator,2,0.054,3819.3,88.75,4119.26,410.6
Copy of IMG03497.JPG,pylon,0,0.9138,1918.51,3826.89,2539.66,6298.45
Copy of IMG03497.JPG,insulator,2,0.6779,1558.14,3147.57,1828.23,3417.13
Copy of IMG03497.JPG,insulator,2,0.5635,8194.0,289.55,8463.73,550.9
Copy of IMG03497.JPG,conductor,1,0.476,7136.22,767.69,7659.35,1346.82
Copy of IMG03497.JPG,pylon,0,0.443,7960.1,989.72,8310.02,3285.81
Copy of IMG03497.JPG,insulator,2,0.3839,2831.06,3667.66,3089.48,3921.94
Copy of IMG03497.JPG,insulator,2,0.3292,8114.0,175.69,8373.14,492.86
Copy of IMG03497.JPG,insulator,2,0.2881,1735.03,3110.29,1991.12,3375.9
Copy of IMG03497.JPG,insulator,2,0.2743,8151.02,249.62,8450.86,542.82
Copy of IMG03497.JPG,insulator,2,0.2135,2257.33,3061.25,2531.47,3355.61
Copy of IMG03497.JPG,insulator,2,0.2134,763.19,1152.04,980.86,1417.01
Copy of IMG03497.JPG,conductor,1,0.1775,304.16,3712.2,1303.26,4268.75
Copy of IMG03497.JPG,insulator,2,0.1386,8337.31,766.34,8545.89,951.77
Copy of IMG03497.JPG,insulator,2,0.1293,2035.81,3037.5,2267.44,3278.52
Copy of IMG03497.JPG,insulator,2,0.121,1643.86,3149.65,1968.71,3402.19
Copy of IMG03497.JPG,insulator,2,0.114,8295.92,670.99,8489.72,842.77
Copy of IMG03497.JPG,conductor,1,0.1039,5997.18,1281.9,7200.4,1909.76
Copy of IMG03497.JPG,insulator,2,0.0986,8310.04,740.79,8512.09,913.78
Copy of IMG03497.JPG,conductor,1,0.0985,6158.01,1338.26,7135.0,1857.29
Copy of IMG03497.JPG,insulator,2,0.0945,1769.81,3040.59,1998.02,3258.67
Copy of IMG03497.JPG,conductor,1,0.0888,7891.79,999.05,8363.36,3201.11
Copy of IMG03497.JPG,conductor,1,0.0781,6202.5,1226.7,7225.21,1824.6
Copy of IMG03497.JPG,conductor,1,0.0709,555.49,4593.87,1596.4,5379.33
Copy of IMG03497.JPG,pylon_fissure,3,0.0707,2156.55,5368.74,2360.16,6281.3
Copy of IMG03497.JPG,insulator,2,0.0682,2104.11,3316.1,2327.77,3490.09
Copy of IMG03497.JPG,insulator,2,0.0674,2152.39,3090.12,2426.9,3362.54
Copy of IMG03497.JPG,insulator,2,0.0579,1822.92,3194.33,2055.32,3394.71
Copy of IMG03497.JPG,insulator,2,0.0538,1792.1,3072.55,2023.95,3335.07
Copy of IMG03497.JPG,insulator,2,0.0524,1731.04,3389.27,2016.45,3622.27
Copy of IMG03497.JPG,insulator,2,0.0511,7446.11,484.36,7649.05,750.46
Copy of IMG03497.JPG,insulator,2,0.051,2068.16,3257.21,2319.02,3422.92
Copy of IMG03497.JPG,insulator,2,0.0508,8080.81,117.16,8358.01,444.09
Copy of IMG00176.JPG,pylon,0,0.4524,4295.53,2129.75,4853.71,4971.3
Copy of IMG00176.JPG,insulator,2,0.3696,4413.88,1737.1,4627.27,1922.8
Copy of IMG00176.JPG,insulator,2,0.16,4252.72,1574.4,4454.74,1757.61
Copy of IMG00176.JPG,insulator,2,0.0928,4123.96,1913.03,4373.48,2138.98
Copy of IMG00176.JPG,conductor,1,0.0727,4782.18,3945.57,9504.0,5045.65
Copy of IMG00176.JPG,conductor,1,0.0713,4744.46,3043.69,9504.0,3680.37
Copy of IMG00176.JPG,conductor,1,0.0539,4278.06,2130.13,4734.79,5123.54
Copy of IMG00176.JPG,insulator,2,0.051,4125.12,1845.5,4396.45,2129.91
Copy of IMG00406.JPG,conductor,1,0.298,6604.3,224.21,7873.17,696.04
Copy of IMG00406.JPG,conductor,1,0.1882,8334.86,0.0,9504.0,388.52
Copy of IMG00406.JPG,conductor,1,0.1118,6166.43,82.69,6906.78,386.72
Copy of IMG00406.JPG,conductor,1,0.1026,6689.29,268.24,8005.66,823.36
Copy of IMG00406.JPG,conductor,1,0.0902,6202.17,114.69,6998.65,426.47
Copy of IMG00406.JPG,conductor,1,0.0789,8996.61,1190.03,9504.0,1869.51
Copy of IMG00406.JPG,conductor,1,0.0766,6739.74,262.62,7827.93,641.35
Copy of IMG00406.JPG,conductor,1,0.0737,8929.57,56.59,9503.41,403.38
Copy of IMG00406.JPG,conductor,1,0.0694,7880.88,737.27,9210.58,1633.35
Copy of IMG00406.JPG,conductor,1,0.0692,6034.74,11.87,6790.79,328.7
Copy of IMG00406.JPG,conductor,1,0.0648,5913.28,0.0,6748.61,285.15
Copy of IMG00406.JPG,conductor,1,0.0617,8451.98,0.0,9362.59,305.93
Copy of IMG00406.JPG,conductor,1,0.0573,8593.61,0.0,9493.26,369.64
Copy of IMG00406.JPG,conductor,1,0.0566,6489.13,201.18,7586.65,562.87
Copy of IMG00406.JPG,conductor,1,0.053,5960.8,75.8,7054.18,438.29
Copy of IMG00406.JPG,conductor,1,0.0525,7885.0,724.92,9485.57,1784.6
Copy of IMG00406.JPG,conductor,1,0.0515,7764.88,681.2,9075.62,1521.69
Copy of IMG00443.JPG,conductor,1,0.5758,3549.18,4080.87,4244.86,6240.22
Copy of IMG00443.JPG,insulator,2,0.4776,4769.14,2640.1,5012.43,2931.39
Copy of IMG00443.JPG,conductor,1,0.3719,4237.72,3010.14,4865.18,6241.31
Copy of IMG00443.JPG,conductor,1,0.3023,3897.5,5068.61,4387.31,6272.32
Copy of IMG00443.JPG,conductor,1,0.2435,4419.99,5080.36,4782.27,6272.7
Copy of IMG00443.JPG,conductor,1,0.1872,4314.93,3011.76,4856.33,4949.73
Copy of IMG00443.JPG,insulator,2,0.1831,4149.62,2602.07,4352.61,2850.02
Copy of IMG00443.JPG,conductor,1,0.1326,4475.57,4952.7,4658.2,6288.78
Copy of IMG00443.JPG,conductor,1,0.1028,3741.14,4502.97,4390.21,6271.11
Copy of IMG00443.JPG,conductor,1,0.0947,3972.92,5065.93,4298.37,6292.46
Copy of IMG00443.JPG,conductor,1,0.0855,4446.44,3811.63,4796.43,6272.74
Copy of IMG00443.JPG,conductor,1,0.0836,4462.33,4843.02,4711.49,6288.09
Copy of IMG00443.JPG,conductor,1,0.0743,3970.93,5391.19,4255.84,6285.07
Copy of IMG00443.JPG,conductor,1,0.0688,29.48,3070.82,3749.66,3665.29
Copy of IMG00443.JPG,conductor,1,0.0678,5001.58,3425.02,9500.51,4213.73
Copy of IMG00443.JPG,conductor,1,0.0601,304.85,1755.37,4799.66,2233.78
Copy of IMG00443.JPG,conductor,1,0.0533,4340.5,5070.5,4687.72,6286.56
Copy of IMG00374.JPG,insulator,2,0.6037,4396.96,1947.68,4680.43,2278.73
Copy of IMG00374.JPG,insulator,2,0.5561,3553.87,2187.85,3838.78,2488.15
Copy of IMG00374.JPG,conductor,1,0.4056,5235.72,2475.98,5518.15,3060.53
Copy of IMG00374.JPG,conductor,1,0.392,3854.31,3562.89,4460.51,6224.49
Copy of IMG00374.JPG,pylon,0,0.2872,4514.92,2423.7,5163.6,6257.33
Copy of IMG00374.JPG,insulator,2,0.2767,5265.97,2155.39,5555.21,2420.18
Copy of IMG00374.JPG,conductor,1,0.2034,3086.7,3404.8,3681.35,4955.94
Copy of IMG00374.JPG,conductor,1,0.1693,4946.88,2909.68,5399.25,3820.97
Copy of IMG00374.JPG,pylon,0,0.1656,4388.17,2445.0,4981.31,6247.59
Copy of IMG00374.JPG,pylon,0,0.1495,4475.68,2472.42,4863.27,6060.72
Copy of IMG00374.JPG,conductor,1,0.1373,4929.14,2520.3,5234.04,2956.24
Copy of IMG00374.JPG,conductor,1,0.1362,2897.04,4866.85,3375.41,6224.76
Copy of IMG00374.JPG,conductor,1,0.1243,4602.16,340.14,5046.7,1702.08
Copy of IMG00374.JPG,conductor,1,0.1242,4896.27,2996.42,5409.63,4210.92
Copy of IMG00374.JPG,conductor,1,0.123,5009.23,2717.07,5427.49,3819.53
Copy of IMG00374.JPG,conductor,1,0.1085,5138.34,2514.66,5468.21,3580.62
Copy of IMG00374.JPG,conductor,1,0.0876,3860.05,2610.28,4221.46,3105.5
Copy of IMG00374.JPG,conductor,1,0.0822,140.93,5384.85,614.87,5830.8
Copy of IMG00374.JPG,conductor,1,0.0812,3402.08,2578.01,3713.98,3012.4
Copy of IMG00374.JPG,conductor,1,0.0685,3368.31,2545.51,3678.52,2884.74
Copy of IMG00374.JPG,conductor,1,0.0674,0.5,5079.91,279.13,5620.57
Copy of IMG00374.JPG,conductor,1,0.0672,3450.92,2637.59,3739.56,3462.86
Copy of IMG00374.JPG,conductor,1,0.0656,4854.42,3123.94,5383.65,4445.83
Copy of IMG00374.JPG,conductor,1,0.0635,3855.59,2702.89,4258.58,3176.85
Copy of IMG00374.JPG,conductor,1,0.0626,4998.99,2873.16,5432.15,4083.22
Copy of IMG00374.JPG,conductor,1,0.061,2745.81,5021.92,3239.22,6239.21
Copy of IMG00374.JPG,conductor,1,0.0608,4960.63,2664.74,5369.75,3576.05
Copy of IMG00374.JPG,conductor,1,0.0602,4982.63,2450.25,5259.23,2968.51
Copy of IMG00374.JPG,conductor,1,0.0589,3482.32,2575.68,3747.58,3063.98
Copy of IMG00374.JPG,conductor,1,0.0583,4856.42,2504.36,5173.95,2949.36
Copy of IMG00374.JPG,conductor,1,0.057,3545.87,2517.65,3829.83,3032.33
Copy of IMG00374.JPG,conductor,1,0.0543,4981.82,2532.68,5353.45,3177.67
Copy of IMG00374.JPG,conductor,1,0.0541,5208.25,2509.4,5495.52,3299.89
Copy of IMG00374.JPG,conductor,1,0.0506,4916.89,2594.8,5231.03,3163.1
Copy of IMG00374.JPG,conductor,1,0.0505,4909.56,2880.74,5309.32,3646.01
Copy of IMG00170.JPG,insulator,2,0.787,4947.87,1835.0,5169.23,2062.29
Copy of IMG00170.JPG,insulator,2,0.3989,4011.39,4780.59,4541.54,5339.43
Copy of IMG00170.JPG,insulator,2,0.394,5274.98,2082.2,5501.78,2340.95
Copy of IMG00170.JPG,insulator,2,0.2679,5183.23,1734.45,5396.92,1954.4
Copy of IMG00170.JPG,conductor,1,0.185,9000.62,1701.63,9500.06,1903.33
Copy of IMG00170.JPG,insulator,2,0.18,4969.41,1813.17,5213.38,2067.66
Copy of IMG00170.JPG,insulator,2,0.152,5212.0,2055.25,5468.92,2347.51
Copy of IMG00170.JPG,conductor,1,0.0638,4322.04,2420.54,5306.16,5135.99
Copy of IMG00170.JPG,insulator,2,0.0579,5250.25,2078.75,5549.25,2365.91
Copy of IMG00170.JPG,conductor,1,0.0533,9000.92,1629.9,9502.64,1866.79
Copy of IMG00173.JPG,conductor,1,0.709,2233.68,4710.15,3843.74,6250.71
Copy of IMG00173.JPG,conductor,1,0.6725,2.74,3477.94,2977.59,4647.45
Copy of IMG00173.JPG,insulator,2,0.5812,4224.31,2926.68,4507.41,3213.29
Copy of IMG00173.JPG,insulator,2,0.5207,143.95,1766.48,547.25,2143.62
Copy of IMG00173.JPG,conductor,1,0.255,1804.05,5760.77,2487.05,6328.45
Copy of IMG00173.JPG,insulator,2,0.2363,4837.95,2967.61,5201.69,3274.28
Copy of IMG00173.JPG,conductor,1,0.2002,1724.31,2740.78,3201.69,3563.04
Copy of IMG00173.JPG,conductor,1,0.161,2795.56,5818.32,3296.04,6305.18
Copy of IMG00173.JPG,conductor,1,0.1345,8900.01,4878.45,9504.0,5629.41
Copy of IMG00173.JPG,conductor,1,0.122,2214.98,4650.9,3453.91,6175.47
Copy of IMG00173.JPG,conductor,1,0.1127,2823.09,5728.48,3378.85,6300.43
Copy of IMG00173.JPG,conductor,1,0.1017,8.81,3309.92,1737.72,4259.44
Copy of IMG00173.JPG,conductor,1,0.0945,5199.37,4728.03,6860.33,5693.79
Copy of IMG00173.JPG,insulator,2,0.0926,4713.99,2953.13,5039.73,3219.22
Copy of IMG00173.JPG,conductor,1,0.09,7867.28,5032.79,8864.7,5723.06
Copy of IMG00173.JPG,conductor,1,0.0772,2947.14,5439.55,3599.64,6239.75
Copy of IMG00173.JPG,conductor,1,0.0772,1813.96,2834.55,3515.73,3625.38
Copy of IMG00173.JPG,conductor,1,0.0736,6208.81,5092.13,7861.37,5943.19
Copy of IMG00173.JPG,conductor,1,0.073,0.0,3569.01,3601.29,5917.74
Copy of IMG00173.JPG,conductor,1,0.0707,2846.21,5617.03,3495.6,6289.18
Copy of IMG00173.JPG,insulator,2,0.0697,4862.72,2989.47,5255.14,3339.56
Copy of IMG00173.JPG,conductor,1,0.0683,235.99,3602.18,4472.72,6265.9
Copy of IMG00173.JPG,conductor,1,0.067,8710.72,4988.85,9503.56,5688.0
Copy of IMG00173.JPG,conductor,1,0.0665,874.29,3672.29,3076.81,4692.76
Copy of IMG00173.JPG,conductor,1,0.0596,8939.11,5125.92,9504.0,5899.54
Copy of IMG00173.JPG,conductor,1,0.0583,6825.07,4533.39,8028.81,5166.86
Copy of IMG00173.JPG,conductor,1,0.0565,9040.32,5234.53,9504.0,6000.81
Copy of IMG00173.JPG,conductor,1,0.0555,2146.07,3680.46,4245.59,6218.74
Copy of IMG00173.JPG,conductor,1,0.0534,9054.43,4929.6,9503.47,5564.86
Copy of IMG00173.JPG,conductor,1,0.0517,9092.3,5036.61,9503.04,5663.89
Copy of IMG00253.JPG,insulator,2,0.4815,4835.92,4603.21,5055.04,4832.44
Copy of IMG00253.JPG,conductor,1,0.4421,0.0,1302.81,6313.77,2517.19
Copy of IMG00253.JPG,insulator,2,0.271,5392.36,4563.79,5623.11,4755.07
Copy of IMG00253.JPG,conductor,1,0.2001,725.71,4676.99,4747.83,5640.98
Copy of IMG00253.JPG,insulator,2,0.1243,1781.39,3166.83,2081.48,3802.26
Copy of IMG00253.JPG,conductor,1,0.1232,5631.61,5355.17,7152.58,5895.04
Copy of IMG00253.JPG,conductor,1,0.0931,6954.83,5629.42,8061.46,6116.04
Copy of IMG00253.JPG,insulator,2,0.0839,5081.04,4687.06,5427.69,5138.09
Copy of IMG00253.JPG,conductor,1,0.0636,8996.44,5912.97,9504.0,6336.0
Copy of IMG00253.JPG,conductor,1,0.0624,0.0,1369.94,1247.54,1957.49
Copy of IMG00253.JPG,conductor,1,0.0591,2848.79,1345.53,6138.44,2593.01
Copy of IMG00253.JPG,pylon,0,0.0559,5075.06,5225.09,5586.38,6275.6
Copy of IMG00253.JPG,conductor,1,0.0555,2357.65,4678.73,4692.56,5511.21
Copy of IMG00253.JPG,conductor,1,0.0554,0.0,1517.82,6361.56,2738.13
Copy of IMG03459.JPG,pylon,0,0.7506,4467.74,1998.68,5116.65,5324.93
Copy of IMG03459.JPG,pylon,0,0.7242,5131.74,2146.35,5800.78,5626.42
Copy of IMG03459.JPG,pylon,0,0.6832,5152.37,1986.28,5886.83,6297.08
Copy of IMG03459.JPG,pylon,0,0.5789,4493.85,1944.48,5362.98,6290.53
Copy of IMG03459.JPG,conductor,1,0.5256,6652.67,2552.62,8288.74,3106.34
Copy of IMG03459.JPG,conductor,1,0.4541,6387.41,2634.01,8238.88,3174.46
Copy of IMG03459.JPG,insulator,2,0.3793,5827.76,1755.32,6023.92,2015.31
Copy of IMG03459.JPG,conductor,1,0.3373,2059.89,3825.8,3564.56,4587.21
Copy of IMG03459.JPG,insulator,2,0.2856,4279.38,1357.65,4530.46,1692.58
Copy of IMG03459.JPG,insulator,2,0.2763,5838.98,1681.41,6039.31,1988.9
Copy of IMG03459.JPG,conductor,1,0.2442,1007.66,4302.25,2366.66,5231.49
Copy of IMG03459.JPG,conductor,1,0.2136,8436.49,3339.23,9504.0,4172.12
Copy of IMG03459.JPG,conductor,1,0.2023,8712.4,2039.97,9502.2,2441.7
Copy of IMG03459.JPG,pylon,0,0.1902,4406.79,1878.09,5083.06,6194.3
Copy of IMG03459.JPG,conductor,1,0.1617,8160.16,3208.47,9504.0,4232.61
Copy of IMG03459.JPG,conductor,1,0.1466,2.57,5293.53,956.5,6258.67
Copy of IMG03459.JPG,conductor,1,0.1269,7702.15,2279.14,9421.54,2795.86
Copy of IMG03459.JPG,pylon,0,0.1226,4756.71,2003.09,5770.75,6315.04
Copy of IMG03459.JPG,conductor,1,0.1218,6265.29,1198.06,7322.65,1629.82
Copy of IMG03459.JPG,insulator,2,0.1182,6002.14,1594.53,6240.38,1855.28
Copy of IMG03459.JPG,conductor,1,0.1154,6860.49,2489.39,8273.7,3022.82
Copy of IMG03459.JPG,conductor,1,0.1098,6772.02,1588.04,7988.17,2132.99
Copy of IMG03459.JPG,conductor,1,0.1097,6977.74,894.99,8205.66,1252.22
Copy of IMG03459.JPG,conductor,1,0.1077,6271.76,2478.79,8355.4,3201.24
Copy of IMG03459.JPG,conductor,1,0.0953,3634.38,2495.94,4150.94,6290.58
Copy of IMG03459.JPG,conductor,1,0.0948,7908.24,2253.44,9345.74,2656.22
Copy of IMG03459.JPG,conductor,1,0.0945,2108.72,3574.19,3858.27,4580.86
Copy of IMG03459.JPG,conductor,1,0.0782,6205.78,2719.76,8182.65,3265.08
Copy of IMG03459.JPG,conductor,1,0.0754,8087.64,932.62,9503.34,1373.03
Copy of IMG03459.JPG,conductor,1,0.0734,7180.0,534.15,8631.6,881.09
Copy of IMG03459.JPG,conductor,1,0.0713,7059.94,2435.03,8251.96,2964.99
Copy of IMG03459.JPG,conductor,1,0.0694,7290.37,2357.55,8911.97,2912.57
Copy of IMG03459.JPG,conductor,1,0.0693,6866.63,1559.96,8163.99,2073.66
Copy of IMG03459.JPG,conductor,1,0.0661,3.08,2360.27,593.58,2826.43
Copy of IMG03459.JPG,conductor,1,0.066,7619.11,2363.26,8961.83,2826.09
Copy of IMG03459.JPG,conductor,1,0.0652,7068.04,971.54,8262.73,1357.49
Copy of IMG03459.JPG,conductor,1,0.0639,6739.31,751.96,8067.15,1131.75
Copy of IMG03459.JPG,conductor,1,0.062,6660.71,1641.65,7739.6,2117.94
Copy of IMG03459.JPG,conductor,1,0.0578,7091.87,2395.25,8605.68,2986.39
Copy of IMG03459.JPG,conductor,1,0.0573,8713.67,1934.27,9502.65,2372.18
Copy of IMG03459.JPG,conductor,1,0.0572,6138.78,2800.09,7294.29,3292.86
Copy of IMG03459.JPG,conductor,1,0.0564,8089.78,2101.67,9503.69,2536.01
Copy of IMG03459.JPG,conductor,1,0.0556,6541.97,738.49,7774.15,1121.44
Copy of IMG03459.JPG,conductor,1,0.0544,6631.65,684.38,7831.77,1062.89
Copy of IMG03459.JPG,conductor,1,0.0539,8156.55,2199.85,9441.39,2573.75
Copy of IMG03459.JPG,conductor,1,0.0536,2103.5,3966.86,3217.81,4580.67
Copy of IMG03459.JPG,conductor,1,0.0532,813.99,1526.29,2019.25,1995.84
Copy of IMG03459.JPG,conductor,1,0.0528,8275.96,918.79,9504.0,1267.77
Copy of IMG03459.JPG,conductor,1,0.052,7806.76,2308.59,9118.03,2753.24
Copy of IMG03459.JPG,conductor,1,0.0517,6918.43,769.33,8410.17,1161.97
Copy of IMG03459.JPG,conductor,1,0.0513,6901.47,805.17,8104.17,1195.86
Copy of IMG03459.JPG,insulator,2,0.051,4521.12,1301.51,4769.22,1538.35
Copy of IMG03459.JPG,conductor,1,0.0502,8572.41,2072.61,9504.0,2489.7
Copy of IMG03459.JPG,insulator,2,0.0502,6047.2,1594.96,6285.33,1879.43
Copy of IMG03459.JPG,conductor,1,0.05,8212.22,1564.57,9500.83,2008.02
Copy of IMG00209.JPG,conductor,1,0.6785,6446.73,5650.67,7219.03,6297.69
Copy of IMG00209.JPG,pylon,0,0.6717,4182.05,1453.99,4532.39,4029.64
Copy of IMG00209.JPG,insulator,2,0.3141,4640.17,1201.68,4897.94,1481.92
Copy of IMG00209.JPG,conductor,1,0.2685,7999.71,5475.38,8887.88,6144.45
Copy of IMG00209.JPG,conductor,1,0.2614,7986.76,5422.58,8799.96,5963.74
Copy of IMG00209.JPG,conductor,1,0.252,5886.75,4864.42,6637.46,5531.66
Copy of IMG00209.JPG,conductor,1,0.2336,7381.5,5606.49,8053.51,6187.61
Copy of IMG00209.JPG,conductor,1,0.1964,8225.9,5716.21,8964.66,6308.81
Copy of IMG00209.JPG,conductor,1,0.1554,8092.4,5553.39,8945.25,6287.6
Copy of IMG00209.JPG,insulator,2,0.1402,3723.21,1358.31,3938.84,1650.36
Copy of IMG00209.JPG,conductor,1,0.1214,4508.82,2628.23,5046.63,3306.94
Copy of IMG00209.JPG,conductor,1,0.1103,7446.95,5708.19,8126.93,6269.97
Copy of IMG00209.JPG,conductor,1,0.1086,7281.23,3998.37,9479.58,4533.27
Copy of IMG00209.JPG,conductor,1,0.0911,4629.6,1826.75,5038.6,2399.44
Copy of IMG00209.JPG,conductor,1,0.0841,6569.85,5740.74,7235.72,6316.79
Copy of IMG00209.JPG,conductor,1,0.0815,6657.3,4789.9,7463.66,5477.44
Copy of IMG00209.JPG,conductor,1,0.0708,7874.05,5399.32,8600.44,5916.72
Copy of IMG00209.JPG,conductor,1,0.0701,7586.83,5774.15,8156.2,6290.47
Copy of IMG00209.JPG,conductor,1,0.062,6321.26,5572.89,7131.48,6167.63
Copy of IMG00209.JPG,conductor,1,0.0615,4575.14,2755.73,5214.62,3521.17
Copy of IMG00209.JPG,conductor,1,0.0583,4666.53,2811.37,5257.95,3628.85
Copy of IMG00209.JPG,conductor,1,0.0559,4442.66,2517.31,4949.43,3268.21
Copy of IMG00209.JPG,conductor,1,0.0555,7311.22,5530.36,7999.52,6124.89
Copy of IMG00209.JPG,conductor,1,0.0539,6206.21,5433.81,7100.44,6057.16
Copy of IMG00209.JPG,insulator,2,0.0531,3966.95,1099.16,4195.59,1304.55
Copy of IMG00209.JPG,conductor,1,0.0513,7209.25,4655.5,8163.21,5325.21
Copy of IMG00209.JPG,insulator,2,0.05,4149.64,1087.99,4336.23,1282.96
Copy of IMG00041.JPG,insulator,2,0.8333,5546.43,5064.1,5831.55,5380.72
Copy of IMG00041.JPG,insulator,2,0.7283,6087.84,4513.81,6444.47,4827.87
Copy of IMG00041.JPG,insulator,2,0.6259,6645.78,4818.44,7017.03,5191.64
Copy of IMG00041.JPG,conductor,1,0.3487,6952.94,5211.69,7573.6,5739.46
Copy of IMG00041.JPG,conductor,1,0.2044,5889.34,5597.96,6353.77,6253.02
Copy of IMG00041.JPG,conductor,1,0.1161,5598.07,5379.06,6101.17,5872.33
Copy of IMG00041.JPG,conductor,1,0.0968,6040.4,5137.38,6407.73,6274.28
Copy of IMG00041.JPG,conductor,1,0.0665,7045.87,5377.18,7609.06,5852.32
Copy of IMG00041.JPG,conductor,1,0.0636,6967.33,5270.09,7673.61,5850.36
Copy of IMG00041.JPG,pylon,0,0.0622,6114.05,5114.42,6443.38,6274.04
Copy of IMG00041.JPG,conductor,1,0.0609,5967.05,5357.58,6361.13,6250.85
Copy of IMG00041.JPG,conductor,1,0.0579,6931.02,5185.06,7491.6,5626.04
Copy of IMG00041.JPG,conductor,1,0.0528,6835.4,5666.68,7260.66,6246.72
Copy of IMG00041.JPG,conductor,1,0.0519,5790.04,5475.29,6315.48,6227.34
Copy of IMG03423.JPG,conductor,1,0.8717,5401.77,2478.04,7108.54,3259.81
Copy of IMG03423.JPG,conductor,1,0.8224,7809.84,3267.14,9504.0,4148.54
Copy of IMG03423.JPG,conductor,1,0.6334,8536.95,2777.26,9504.0,3247.66
Copy of IMG03423.JPG,insulator,2,0.4407,4744.74,1539.0,4940.23,1754.53
Copy of IMG03423.JPG,pylon,0,0.4295,3942.5,1789.81,4556.09,5966.61
Copy of IMG03423.JPG,conductor,1,0.4075,5572.93,1931.27,7076.79,2486.99
Copy of IMG03423.JPG,conductor,1,0.3959,7002.26,2926.97,8661.67,3779.51
Copy of IMG03423.JPG,conductor,1,0.3333,8549.8,2130.91,9504.0,2515.91
Copy of IMG03423.JPG,conductor,1,0.3157,1234.55,1456.77,3568.75,1755.74
Copy of IMG03423.JPG,conductor,1,0.2938,7170.19,2428.63,8496.22,2832.09
Copy of IMG03423.JPG,conductor,1,0.293,7328.05,2493.47,8493.3,2866.27
Copy of IMG03423.JPG,conductor,1,0.2692,7622.8,2509.41,8541.62,2881.6
Copy of IMG03423.JPG,conductor,1,0.24,7761.4,2517.63,8530.92,2825.48
Copy of IMG03423.JPG,conductor,1,0.2387,8726.94,2122.5,9502.17,2413.33
Copy of IMG03423.JPG,insulator,2,0.2299,3472.88,1709.87,3677.76,1908.06
Copy of IMG03423.JPG,conductor,1,0.2158,4952.0,1743.95,5889.89,2065.92
Copy of IMG03423.JPG,pylon,0,0.215,4054.32,1739.27,4447.55,5443.84
Copy of IMG03423.JPG,insulator,2,0.2107,4.27,5037.69,276.19,5264.73
Copy of IMG03423.JPG,conductor,1,0.2083,7009.24,2300.9,7817.77,2537.49
Copy of IMG03423.JPG,conductor,1,0.1995,6991.05,2324.28,8320.23,2714.19
Copy of IMG03423.JPG,insulator,2,0.1885,4126.64,1327.81,4293.1,1570.49
Copy of IMG03423.JPG,conductor,1,0.1787,1256.94,1463.82,2861.84,1730.75
Copy of IMG03423.JPG,conductor,1,0.1712,8959.35,2069.82,9502.09,2342.49
Copy of IMG03423.JPG,conductor,1,0.16,5266.0,1822.27,6158.88,2088.8
Copy of IMG03423.JPG,conductor,1,0.1569,5350.11,1827.69,6512.69,2254.89
Copy of IMG03423.JPG,conductor,1,0.1343,5068.75,1803.76,6071.88,2077.67
Copy of IMG03423.JPG,conductor,1,0.1313,4965.22,1785.45,6141.52,2212.26
Copy of IMG03423.JPG,conductor,1,0.1296,6822.81,2282.38,7725.47,2501.87
Copy of IMG03423.JPG,conductor,1,0.1294,7126.27,2341.02,7822.79,2586.27
Copy of IMG03423.JPG,conductor,1,0.1238,7528.52,2472.01,8445.79,2772.74
Copy of IMG03423.JPG,conductor,1,0.1225,8821.33,2096.52,9502.68,2364.14
Copy of IMG03423.JPG,conductor,1,0.12,8525.89,2802.27,9430.48,3110.64
Copy of IMG03423.JPG,conductor,1,0.113,5461.62,1853.25,7074.41,2395.99
Copy of IMG03423.JPG,insulator,2,0.1118,0.15,5045.06,207.38,5271.89
Copy of IMG03423.JPG,conductor,1,0.1106,8472.05,2484.8,9165.65,2735.51
Copy of IMG03423.JPG,conductor,1,0.1103,8527.19,2261.17,9436.69,2577.25
Copy of IMG03423.JPG,insulator,2,0.1073,0.0,5057.19,162.01,5287.05
Copy of IMG03423.JPG,conductor,1,0.0992,7287.4,2388.23,8330.09,2696.81
Copy of IMG03423.JPG,conductor,1,0.0962,1536.22,1465.75,2472.38,1645.37
Copy of IMG03423.JPG,conductor,1,0.0936,1.76,1968.34,472.29,2352.2
Copy of IMG03423.JPG,conductor,1,0.0884,7439.51,2445.13,8321.02,2739.38
Copy of IMG03423.JPG,conductor,1,0.0871,8724.88,2826.32,9504.0,3206.99
Copy of IMG03423.JPG,pylon_fissure,3,0.0866,4166.38,5125.25,4301.99,5918.35
Copy of IMG03423.JPG,conductor,1,0.0863,6889.01,2283.19,8053.74,2601.92
Copy of IMG03423.JPG,conductor,1,0.0851,7882.17,2595.86,8591.62,2856.73
Copy of IMG03423.JPG,conductor,1,0.0824,7170.44,2359.87,8189.91,2673.11
Copy of IMG03423.JPG,pylon,0,0.0801,3989.5,2670.44,4535.13,5932.79
Copy of IMG03423.JPG,conductor,1,0.0742,8968.93,2961.53,9502.77,3295.93
Copy of IMG03423.JPG,conductor,1,0.0741,8744.24,1987.29,9498.55,2401.88
Copy of IMG03423.JPG,conductor,1,0.0727,1.2,1958.95,311.51,2353.25
Copy of IMG03423.JPG,conductor,1,0.0712,7197.69,2404.57,7980.45,2690.98
Copy of IMG03423.JPG,conductor,1,0.0684,8425.86,2398.06,9122.03,2687.58
Copy of IMG03423.JPG,conductor,1,0.0643,8513.19,2655.33,9371.74,2829.95
Copy of IMG03423.JPG,conductor,1,0.0641,8496.18,2319.4,9298.39,2648.35
Copy of IMG03423.JPG,insulator,2,0.0611,50.37,6034.42,388.91,6325.81
Copy of IMG03423.JPG,conductor,1,0.0591,8794.64,2883.87,9501.8,3275.25
Copy of IMG03423.JPG,conductor,1,0.0587,7106.48,2315.35,8048.41,2588.11
Copy of IMG03423.JPG,conductor,1,0.057,6649.39,5884.73,7115.1,6328.17
Copy of IMG03423.JPG,conductor,1,0.0562,0.32,2057.9,233.64,2394.48
Copy of IMG03423.JPG,conductor,1,0.0541,1218.49,2343.24,3722.21,3120.6
Copy of IMG03423.JPG,conductor,1,0.0518,8497.51,2330.17,9504.0,2692.73
Copy of IMG03423.JPG,conductor,1,0.0505,1416.16,1396.45,2379.41,1547.43
Copy of IMG00057.JPG,insulator,2,0.9509,4330.8,1883.06,4849.41,2408.49
Copy of IMG00057.JPG,insulator,2,0.9473,5403.59,3338.87,5915.14,3908.08
Copy of IMG00057.JPG,insulator,2,0.9205,3106.03,1382.03,3608.87,1884.07
Copy of IMG00057.JPG,insulator,2,0.8616,5573.61,2241.54,6090.13,2793.31
Copy of IMG00057.JPG,insulator,2,0.8441,2758.14,2372.62,3312.85,2977.17
Copy of IMG00057.JPG,insulator,2,0.7875,4069.2,2848.75,4552.87,3349.82
Copy of IMG00057.JPG,insulator,2,0.6305,3738.04,2396.35,4046.83,2722.44
Copy of IMG00057.JPG,insulator,2,0.1433,4090.46,2454.42,4416.86,2744.17
Copy of IMG00057.JPG,conductor,1,0.079,3088.37,3404.9,4376.72,5482.82
Copy of IMG00057.JPG,conductor,1,0.075,5212.46,3977.29,6125.89,6293.08
Copy of IMG00057.JPG,insulator,2,0.0742,4440.43,2471.3,4791.78,2842.55
Copy of IMG00057.JPG,conductor,1,0.0741,3333.89,3418.71,4354.02,5253.77
Copy of IMG00057.JPG,insulator,2,0.0557,5646.61,2942.52,5948.44,3182.09
Copy of IMG03419.JPG,pylon,0,0.9437,4682.92,3086.79,5304.39,6301.33
Copy of IMG03419.JPG,conductor,1,0.7921,1731.63,3461.76,4139.49,4506.78
Copy of IMG03419.JPG,conductor,1,0.7035,0.0,4028.63,1838.91,5082.94
Copy of IMG03419.JPG,insulator,2,0.6947,5288.22,2925.99,5532.23,3208.94
Copy of IMG03419.JPG,conductor,1,0.6716,5627.21,2681.66,7576.4,3267.02
Copy of IMG03419.JPG,conductor,1,0.6344,5222.93,2067.28,6857.53,2550.99
Copy of IMG03419.JPG,insulator,2,0.5829,4433.24,2368.06,4702.17,2611.38
Copy of IMG03419.JPG,conductor,1,0.5175,7502.68,2440.22,8843.35,2910.95
Copy of IMG03419.JPG,conductor,1,0.5054,6771.05,2019.71,7883.86,2422.37
Copy of IMG03419.JPG,conductor,1,0.4317,3913.19,3668.42,4772.07,6239.37
Copy of IMG03419.JPG,conductor,1,0.4112,820.15,3043.15,2328.05,3635.28
Copy of IMG03419.JPG,conductor,1,0.4063,7986.87,1778.47,9223.74,2159.03
Copy of IMG03419.JPG,conductor,1,0.3304,8519.65,2303.18,9504.0,2762.92
Copy of IMG03419.JPG,conductor,1,0.304,7305.33,2471.91,8681.34,2985.91
Copy of IMG03419.JPG,conductor,1,0.2978,2415.25,2650.89,3863.21,3271.76
Copy of IMG03419.JPG,conductor,1,0.2475,8116.47,1782.93,9078.35,2102.04
Copy of IMG03419.JPG,conductor,1,0.2163,6849.44,2049.29,7835.23,2363.13
Copy of IMG03419.JPG,conductor,1,0.185,782.25,3106.31,2195.96,3537.67
Copy of IMG03419.JPG,conductor,1,0.1765,2538.74,2602.04,3921.64,3149.64
Copy of IMG03419.JPG,conductor,1,0.1697,892.62,2980.75,2694.87,3610.93
Copy of IMG03419.JPG,conductor,1,0.169,1656.49,3645.28,3659.67,4528.96
Copy of IMG03419.JPG,conductor,1,0.1583,8240.76,1817.85,9053.54,2130.91
Copy of IMG03419.JPG,conductor,1,0.1566,5578.19,2750.78,7142.4,3336.25
Copy of IMG03419.JPG,insulator,2,0.1505,4969.25,2416.39,5234.19,2634.74
Copy of IMG03419.JPG,conductor,1,0.146,8284.08,1779.4,9334.88,2073.91
Copy of IMG03419.JPG,conductor,1,0.1447,8670.29,2330.42,9501.87,2703.8
Copy of IMG03419.JPG,conductor,1,0.1378,2529.89,2660.0,3778.03,3037.81
Copy of IMG03419.JPG,conductor,1,0.1377,8777.17,1858.15,9338.78,2107.47
Copy of IMG03419.JPG,conductor,1,0.1297,8686.08,1750.93,9495.77,2090.95
Copy of IMG03419.JPG,conductor,1,0.1291,7697.15,2472.51,8846.27,2840.39
Copy of IMG03419.JPG,conductor,1,0.1291,8349.66,1828.75,9223.68,2126.67
Copy of IMG03419.JPG,conductor,1,0.1287,8843.31,1842.77,9457.67,2096.63
Copy of IMG03419.JPG,conductor,1,0.1201,8883.67,1805.86,9498.68,2051.42
Copy of IMG03419.JPG,conductor,1,0.1175,7878.79,2436.63,8974.78,2782.09
Copy of IMG03419.JPG,conductor,1,0.1142,2570.47,3257.79,4528.65,4095.89
Copy of IMG03419.JPG,conductor,1,0.1118,0.0,4181.92,1352.94,4792.6
Copy of IMG03419.JPG,conductor,1,0.1082,6839.23,2113.54,7642.75,2402.81
Copy of IMG03419.JPG,conductor,1,0.1067,5566.48,2250.57,6735.47,2527.5
Copy of IMG03419.JPG,conductor,1,0.0963,3.78,4198.4,1499.52,5136.37
Copy of IMG03419.JPG,conductor,1,0.0961,904.33,3032.79,2360.14,3490.36
Copy of IMG03419.JPG,conductor,1,0.0958,5276.6,2199.63,6647.21,2550.8
Copy of IMG03419.JPG,conductor,1,0.0921,7787.37,2379.13,9353.4,2823.99
Copy of IMG03419.JPG,conductor,1,0.0901,8796.45,2268.38,9502.56,2642.29
Copy of IMG03419.JPG,conductor,1,0.0899,8018.38,1850.84,8862.92,2160.53
Copy of IMG03419.JPG,conductor,1,0.0894,8918.03,1746.22,9498.76,1991.31
Copy of IMG03419.JPG,conductor,1,0.0881,0.0,4245.33,1044.03,5044.23
Copy of IMG03419.JPG,conductor,1,0.088,2053.88,3363.8,4217.85,4245.66
Copy of IMG03419.JPG,insulator,2,0.0869,3883.79,2342.34,4755.02,2638.32
Copy of IMG03419.JPG,conductor,1,0.0861,5269.34,2127.06,6720.99,2502.05
Copy of IMG03419.JPG,conductor,1,0.085,6875.28,2182.21,7598.66,2488.22
Copy of IMG03419.JPG,insulator,2,0.0835,4881.29,2724.39,5111.77,2960.4
Copy of IMG03419.JPG,conductor,1,0.0833,1991.0,3232.47,2898.79,3579.07
Copy of IMG03419.JPG,conductor,1,0.0809,2.28,3405.88,1185.49,4081.8
Copy of IMG03419.JPG,conductor,1,0.0767,7955.89,1819.83,8948.3,2125.17
Copy of IMG03419.JPG,conductor,1,0.0762,7274.55,2072.53,7944.17,2341.94
Copy of IMG03419.JPG,conductor,1,0.0752,6844.44,2274.7,7497.83,2537.85
Copy of IMG03419.JPG,conductor,1,0.0752,6009.2,2719.53,7654.19,3091.5
Copy of IMG03419.JPG,conductor,1,0.0742,5756.37,2766.28,7239.27,3227.2
Copy of IMG03419.JPG,conductor,1,0.0741,8243.05,1947.31,8907.99,2193.62
Copy of IMG03419.JPG,conductor,1,0.0737,1126.89,2941.17,2952.88,3561.96
Copy of IMG03419.JPG,conductor,1,0.0734,7543.77,2511.65,8606.45,2926.33
Copy of IMG03419.JPG,conductor,1,0.0733,2.45,3545.88,624.64,3981.41
Copy of IMG03419.JPG,conductor,1,0.0709,9032.42,1849.8,9497.94,2102.48
Copy of IMG03419.JPG,conductor,1,0.0709,8987.42,1781.79,9500.77,2025.41
Copy of IMG03419.JPG,conductor,1,0.07,1032.93,2995.67,2578.42,3439.87
Copy of IMG03419.JPG,conductor,1,0.0697,6153.73,2677.39,7671.14,3030.33
Copy of IMG03419.JPG,conductor,1,0.0657,7842.05,1824.98,9036.45,2212.53
Copy of IMG03419.JPG,conductor,1,0.0631,1540.37,2904.62,2953.76,3260.64
Copy of IMG03419.JPG,conductor,1,0.063,5576.12,2811.48,6675.53,3278.13
Copy of IMG03419.JPG,conductor,1,0.0609,6797.39,2340.26,7383.21,2593.41
Copy of IMG03419.JPG,conductor,1,0.0607,1.54,4124.92,1605.73,4647.91
Copy of IMG03419.JPG,conductor,1,0.0593,30.49,3418.5,1129.25,3822.89
Copy of IMG03419.JPG,conductor,1,0.0587,5958.48,2542.69,8434.26,3128.47
Copy of IMG03419.JPG,conductor,1,0.0581,8069.56,2401.54,9214.06,2759.09
Copy of IMG03419.JPG,conductor,1,0.0579,9076.33,1693.38,9503.44,1956.71
Copy of IMG03419.JPG,conductor,1,0.0571,1.7,3264.47,711.57,3696.48
Copy of IMG03419.JPG,conductor,1,0.0566,8329.61,2375.57,9405.29,2738.81
Copy of IMG03419.JPG,conductor,1,0.0561,7215.02,2558.98,8438.18,2966.54
Copy of IMG03419.JPG,conductor,1,0.052,8076.43,1947.29,8769.62,2213.98
Copy of IMG03419.JPG,conductor,1,0.0519,11.23,3484.67,943.89,3970.45
Copy of IMG03419.JPG,conductor,1,0.0511,8135.94,1730.35,9130.2,2047.91
Copy of IMG03419.JPG,conductor,1,0.051,9035.68,2164.3,9504.0,2535.57
Copy of IMG03419.JPG,conductor,1,0.0506,622.34,3187.38,2039.41,3588.06
Copy of IMG00030.JPG,insulator,2,0.7167,3342.08,488.2,3658.81,808.17
Copy of IMG00030.JPG,insulator,2,0.6271,5153.6,236.38,5502.01,550.63
Copy of IMG00030.JPG,insulator,2,0.4318,4311.63,367.64,4599.73,666.62
Copy of IMG00030.JPG,pylon,0,0.4107,4039.88,766.5,4628.08,6296.27
Copy of IMG00030.JPG,insulator,2,0.3413,3190.21,60.36,3510.92,368.41
Copy of IMG00030.JPG,pylon,0,0.3186,4147.63,762.47,4555.42,4462.67
Copy of IMG00030.JPG,insulator,2,0.2226,4069.42,0.0,4436.79,200.29
Copy of IMG00030.JPG,conductor,1,0.1749,6805.72,1380.23,7829.26,1795.38
Copy of IMG00030.JPG,conductor,1,0.116,5393.09,889.09,5856.86,1361.14
Copy of IMG00030.JPG,conductor,1,0.0682,6729.05,1307.32,7815.99,1721.33
Copy of IMG00030.JPG,conductor,1,0.0596,6104.14,1203.47,7839.2,1838.12
Copy of IMG00030.JPG,conductor,1,0.0586,6.64,3706.32,1700.01,4421.88
Copy of IMG00030.JPG,insulator,2,0.0579,3813.78,365.05,3987.41,579.58
Copy of IMG00030.JPG,conductor,1,0.0572,7078.58,1412.38,7821.14,1763.88
Copy of IMG00030.JPG,conductor,1,0.0517,4501.52,887.87,4885.3,1426.8
Copy of IMG00030.JPG,conductor,1,0.0511,6749.85,1335.15,7327.72,1545.84
Copy of IMG03544.JPG,pylon,0,0.5691,4334.53,2455.55,4835.33,4805.04
Copy of IMG03544.JPG,pylon,0,0.2446,4313.06,2436.14,4840.76,5674.22
Copy of IMG03544.JPG,conductor,1,0.1236,0.0,1877.96,607.65,2152.66
Copy of IMG03544.JPG,insulator,2,0.104,4200.76,1961.31,4420.7,2327.02
Copy of IMG03544.JPG,pylon,0,0.0905,4434.19,2447.61,4789.81,4712.09
Copy of IMG03544.JPG,insulator,2,0.0575,4397.6,1974.67,4542.16,2287.02
Copy of IMG00109.JPG,insulator,2,0.5628,5757.23,61.92,6115.47,487.87
Copy of IMG00109.JPG,conductor,1,0.4174,0.0,1224.46,1659.37,2436.89
Copy of IMG00109.JPG,conductor,1,0.3497,223.08,747.02,3270.35,1888.7
Copy of IMG00109.JPG,conductor,1,0.2739,2655.24,219.47,5090.38,1317.21
Copy of IMG00109.JPG,conductor,1,0.2246,0.99,301.65,1020.79,777.84
Copy of IMG00109.JPG,conductor,1,0.2055,8.54,1058.57,2706.94,2323.62
Copy of IMG00109.JPG,conductor,1,0.1789,35.69,902.14,3271.7,2138.74
Copy of IMG00109.JPG,conductor,1,0.1315,2850.96,313.06,5161.39,1139.96
Copy of IMG00109.JPG,conductor,1,0.1242,0.0,277.36,949.84,610.71
Copy of IMG00109.JPG,conductor,1,0.1104,1082.83,670.61,3360.79,1804.15
Copy of IMG00109.JPG,conductor,1,0.1085,1.68,387.0,873.92,935.28
Copy of IMG00109.JPG,conductor,1,0.0867,4259.54,1300.73,5842.69,5075.77
Copy of IMG00109.JPG,conductor,1,0.0714,0.0,1202.27,1857.16,2022.48
Copy of IMG00109.JPG,conductor,1,0.0584,0.24,359.53,752.72,701.4
Copy of IMG00052.JPG,insulator,2,0.8973,4033.1,3004.46,4333.91,3300.08
Copy of IMG00052.JPG,pylon,0,0.7559,4262.21,3978.89,4683.5,6266.54
Copy of IMG00052.JPG,insulator,2,0.7142,4529.25,2914.34,4847.42,3200.45
Copy of IMG00052.JPG,insulator,2,0.7053,5020.82,2821.11,5376.19,3158.82
Copy of IMG00052.JPG,conductor,1,0.5123,6747.13,5620.7,7205.63,6152.49
Copy of IMG00052.JPG,conductor,1,0.4042,6058.05,5686.47,6522.47,6255.11
Copy of IMG00052.JPG,conductor,1,0.401,6015.0,3955.64,6916.65,4589.19
Copy of IMG00052.JPG,conductor,1,0.3834,7246.11,5296.88,7801.81,5803.86
Copy of IMG00052.JPG,conductor,1,0.349,6790.97,5658.11,7276.77,6259.2
Copy of IMG00052.JPG,conductor,1,0.3482,6380.56,5266.33,6892.93,5740.51
Copy of IMG00052.JPG,conductor,1,0.3256,5265.5,3930.49,5855.34,4472.45
Copy of IMG00052.JPG,conductor,1,0.3243,7727.66,5770.03,8214.21,6299.76
Copy of IMG00052.JPG,conductor,1,0.2582,7183.95,5237.71,7776.78,5745.32
Copy of IMG00052.JPG,conductor,1,0.2561,5180.89,3748.94,5713.35,4329.5
Copy of IMG00052.JPG,conductor,1,0.2557,4847.41,4262.91,5610.38,5107.57
Copy of IMG00052.JPG,conductor,1,0.2548,6093.55,4914.8,6642.43,5429.27
Copy of IMG00052.JPG,conductor,1,0.2456,5333.37,3287.04,5996.6,3739.76
Copy of IMG00052.JPG,conductor,1,0.2378,6064.33,4872.47,6591.23,5361.29
Copy of IMG00052.JPG,conductor,1,0.232,5364.55,3362.41,6073.13,3816.15
Copy of IMG00052.JPG,conductor,1,0.226,5373.56,4929.15,6010.38,5444.61
Copy of IMG00052.JPG,conductor,1,0.2152,5226.09,3829.05,5765.14,4390.45
Copy of IMG00052.JPG,conductor,1,0.2079,6039.3,4833.64,6532.33,5284.24
Copy of IMG00052.JPG,conductor,1,0.2053,6713.88,5595.54,7153.51,6083.01
Copy of IMG00052.JPG,conductor,1,0.2044,6085.87,4067.9,7035.4,4834.47
Copy of IMG00052.JPG,conductor,1,0.2034,5765.71,5368.18,6244.99,5823.19
Copy of IMG00052.JPG,conductor,1,0.1974,5985.28,5620.47,6458.6,6184.37
Copy of IMG00052.JPG,conductor,1,0.1885,5905.93,5524.71,6443.89,6149.25
Copy of IMG00052.JPG,conductor,1,0.186,5438.2,4169.26,6011.79,4651.03
Copy of IMG00052.JPG,conductor,1,0.1855,6726.6,4776.17,7368.91,5214.66
Copy of IMG00052.JPG,conductor,1,0.1854,6819.19,4911.52,7484.34,5357.44
Copy of IMG00052.JPG,conductor,1,0.174,7308.8,5407.39,7849.26,5885.11
Copy of IMG00052.JPG,conductor,1,0.1729,5155.08,3722.21,5635.39,4200.45
Copy of IMG00052.JPG,conductor,1,0.1676,5786.68,5400.67,6317.88,5924.65
Copy of IMG00052.JPG,conductor,1,0.163,6883.94,5799.7,7338.2,6280.84
Copy of IMG00052.JPG,conductor,1,0.1618,4896.6,4436.14,5732.83,5169.02
Copy of IMG00052.JPG,conductor,1,0.1617,4817.82,4209.6,5410.13,4948.77
Copy of IMG00052.JPG,conductor,1,0.1605,5343.42,4027.23,5984.92,4606.08
Copy of IMG00052.JPG,conductor,1,0.154,6342.38,4375.06,7084.33,4896.43
Copy of IMG00052.JPG,conductor,1,0.1514,6661.14,5528.0,7103.14,6048.75
Copy of IMG00052.JPG,conductor,1,0.148,6199.73,5106.69,6760.85,5556.8
Copy of IMG00052.JPG,conductor,1,0.1417,5248.46,3179.63,5792.54,3571.92
Copy of IMG00052.JPG,conductor,1,0.1404,7045.93,5132.96,7723.63,5641.76
Copy of IMG00052.JPG,conductor,1,0.1402,5796.78,5416.75,6352.71,6076.29
Copy of IMG00052.JPG,conductor,1,0.1382,6757.72,4838.52,7447.38,5308.17
Copy of IMG00052.JPG,conductor,1,0.1377,5233.72,4856.7,5976.67,5425.28
Copy of IMG00052.JPG,conductor,1,0.136,6325.36,5193.89,6853.08,5671.6
Copy of IMG00052.JPG,conductor,1,0.1309,4944.07,3397.82,5304.23,3767.38
Copy of IMG00052.JPG,conductor,1,0.129,5732.22,4562.31,6275.18,4943.42
Copy of IMG00052.JPG,conductor,1,0.1284,5681.35,4488.62,6236.45,4920.43
Copy of IMG00052.JPG,conductor,1,0.1262,6209.77,4276.76,7051.22,4857.05
Copy of IMG00052.JPG,conductor,1,0.1195,5284.1,3245.31,5936.13,3667.7
Copy of IMG00052.JPG,conductor,1,0.1182,7433.22,5551.59,7890.69,5978.12
Copy of IMG00052.JPG,conductor,1,0.1162,6898.97,4988.92,7540.51,5418.03
Copy of IMG00052.JPG,conductor,1,0.1153,6134.24,5013.86,6697.5,5481.97
Copy of IMG00052.JPG,conductor,1,0.1137,6958.06,5062.26,7638.61,5553.62
Copy of IMG00052.JPG,conductor,1,0.1108,5489.84,3407.31,6158.57,3921.24
Copy of IMG00052.JPG,conductor,1,0.1105,5536.55,4290.42,6115.52,4744.13
Copy of IMG00052.JPG,conductor,1,0.1096,5444.24,5032.77,6055.1,5506.73
Copy of IMG00052.JPG,conductor,1,0.1089,5638.98,4389.08,6213.91,4869.88
Copy of IMG00052.JPG,conductor,1,0.107,7620.84,5685.16,8074.88,6128.99
Copy of IMG00052.JPG,conductor,1,0.1069,5500.37,4251.24,6074.75,4668.03
Copy of IMG00052.JPG,conductor,1,0.1048,4736.82,4043.01,5206.88,4597.31
Copy of IMG00052.JPG,conductor,1,0.1021,6461.4,5377.9,6934.95,5863.05
Copy of IMG00052.JPG,conductor,1,0.1012,5935.18,4756.78,6449.11,5144.13
Copy of IMG00052.JPG,conductor,1,0.0996,5851.45,4670.15,6369.13,5064.53
Copy of IMG00052.JPG,conductor,1,0.0996,7521.36,5614.96,7973.13,6049.46
Copy of IMG00052.JPG,conductor,1,0.097,5105.46,3601.47,5523.71,4083.23
Copy of IMG00052.JPG,conductor,1,0.092,6448.95,4452.35,7124.9,4938.17
Copy of IMG00052.JPG,conductor,1,0.0918,4786.78,4127.0,5324.76,4739.8
Copy of IMG00052.JPG,conductor,1,0.0913,6661.47,4717.23,7334.74,5151.6
Copy of IMG00052.JPG,conductor,1,0.0903,5652.46,5273.93,6207.55,5758.24
Copy of IMG00052.JPG,conductor,1,0.0803,5138.6,4677.41,5918.96,5309.81
Copy of IMG00052.JPG,conductor,1,0.0797,5985.66,3940.17,6701.6,4462.49
Copy of IMG00052.JPG,conductor,1,0.0766,5086.26,4597.34,5812.43,5166.63
Copy of IMG00052.JPG,conductor,1,0.0754,6151.05,5856.86,6574.3,6278.43
Copy of IMG00052.JPG,conductor,1,0.0751,5771.07,4595.47,6321.74,4993.96
Copy of IMG00052.JPG,conductor,1,0.0751,6469.92,4493.42,7194.24,5020.45
Copy of IMG00052.JPG,conductor,1,0.0748,7786.47,5876.99,8204.76,6296.11
Copy of IMG00052.JPG,conductor,1,0.073,5479.07,5073.52,6088.78,5594.5
Copy of IMG00052.JPG,conductor,1,0.0701,5647.79,3619.75,6231.55,4064.39
Copy of IMG00052.JPG,conductor,1,0.0626,5534.56,3485.88,6207.27,4027.62
Copy of IMG00052.JPG,conductor,1,0.0619,4960.91,4590.22,5874.51,5334.11
Copy of IMG00052.JPG,conductor,1,0.059,5200.58,4726.33,5865.85,5207.15
Copy of IMG00052.JPG,conductor,1,0.0584,6581.82,4614.75,7263.55,5082.36
Copy of IMG00052.JPG,conductor,1,0.0575,4695.23,4031.48,5088.72,4581.78
Copy of IMG00052.JPG,pylon,0,0.0567,4340.68,3987.27,4652.38,6047.62
Copy of IMG00052.JPG,conductor,1,0.0545,4990.68,3443.87,5344.03,3821.16
Copy of IMG00052.JPG,conductor,1,0.0544,4863.13,4309.87,5478.06,4870.25
Copy of IMG00052.JPG,conductor,1,0.0508,5994.63,4784.26,6497.93,5196.14
Copy of IMG00502.JPG,insulator,2,0.6577,5047.46,2283.92,5293.71,2510.71
Copy of IMG00502.JPG,insulator,2,0.6562,4258.12,2258.66,4518.36,2499.76
Copy of IMG00502.JPG,conductor,1,0.1703,4509.6,2573.92,5085.77,4771.79
Copy of IMG00502.JPG,conductor,1,0.1312,4526.2,2610.13,4992.47,5251.18
Copy of IMG00502.JPG,insulator,2,0.1266,4700.07,2229.02,4901.73,2422.52
Copy of IMG00502.JPG,insulator,2,0.1101,6513.17,930.75,6762.35,1420.28
Copy of IMG00502.JPG,pylon,0,0.0922,4563.42,2600.37,4984.71,4971.61
Copy of IMG00502.JPG,conductor,1,0.0852,5885.9,4748.48,9304.2,5497.1
Copy of IMG00502.JPG,insulator,2,0.0835,4994.37,2292.1,5273.92,2525.74
Copy of IMG03398.JPG,pylon,0,0.9349,5188.17,3764.93,5993.32,6306.32
Copy of IMG03398.JPG,insulator,2,0.9337,3816.93,3866.69,4215.15,4303.19
Copy of IMG03398.JPG,insulator,2,0.9297,3328.96,3136.7,3721.93,3511.14
Copy of IMG03398.JPG,pylon,0,0.8553,4091.95,3821.27,4856.65,6286.0
Copy of IMG03398.JPG,insulator,2,0.8505,4691.62,2524.54,5090.39,2890.15
Copy of IMG03398.JPG,conductor,1,0.8341,6102.95,4327.88,6886.94,5280.77
Copy of IMG03398.JPG,conductor,1,0.8108,6403.06,5047.75,7629.66,6284.99
Copy of IMG03398.JPG,insulator,2,0.7757,6566.12,2581.76,7004.62,3015.76
Copy of IMG03398.JPG,conductor,1,0.7486,8038.48,34.47,8818.09,674.95
Copy of IMG03398.JPG,conductor,1,0.743,7090.21,3238.39,8244.51,4592.26
Copy of IMG03398.JPG,insulator,2,0.7368,5983.34,1965.88,6443.41,2387.43
Copy of IMG03398.JPG,pylon,0,0.7215,4082.64,4512.18,4881.01,6297.13
Copy of IMG03398.JPG,insulator,2,0.6907,5256.73,3253.43,5597.96,3623.1
Copy of IMG03398.JPG,conductor,1,0.5133,6319.1,89.94,7307.89,865.11
Copy of IMG03398.JPG,conductor,1,0.4485,8176.12,5011.52,9434.38,5837.21
Copy of IMG03398.JPG,conductor,1,0.4401,7472.2,2402.54,8640.09,3144.65
Copy of IMG03398.JPG,conductor,1,0.4144,1087.45,0.0,1470.3,412.0
Copy of IMG03398.JPG,conductor,1,0.3152,5264.71,1209.94,5925.23,1832.63
Copy of IMG03398.JPG,conductor,1,0.2987,8244.62,3102.64,9476.93,3935.33
Copy of IMG03398.JPG,conductor,1,0.2853,3664.81,1277.52,4563.98,2180.0
Copy of IMG03398.JPG,insulator,2,0.2448,2129.06,10.25,2728.48,585.4
Copy of IMG03398.JPG,conductor,1,0.1873,8731.26,252.6,9503.24,1312.77
Copy of IMG03398.JPG,conductor,1,0.1849,7475.18,4270.47,9128.4,5077.15
Copy of IMG03398.JPG,conductor,1,0.1109,9090.21,5934.8,9503.78,6336.0
Copy of IMG03398.JPG,conductor,1,0.086,3762.95,1493.07,4634.69,2373.35
Copy of IMG03398.JPG,conductor,1,0.0845,8349.08,1467.24,9494.0,2352.75
Copy of IMG03398.JPG,conductor,1,0.0822,6229.58,64.57,6948.88,674.55
Copy of IMG03398.JPG,conductor,1,0.0814,7091.08,3226.85,9053.83,5047.12
Copy of IMG03398.JPG,conductor,1,0.0814,8502.57,5310.59,9427.21,6053.22
Copy of IMG03398.JPG,conductor,1,0.0757,8105.93,4827.61,9381.93,5696.4
Copy of IMG03398.JPG,conductor,1,0.0685,3936.94,1793.54,4655.8,2412.83
Copy of IMG03398.JPG,insulator,2,0.0684,4474.56,3273.18,4720.26,3506.12
Copy of IMG03398.JPG,conductor,1,0.0612,3786.98,1574.54,4581.95,2206.03
Copy of IMG03398.JPG,conductor,1,0.0593,4730.85,5252.79,5250.8,6244.7
Copy of IMG03398.JPG,conductor,1,0.0575,8297.37,5187.39,9479.39,6169.55
Copy of IMG03398.JPG,conductor,1,0.0571,6396.57,114.86,7539.06,1218.39
Copy of IMG03398.JPG,conductor,1,0.0556,6930.99,269.91,8005.13,1458.23
Copy of IMG03398.JPG,insulator,2,0.0543,4433.94,3278.0,4739.66,3563.5
Copy of IMG03398.JPG,conductor,1,0.0543,7600.75,4477.4,9300.65,5267.12
Copy of IMG03398.JPG,insulator,2,0.0541,3210.12,3106.87,3696.64,3559.51
Copy of IMG00447.JPG,pylon,0,0.9288,4264.13,3395.15,4802.9,6238.74
Copy of IMG00447.JPG,insulator,2,0.5987,3614.6,3123.77,3947.74,3428.94
Copy of IMG00447.JPG,insulator,2,0.5527,4167.31,2936.11,4517.76,3246.6
Copy of IMG00447.JPG,insulator,2,0.5225,3803.42,3233.76,4065.69,3493.53
Copy of IMG00447.JPG,conductor,1,0.357,3669.49,3626.49,4032.42,6260.22
Copy of IMG00447.JPG,insulator,2,0.337,4733.38,2866.38,5037.25,3083.56
Copy of IMG00447.JPG,insulator,2,0.321,4924.35,2900.42,5206.06,3176.69
Copy of IMG00447.JPG,insulator,2,0.3035,4939.19,2942.02,5226.05,3209.6
Copy of IMG00447.JPG,insulator,2,0.2955,3654.22,3134.81,4019.39,3479.69
Copy of IMG00447.JPG,insulator,2,0.2504,4427.82,3094.11,4645.06,3322.63
Copy of IMG00447.JPG,conductor,1,0.1934,4261.53,3355.44,4807.75,6238.78
Copy of IMG00447.JPG,insulator,2,0.1848,4379.87,2978.16,4627.93,3298.79
Copy of IMG00447.JPG,conductor,1,0.1672,3781.89,3594.9,4045.08,6188.65
Copy of IMG00447.JPG,insulator,2,0.1556,3711.41,3132.02,4061.69,3512.17
Copy of IMG00447.JPG,insulator,2,0.1278,4773.42,2859.7,5195.95,3106.85
Copy of IMG00447.JPG,conductor,1,0.0741,4942.38,3279.9,5240.79,4647.49
Copy of IMG00447.JPG,conductor,1,0.0725,4929.74,3304.22,5273.17,5170.48
Copy of IMG00447.JPG,insulator,2,0.0597,6947.46,827.75,7203.51,1103.12
Copy of IMG00447.JPG,conductor,1,0.0591,704.54,2541.72,2937.77,3192.19
Copy of IMG00447.JPG,conductor,1,0.05,19.65,3469.74,3235.9,4201.64
Copy of IMG00265.JPG,conductor,1,0.3927,2515.2,2663.18,8839.35,3589.28
Copy of IMG00265.JPG,conductor,1,0.2289,0.0,2954.14,6466.08,4090.86
Copy of IMG00265.JPG,conductor,1,0.1593,6216.04,1041.97,8611.29,1712.01
Copy of IMG00265.JPG,conductor,1,0.0764,3221.64,2838.76,5621.96,3835.05
Copy of IMG00265.JPG,conductor,1,0.0734,1097.63,1914.7,8494.82,2833.9
Copy of IMG00265.JPG,conductor,1,0.0701,1081.65,2952.92,8086.51,3928.88
Copy of IMG00265.JPG,conductor,1,0.064,4092.06,3637.86,9110.83,4987.84
Copy of IMG00265.JPG,conductor,1,0.0583,1506.74,2480.58,8783.48,3638.39
Copy of IMG00265.JPG,conductor,1,0.0574,1096.87,2396.41,4893.29,3196.11
Copy of IMG00265.JPG,conductor,1,0.0516,1450.01,3202.19,4075.98,4243.32
Copy of IMG00360.JPG,pylon,0,0.2564,3995.92,27.85,4844.53,3008.53
Copy of IMG00360.JPG,conductor,1,0.1046,1643.15,5210.73,2263.37,6233.92
Copy of IMG00360.JPG,conductor,1,0.0832,4449.44,2861.56,5558.76,6240.14
Copy of IMG00360.JPG,conductor,1,0.0578,580.2,3883.54,1723.48,5299.74
Copy of IMG00360.JPG,insulator,2,0.0502,5059.18,3159.48,5284.1,3437.04
Copy of IMG03412.JPG,pylon,0,0.8956,5096.29,4490.37,5828.46,6299.01
Copy of IMG03412.JPG,insulator,2,0.7924,5104.33,2828.78,5371.87,3147.78
Copy of IMG03412.JPG,conductor,1,0.6231,3065.56,3415.54,4955.9,4026.86
Copy of IMG03412.JPG,conductor,1,0.6127,2782.33,2812.67,3970.48,3175.66
Copy of IMG03412.JPG,conductor,1,0.4191,0.28,4009.66,913.54,4753.18
Copy of IMG03412.JPG,insulator,2,0.3718,5009.19,3391.66,5298.53,3628.93
Copy of IMG03412.JPG,insulator,2,0.3472,4773.44,2596.49,5031.63,2828.39
Copy of IMG03412.JPG,conductor,1,0.3436,2838.31,2865.35,3815.82,3161.62
Copy of IMG03412.JPG,conductor,1,0.3375,469.92,3019.53,2661.7,3648.58
Copy of IMG03412.JPG,conductor,1,0.2437,1805.29,4563.52,3661.66,5456.2
Copy of IMG03412.JPG,conductor,1,0.2095,660.41,3009.48,2795.66,3463.8
Copy of IMG03412.JPG,conductor,1,0.199,182.86,3072.49,2195.0,3692.39
Copy of IMG03412.JPG,insulator,2,0.1985,4803.92,3473.22,5043.82,3665.85
Copy of IMG03412.JPG,conductor,1,0.1945,0.0,4898.16,2244.0,5695.2
Copy of IMG03412.JPG,insulator,2,0.1913,4591.51,2640.77,4824.94,2852.18
Copy of IMG03412.JPG,conductor,1,0.1813,7.51,3400.22,923.21,3738.13
Copy of IMG03412.JPG,conductor,1,0.1746,3014.26,2782.27,4119.08,3062.85
Copy of IMG03412.JPG,conductor,1,0.1646,5547.46,2540.02,6779.08,2902.1
Copy of IMG03412.JPG,conductor,1,0.1631,703.12,3852.76,2045.5,4574.91
Copy of IMG03412.JPG,conductor,1,0.1515,2850.99,2747.73,4175.23,3150.1
Copy of IMG03412.JPG,conductor,1,0.148,0.0,3425.9,668.47,3810.17
Copy of IMG03412.JPG,conductor,1,0.1434,1.15,3518.79,380.4,3830.27
Copy of IMG03412.JPG,conductor,1,0.1338,6061.8,2620.73,8376.83,3031.0
Copy of IMG03412.JPG,conductor,1,0.1328,19.43,3285.76,1347.55,3742.29
Copy of IMG03412.JPG,conductor,1,0.1265,2982.34,2701.57,4494.64,3086.4
Copy of IMG03412.JPG,conductor,1,0.1211,3368.67,2761.18,4348.37,3031.63
Copy of IMG03412.JPG,conductor,1,0.1183,1.52,3511.22,521.11,3792.65
Copy of IMG03412.JPG,conductor,1,0.1157,3583.35,2670.94,4547.38,3035.09
Copy of IMG03412.JPG,conductor,1,0.1121,39.59,3153.57,1749.58,3727.44
Copy of IMG03412.JPG,conductor,1,0.1061,6381.42,2762.85,8998.95,3191.11
Copy of IMG03412.JPG,pylon_fissure,3,0.106,5430.75,5264.98,5584.92,6288.88
Copy of IMG03412.JPG,conductor,1,0.1048,0.0,3461.43,810.52,3760.45
Copy of IMG03412.JPG,conductor,1,0.103,1799.05,3029.62,2841.64,3392.14
Copy of IMG03412.JPG,conductor,1,0.1014,65.47,3372.67,1067.34,3691.53
Copy of IMG03412.JPG,conductor,1,0.1006,20.79,4843.51,2872.38,5627.91
Copy of IMG03412.JPG,conductor,1,0.0872,2754.97,2911.49,3589.63,3132.14
Copy of IMG03412.JPG,conductor,1,0.0857,3719.83,2644.26,4634.05,2934.24
Copy of IMG03412.JPG,insulator,2,0.0816,5102.27,2846.96,5437.98,3201.53
Copy of IMG03412.JPG,conductor,1,0.0812,2226.12,3019.95,2874.51,3289.27
Copy of IMG03412.JPG,insulator,2,0.0803,5230.59,2784.16,5477.43,3174.21
Copy of IMG03412.JPG,conductor,1,0.0766,2986.1,2814.82,3895.5,3107.07
Copy of IMG03412.JPG,conductor,1,0.0744,2795.82,2921.1,3697.98,3185.69
Copy of IMG03412.JPG,conductor,1,0.0713,1324.81,3099.6,2469.87,3351.1
Copy of IMG03412.JPG,conductor,1,0.0679,3499.77,2730.9,4456.65,3019.9
Copy of IMG03412.JPG,conductor,1,0.0674,1094.18,3286.02,2009.65,3533.32
Copy of IMG03412.JPG,conductor,1,0.0671,123.66,3221.43,1320.72,3553.56
Copy of IMG03412.JPG,conductor,1,0.0665,6165.76,2690.64,9003.17,3098.26
Copy of IMG03412.JPG,conductor,1,0.0658,0.0,3613.95,256.35,3926.83
Copy of IMG03412.JPG,insulator,2,0.0653,4825.38,2589.39,5101.53,2822.97
Copy of IMG03412.JPG,conductor,1,0.0647,3334.37,4091.26,4880.19,5056.4
Copy of IMG03412.JPG,conductor,1,0.062,826.39,4764.13,3052.62,5542.23
Copy of IMG03412.JPG,pylon_fissure,3,0.0608,5414.05,4826.76,5594.57,6289.62
Copy of IMG03412.JPG,conductor,1,0.0606,5482.0,2511.67,6706.28,2826.16
Copy of IMG03412.JPG,conductor,1,0.0588,528.25,3200.13,1404.78,3523.0
Copy of IMG03412.JPG,insulator,2,0.0587,4743.5,2601.98,5053.41,2874.25
Copy of IMG03412.JPG,conductor,1,0.0567,69.04,3243.5,1218.24,3631.43
Copy of IMG03412.JPG,conductor,1,0.0543,572.46,3300.98,1495.71,3627.52
Copy of IMG03412.JPG,conductor,1,0.053,0.82,3337.25,406.93,3744.24
Copy of IMG03412.JPG,insulator,2,0.0525,5039.5,3417.73,5358.07,3723.42
Copy of IMG03412.JPG,conductor,1,0.052,354.66,3331.74,1377.58,3651.75
Copy of IMG03412.JPG,conductor,1,0.0511,217.16,4708.94,3624.34,5545.55
Copy of IMG03412.JPG,conductor,1,0.0507,5588.21,2553.65,8339.69,2964.66
Copy of IMG03412.JPG,conductor,1,0.0501,982.56,3014.7,1993.89,3264.08
Copy of IMG00491.JPG,insulator,2,0.6108,5452.96,3015.4,5655.2,3254.82
Copy of IMG00491.JPG,conductor,1,0.6045,3322.28,5176.05,3913.74,6178.15
Copy of IMG00491.JPG,pylon,0,0.5853,4757.93,3111.81,5190.66,6260.54
Copy of IMG00491.JPG,conductor,1,0.4553,3479.8,4341.84,4154.35,5334.09
Copy of IMG00491.JPG,conductor,1,0.4435,4381.08,4115.23,4790.29,5065.68
Copy of IMG00491.JPG,conductor,1,0.3975,3922.11,3364.41,4369.74,4192.63
Copy of IMG00491.JPG,insulator,2,0.3619,4188.56,2914.43,4473.75,3196.92
Copy of IMG00491.JPG,conductor,1,0.3609,3547.57,3714.31,4248.88,5252.44
Copy of IMG00491.JPG,conductor,1,0.356,3846.37,3503.22,4349.3,4392.92
Copy of IMG00491.JPG,conductor,1,0.2924,4084.93,5415.73,4697.99,6231.21
Copy of IMG00491.JPG,conductor,1,0.2759,4159.05,4667.37,4720.2,5618.04
Copy of IMG00491.JPG,conductor,1,0.2574,3641.2,3645.59,4311.14,4933.04
Copy of IMG00491.JPG,conductor,1,0.2326,4148.8,4860.57,4680.41,5703.09
Copy of IMG00491.JPG,conductor,1,0.2131,3299.2,5470.16,3844.06,6210.49
Copy of IMG00491.JPG,conductor,1,0.2029,4267.04,4201.28,4774.51,5327.39
Copy of IMG00491.JPG,insulator,2,0.1957,4869.65,2817.91,5062.22,3046.19
Copy of IMG00491.JPG,conductor,1,0.1954,4429.94,3994.35,4808.12,4913.49
Copy of IMG00491.JPG,conductor,1,0.1861,4121.87,4899.79,4676.75,6047.27
Copy of IMG00491.JPG,conductor,1,0.1824,3757.11,3576.84,4340.96,4755.4
Copy of IMG00491.JPG,conductor,1,0.1771,3428.9,4472.21,4096.72,5572.35
Copy of IMG00491.JPG,conductor,1,0.1683,3284.28,5597.58,3772.15,6242.62
Copy of IMG00491.JPG,conductor,1,0.162,3995.1,3305.01,4386.06,3977.32
Copy of IMG00491.JPG,conductor,1,0.1548,3434.77,4767.53,4076.53,5623.23
Copy of IMG00491.JPG,conductor,1,0.1512,4213.78,4389.13,4779.69,5445.76
Copy of IMG00491.JPG,conductor,1,0.1403,4762.43,3496.16,5423.09,6268.05
Copy of IMG00491.JPG,conductor,1,0.1316,5101.68,3954.87,5515.94,5122.83
Copy of IMG00491.JPG,conductor,1,0.1254,5196.0,3915.29,5517.45,4942.52
Copy of IMG00491.JPG,conductor,1,0.1074,3582.91,4176.5,4182.05,5232.31
Copy of IMG00491.JPG,pylon,0,0.1051,4771.92,3291.17,5083.15,6293.56
Copy of IMG00491.JPG,insulator,2,0.1017,5443.49,2998.15,5642.48,3428.23
Copy of IMG00491.JPG,conductor,1,0.0966,3600.44,3984.94,4240.36,5084.82
Copy of IMG00491.JPG,conductor,1,0.0955,4942.37,3924.14,5517.77,6236.9
Copy of IMG00491.JPG,conductor,1,0.0884,3338.87,5031.33,3949.19,6013.31
Copy of IMG00491.JPG,conductor,1,0.0882,4473.63,3903.51,4844.64,4780.05
Copy of IMG00491.JPG,conductor,1,0.0828,5356.2,3194.88,5628.02,3814.44
Copy of IMG00491.JPG,conductor,1,0.0821,4759.9,3594.5,5141.37,6278.06
Copy of IMG00491.JPG,pylon,0,0.0802,4750.1,3667.8,5334.91,6261.49
Copy of IMG00491.JPG,conductor,1,0.0757,4529.99,1808.72,4971.25,2383.55
Copy of IMG00491.JPG,conductor,1,0.0718,3401.92,4903.05,4003.12,5786.52
Copy of IMG00491.JPG,conductor,1,0.0716,5081.52,1655.88,5480.68,2303.18
Copy of IMG00491.JPG,conductor,1,0.0677,4061.21,5564.59,4602.97,6245.61
Copy of IMG00491.JPG,conductor,1,0.0622,5122.11,3922.46,5469.65,5482.81
Copy of IMG00491.JPG,conductor,1,0.0522,4501.61,3819.37,4840.79,4537.08
Copy of IMG00491.JPG,conductor,1,0.0515,5812.17,3776.75,9469.56,4894.06
Copy of IMG00490.JPG,conductor,1,0.7325,3397.03,3257.27,4289.58,4741.72
Copy of IMG00490.JPG,insulator,2,0.6579,4842.37,2275.65,5034.11,2490.57
Copy of IMG00490.JPG,pylon,0,0.5925,4739.75,2548.3,5170.4,6227.56
Copy of IMG00490.JPG,insulator,2,0.4606,4259.76,2354.67,4501.67,2615.54
Copy of IMG00490.JPG,conductor,1,0.2985,3078.72,5211.1,3677.45,6222.73
Copy of IMG00490.JPG,conductor,1,0.2791,3093.83,4754.02,3789.11,6098.05
Copy of IMG00490.JPG,conductor,1,0.278,3829.58,5492.28,4334.31,6232.36
Copy of IMG00490.JPG,conductor,1,0.2616,3119.9,4591.58,3906.65,5634.93
Copy of IMG00490.JPG,conductor,1,0.2408,4144.71,4242.78,4654.61,5046.76
Copy of IMG00490.JPG,conductor,1,0.2289,3089.63,5471.72,3606.26,6240.79
Copy of IMG00490.JPG,insulator,2,0.1985,5390.54,2460.69,5617.99,2667.13
Copy of IMG00490.JPG,conductor,1,0.165,4113.8,4285.22,4647.21,5320.24
Copy of IMG00490.JPG,conductor,1,0.1601,5095.55,3523.37,5453.15,4489.25
Copy of IMG00490.JPG,conductor,1,0.1502,5807.62,3338.71,9504.0,4393.76
Copy of IMG00490.JPG,conductor,1,0.1386,3073.08,5647.7,3526.03,6279.3
Copy of IMG00490.JPG,conductor,1,0.1247,3860.57,5268.46,4445.88,6240.45
Copy of IMG00490.JPG,conductor,1,0.1242,4019.88,4482.03,4665.29,5612.61
Copy of IMG00490.JPG,conductor,1,0.1223,3220.31,4215.49,4025.99,5396.66
Copy of IMG00490.JPG,conductor,1,0.1164,5287.05,2607.47,5556.18,3258.96
Copy of IMG00490.JPG,conductor,1,0.1102,4424.41,3462.99,4742.86,4426.02
Copy of IMG00490.JPG,conductor,1,0.1088,3125.49,4894.21,3816.41,5809.39
Copy of IMG00490.JPG,conductor,1,0.1039,3922.94,4881.94,4545.84,5770.94
Copy of IMG00490.JPG,conductor,1,0.0925,3079.09,5030.59,3751.41,5939.68
Copy of IMG00490.JPG,conductor,1,0.0917,3944.67,4773.32,4604.69,5651.68
Copy of IMG00490.JPG,conductor,1,0.0821,3908.65,5015.53,4513.36,5937.25
Copy of IMG00490.JPG,conductor,1,0.0796,3246.32,4531.4,3933.14,5500.95
Copy of IMG00490.JPG,conductor,1,0.0781,3992.68,2905.82,4373.51,3513.59
Copy of IMG00490.JPG,conductor,1,0.0773,592.4,1818.82,3185.71,2457.81
Copy of IMG00490.JPG,conductor,1,0.0748,4338.02,3523.45,4747.3,4630.03
Copy of IMG00490.JPG,pylon,0,0.0685,4771.39,2579.05,5066.97,6045.64
Copy of IMG00490.JPG,conductor,1,0.066,3886.25,5133.79,4484.28,6103.42
Copy of IMG00490.JPG,conductor,1,0.0652,0.0,1885.33,3206.23,2516.55
Copy of IMG00490.JPG,conductor,1,0.0646,5063.04,1322.33,5448.7,1881.18
Copy of IMG00490.JPG,conductor,1,0.0617,3913.88,4854.04,4637.25,6037.78
Copy of IMG00490.JPG,conductor,1,0.0568,4151.11,4118.3,4688.94,4934.48
Copy of IMG00101.JPG,insulator,2,0.6806,1308.31,1080.96,1554.36,1281.02
Copy of IMG00101.JPG,insulator,2,0.49,1296.22,1033.24,1593.53,1278.75
Copy of IMG00101.JPG,conductor,1,0.27,6204.36,4536.56,7266.17,5347.28
Copy of IMG00101.JPG,conductor,1,0.2595,5635.16,5335.42,6347.84,6232.46
Copy of IMG00101.JPG,conductor,1,0.1806,2664.47,680.7,3759.65,1008.75
Copy of IMG00101.JPG,conductor,1,0.1597,6745.06,5260.2,7640.41,6087.82
Copy of IMG00101.JPG,conductor,1,0.1507,2721.75,665.07,3481.72,951.93
Copy of IMG00101.JPG,conductor,1,0.1401,3654.12,752.52,4365.9,1086.02
Copy of IMG00101.JPG,conductor,1,0.1359,37.0,731.74,1185.65,1079.05
Copy of IMG00101.JPG,conductor,1,0.1304,5211.17,4557.88,5903.89,5409.32
Copy of IMG00101.JPG,conductor,1,0.1266,5262.62,4632.76,6063.61,5452.63
Copy of IMG00101.JPG,insulator,2,0.1264,1244.26,897.99,1769.59,1252.44
Copy of IMG00101.JPG,conductor,1,0.1253,11.03,792.4,1231.23,1425.92
Copy of IMG00101.JPG,conductor,1,0.1232,3741.9,765.32,4426.59,1151.42
Copy of IMG00101.JPG,conductor,1,0.1172,5131.11,4454.3,5789.31,5211.96
Copy of IMG00101.JPG,conductor,1,0.1085,6492.36,4976.96,7613.73,5872.97
Copy of IMG00101.JPG,conductor,1,0.1068,5670.74,4177.45,6199.73,4576.04
Copy of IMG00101.JPG,conductor,1,0.0996,4062.9,2590.85,4699.85,3059.85
Copy of IMG00101.JPG,conductor,1,0.0991,5.43,962.65,1292.65,1652.36
Copy of IMG00101.JPG,conductor,1,0.0975,108.66,688.5,1138.91,997.86
Copy of IMG00101.JPG,conductor,1,0.0953,6657.01,5086.48,7629.93,5983.8
Copy of IMG00101.JPG,conductor,1,0.0925,2853.84,112.7,3293.58,504.97
Copy of IMG00101.JPG,conductor,1,0.0881,5478.82,5125.76,6314.51,6176.76
Copy of IMG00101.JPG,conductor,1,0.0865,3806.17,2085.99,4476.81,2756.25
Copy of IMG00101.JPG,conductor,1,0.0802,4861.61,4023.76,5443.5,4574.18
Copy of IMG00101.JPG,conductor,1,0.078,5043.63,4288.18,5722.21,5090.54
Copy of IMG00101.JPG,conductor,1,0.0725,2766.49,709.53,4274.59,1028.87
Copy of IMG00101.JPG,conductor,1,0.0713,6271.5,4620.91,7542.46,5554.4
Copy of IMG00101.JPG,conductor,1,0.0702,3443.98,733.1,3967.69,967.64
Copy of IMG00101.JPG,conductor,1,0.0678,5725.87,3882.26,6600.61,4487.41
Copy of IMG00101.JPG,conductor,1,0.0675,3323.86,1170.67,3982.38,1849.26
Copy of IMG00101.JPG,conductor,1,0.0647,5628.84,4067.65,6159.15,4490.91
Copy of IMG00101.JPG,conductor,1,0.0644,4107.73,2694.44,4798.65,3153.08
Copy of IMG00101.JPG,conductor,1,0.0642,4842.17,2308.56,5328.5,2813.13
Copy of IMG00101.JPG,conductor,1,0.0617,5750.13,5464.18,6375.66,6212.11
Copy of IMG00101.JPG,conductor,1,0.0594,3841.43,2321.55,4623.41,2973.75
Copy of IMG00101.JPG,insulator,2,0.0578,5080.6,2981.53,5434.33,3386.5
Copy of IMG00101.JPG,conductor,1,0.0577,7555.38,534.34,8083.21,751.27
Copy of IMG00101.JPG,conductor,1,0.055,4930.54,4133.13,5605.06,4968.24
Copy of IMG00101.JPG,conductor,1,0.0531,7846.26,861.95,8307.06,1091.21
Copy of IMG00101.JPG,conductor,1,0.0527,6179.09,4532.97,7030.3,5143.09
Copy of IMG00101.JPG,conductor,1,0.0511,5608.6,3885.53,6160.49,4437.05
Copy of IMG00101.JPG,conductor,1,0.0508,3891.27,1065.73,4478.8,1347.11
Copy of IMG03388.JPG,pylon,0,0.7428,5102.75,3756.3,5600.29,6297.88
Copy of IMG03388.JPG,conductor,1,0.7048,6045.61,3004.43,7984.6,3483.61
Copy of IMG03388.JPG,conductor,1,0.6739,1754.05,4914.19,3026.93,5662.64
Copy of IMG03388.JPG,conductor,1,0.4109,7039.12,4394.67,8756.53,5077.07
Copy of IMG03388.JPG,conductor,1,0.3374,1418.94,4010.02,2741.9,4665.91
Copy of IMG03388.JPG,insulator,2,0.3019,4747.13,3292.48,5001.95,3569.34
Copy of IMG03388.JPG,conductor,1,0.2901,1406.09,4078.52,2546.18,4741.95
Copy of IMG03388.JPG,conductor,1,0.282,1393.1,4549.3,2325.03,5135.45
Copy of IMG03388.JPG,conductor,1,0.2647,8820.64,3700.09,9504.0,4170.47
Copy of IMG03388.JPG,conductor,1,0.2521,8319.13,4002.23,9483.17,4561.45
Copy of IMG03388.JPG,insulator,2,0.2434,5269.04,3164.35,5463.63,3373.69
Copy of IMG03388.JPG,conductor,1,0.205,1380.83,4308.74,2357.61,5094.66
Copy of IMG03388.JPG,insulator,2,0.1894,5269.21,3465.85,5463.55,3680.94
Copy of IMG03388.JPG,conductor,1,0.1855,3230.63,4381.33,4205.26,5003.14
Copy of IMG03388.JPG,conductor,1,0.1297,8710.79,3715.1,9504.0,4311.58
Copy of IMG03388.JPG,insulator,2,0.1288,5755.34,3378.08,5939.63,3564.52
Copy of IMG03388.JPG,conductor,1,0.1165,1596.29,3946.4,2944.1,4647.61
Copy of IMG03388.JPG,conductor,1,0.1039,7895.01,2727.39,9495.09,3184.18
Copy of IMG03388.JPG,conductor,1,0.1016,2.57,5094.06,1252.31,5955.69
Copy of IMG03388.JPG,conductor,1,0.0961,6029.82,3091.2,7069.92,3364.57
Copy of IMG03388.JPG,conductor,1,0.0875,1628.12,5023.09,2913.69,5715.4
Copy of IMG03388.JPG,conductor,1,0.0869,5506.22,4420.62,8600.8,5175.98
Copy of IMG03388.JPG,conductor,1,0.0796,0.0,5146.37,926.66,6008.67
Copy of IMG03388.JPG,conductor,1,0.0734,8733.63,3837.44,9504.0,4439.02
Copy of IMG03388.JPG,conductor,1,0.0682,1942.11,3965.49,3018.14,4754.03
Copy of IMG03388.JPG,conductor,1,0.066,3050.34,4418.27,4115.34,5097.82
Copy of IMG03388.JPG,conductor,1,0.0598,2137.6,4326.17,2908.23,4806.13
Copy of IMG03388.JPG,conductor,1,0.0597,8337.48,3769.87,9504.0,4429.19
Copy of IMG03388.JPG,conductor,1,0.0572,631.71,4850.65,1717.95,5454.88
Copy of IMG03388.JPG,conductor,1,0.0559,5421.03,4686.04,8657.73,5377.27
Copy of IMG03388.JPG,insulator,2,0.0544,5260.32,3457.42,5472.2,3619.61
Copy of IMG03388.JPG,conductor,1,0.0541,8753.16,4017.2,9504.0,4519.49
Copy of IMG03388.JPG,conductor,1,0.0522,2900.18,4448.29,4047.06,5225.28
Copy of IMG00260.JPG,conductor,1,0.1103,1916.27,3134.17,4211.66,4206.0
Copy of IMG00260.JPG,conductor,1,0.0976,2085.05,2534.6,4971.45,3191.69
Copy of IMG00260.JPG,conductor,1,0.074,1948.51,3146.09,5484.13,4185.4
Copy of IMG00260.JPG,conductor,1,0.0725,6162.26,1037.01,8588.83,1739.1
Copy of IMG00260.JPG,conductor,1,0.071,4028.39,2822.69,5981.81,3773.67
Copy of IMG00260.JPG,conductor,1,0.0522,5250.56,3464.66,9317.84,4566.55
Copy of IMG00249.JPG,conductor,1,0.4597,4.48,2694.5,1271.06,3144.13
Copy of IMG00249.JPG,conductor,1,0.3997,0.21,2643.08,1231.33,3301.33
Copy of IMG00249.JPG,conductor,1,0.3077,2153.02,4875.69,3205.7,5746.46
Copy of IMG00249.JPG,pylon,0,0.2588,4472.42,3890.55,4860.44,5518.67
Copy of IMG00249.JPG,conductor,1,0.2166,3099.21,5257.83,3874.38,6234.7
Copy of IMG00249.JPG,conductor,1,0.1578,3232.33,5128.3,3943.68,5910.95
Copy of IMG00249.JPG,conductor,1,0.1463,205.48,69.33,544.62,1711.51
Copy of IMG00249.JPG,conductor,1,0.1315,2992.13,5631.22,3631.92,6289.2
Copy of IMG00249.JPG,insulator,2,0.1151,4144.18,2976.61,4379.99,3301.79
Copy of IMG00249.JPG,insulator,2,0.1094,4863.08,2998.79,5084.46,3229.26
Copy of IMG00249.JPG,conductor,1,0.1043,3659.14,4525.25,4314.48,5456.83
Copy of IMG00249.JPG,conductor,1,0.1039,3702.61,4498.46,4348.05,5264.01
Copy of IMG00249.JPG,conductor,1,0.0998,3044.33,5503.22,3712.06,6252.24
Copy of IMG00249.JPG,conductor,1,0.0973,3766.86,4387.6,4396.18,5163.38
Copy of IMG00249.JPG,conductor,1,0.0904,3517.03,4707.15,4161.37,5544.81
Copy of IMG00249.JPG,conductor,1,0.0853,0.0,4064.43,1315.91,5003.21
Copy of IMG00249.JPG,conductor,1,0.0847,2901.56,1758.13,4051.65,2482.98
Copy of IMG00249.JPG,conductor,1,0.0785,3326.52,4999.08,4068.5,5745.43
Copy of IMG00249.JPG,conductor,1,0.0568,2.49,2666.3,1283.44,3573.48
Copy of IMG00249.JPG,conductor,1,0.0529,3410.3,4866.54,4097.28,5661.7
Copy of IMG03520.JPG,insulator,2,0.877,4014.17,2803.12,4463.52,3278.55
Copy of IMG03520.JPG,pylon,0,0.6411,3615.34,4362.32,4251.46,6296.44
Copy of IMG03520.JPG,pylon,0,0.615,3587.78,3213.55,4218.01,6290.71
Copy of IMG03520.JPG,insulator,2,0.4867,4092.1,3956.42,4472.3,4505.78
Copy of IMG03520.JPG,insulator,2,0.2123,4046.67,3419.54,4463.08,3870.13
Copy of IMG03520.JPG,pylon,0,0.1211,7275.27,3300.54,8132.29,6281.72
Copy of IMG03520.JPG,conductor,1,0.0731,8802.44,3722.78,9502.04,4558.62
Copy of IMG03520.JPG,conductor,1,0.0587,7221.43,3253.06,8185.04,6292.71
Copy of IMG03520.JPG,insulator,2,0.0582,2093.24,377.91,2311.02,654.72
Copy of IMG00095.JPG,pylon,0,0.8055,4596.27,3392.16,5137.24,6285.02
Copy of IMG00095.JPG,insulator,2,0.6481,4829.01,2798.3,5077.19,3023.51
Copy of IMG00095.JPG,conductor,1,0.624,4269.08,1050.26,4599.44,2374.41
Copy of IMG00095.JPG,insulator,2,0.6026,5179.85,3127.16,5428.24,3358.65
Copy of IMG00095.JPG,insulator,2,0.5408,4460.63,3098.78,4689.59,3383.15
Copy of IMG00095.JPG,insulator,2,0.1916,5089.68,2643.02,5321.61,2864.01
Copy of IMG00095.JPG,conductor,1,0.1091,4665.01,1254.54,5261.91,2438.09
Copy of IMG00095.JPG,conductor,1,0.0749,4299.33,1049.49,4524.91,2404.6
Copy of IMG00017.JPG,insulator,2,0.6983,3632.03,2081.38,3904.44,2430.92
Copy of IMG00017.JPG,insulator,2,0.6254,4922.8,1549.5,5284.92,1873.62
Copy of IMG00017.JPG,conductor,1,0.5322,3897.81,4642.98,4927.2,6257.65
Copy of IMG00017.JPG,conductor,1,0.3229,4278.7,3353.82,5464.15,4774.32
Copy of IMG00017.JPG,conductor,1,0.2805,6271.3,5572.82,6819.27,6259.66
Copy of IMG00017.JPG,insulator,2,0.2452,4356.38,1499.09,4714.03,1829.19
Copy of IMG00017.JPG,conductor,1,0.1871,2582.32,1275.64,3039.72,1844.14
Copy of IMG00017.JPG,conductor,1,0.1607,4903.68,5098.35,5929.06,6221.37
Copy of IMG00017.JPG,insulator,2,0.1592,2521.68,887.82,2714.53,1071.97
Copy of IMG00017.JPG,insulator,2,0.1285,4167.37,1914.24,4421.24,2178.12
Copy of IMG00017.JPG,insulator,2,0.1266,4103.76,1884.41,4404.5,2160.67
Copy of IMG00017.JPG,insulator,2,0.1078,3578.7,2078.87,3866.49,2379.14
Copy of IMG00017.JPG,conductor,1,0.0985,4261.59,3311.55,5198.47,4494.82
Copy of IMG00017.JPG,insulator,2,0.0926,3695.42,2091.95,4019.25,2406.94
Copy of IMG00017.JPG,insulator,2,0.091,4208.14,1940.29,4440.63,2218.05
Copy of IMG00017.JPG,insulator,2,0.0847,4411.06,1498.37,4763.5,1797.91
Copy of IMG00017.JPG,conductor,1,0.0839,2594.0,1339.48,3128.08,1976.32
Copy of IMG00017.JPG,conductor,1,0.0829,4244.74,3275.16,4994.23,3960.97
Copy of IMG00017.JPG,conductor,1,0.0743,2623.16,1710.4,3230.73,2231.05
Copy of IMG00017.JPG,conductor,1,0.0727,323.73,5616.25,943.58,6288.38
Copy of IMG00017.JPG,insulator,2,0.0636,3877.15,2081.7,4062.27,2334.55
Copy of IMG00017.JPG,conductor,1,0.0567,2563.23,1150.68,2904.13,1684.1
Copy of IMG00017.JPG,conductor,1,0.055,2560.18,1182.69,2976.66,1754.94
Copy of IMG00017.JPG,conductor,1,0.0539,2835.58,2532.32,3643.48,3175.59
Copy of IMG00017.JPG,pylon,0,0.0501,2292.02,1039.61,2617.01,2605.39
Copy of IMG00390.JPG,conductor,1,0.1553,9159.19,5420.67,9504.0,6231.93
Copy of IMG00390.JPG,conductor,1,0.119,8426.04,5627.91,8923.21,6266.97
Copy of IMG00390.JPG,conductor,1,0.1109,8923.89,4043.16,9392.45,4439.41
Copy of IMG00390.JPG,conductor,1,0.0877,9282.34,5438.81,9504.0,6233.4
Copy of IMG00390.JPG,conductor,1,0.0651,8861.98,5017.81,9404.49,5587.49
Copy of IMG00390.JPG,conductor,1,0.0574,4116.07,532.81,4392.49,699.59
Copy of IMG00390.JPG,conductor,1,0.0505,4526.63,755.23,4906.85,964.17
Copy of IMG00078.JPG,insulator,2,0.9089,3783.34,3545.62,4228.47,3998.43
Copy of IMG00078.JPG,insulator,2,0.8928,2977.14,2594.2,3437.64,3015.72
Copy of IMG00078.JPG,insulator,2,0.8409,4697.87,3212.69,5161.59,3723.15
Copy of IMG00078.JPG,insulator,2,0.8307,5597.42,2952.29,6132.01,3482.0
Copy of IMG00078.JPG,conductor,1,0.7334,5348.82,4107.43,6370.0,5002.69
Copy of IMG00078.JPG,insulator,2,0.7066,3770.56,1846.64,4178.65,2324.29
Copy of IMG00078.JPG,insulator,2,0.599,3877.5,2347.21,4309.57,2694.54
Copy of IMG00078.JPG,conductor,1,0.5742,6145.97,3542.9,7342.42,4414.44
Copy of IMG00078.JPG,insulator,2,0.5735,4452.45,2057.99,4857.39,2415.78
Copy of IMG00078.JPG,insulator,2,0.5547,4212.29,1800.73,4538.64,2146.65
Copy of IMG00078.JPG,insulator,2,0.5535,4792.29,1899.63,5296.57,2484.31
Copy of IMG00078.JPG,conductor,1,0.4999,8166.28,5524.2,8713.63,6195.72
Copy of IMG00078.JPG,conductor,1,0.4369,4912.24,4906.31,5783.91,5635.78
Copy of IMG00078.JPG,conductor,1,0.4137,7514.82,5003.07,8171.67,5565.2
Copy of IMG00078.JPG,insulator,2,0.4011,4594.34,1678.77,4953.89,2031.14
Copy of IMG00078.JPG,conductor,1,0.3576,7448.32,4923.6,8111.88,5493.28
Copy of IMG00078.JPG,conductor,1,0.3109,6324.91,4956.22,6984.59,5588.59
Copy of IMG00078.JPG,pylon,0,0.2459,3958.09,3959.97,4803.88,6262.62
Copy of IMG00078.JPG,conductor,1,0.2315,4000.79,3949.15,4806.01,6274.57
Copy of IMG00078.JPG,conductor,1,0.2128,5357.47,5438.47,6096.58,6124.06
Copy of IMG00078.JPG,insulator,2,0.1736,6659.58,7.47,7021.58,389.55
Copy of IMG00078.JPG,conductor,1,0.1605,6216.54,4880.46,6909.78,5539.51
Copy of IMG00078.JPG,conductor,1,0.1594,6817.82,5402.17,7380.54,6117.45
Copy of IMG00078.JPG,conductor,1,0.1303,7296.52,4747.98,7997.34,5335.1
Copy of IMG00078.JPG,conductor,1,0.1245,6180.17,3531.8,7523.31,4645.82
Copy of IMG00078.JPG,conductor,1,0.1227,7383.37,4858.02,8017.02,5369.12
Copy of IMG00078.JPG,conductor,1,0.1166,6681.63,4138.97,7627.31,4811.16
Copy of IMG00078.JPG,conductor,1,0.1032,7576.04,5109.88,8203.63,5622.21
Copy of IMG00078.JPG,conductor,1,0.1031,7206.56,4622.08,7935.02,5219.36
Copy of IMG00078.JPG,conductor,1,0.0984,6377.56,5075.72,7056.8,5687.47
Copy of IMG00078.JPG,conductor,1,0.0911,6462.48,4017.51,7582.05,4763.35
Copy of IMG00078.JPG,conductor,1,0.0898,6731.23,5343.49,7324.85,6060.19
Copy of IMG00078.JPG,conductor,1,0.0848,6105.88,4772.74,6827.16,5394.29
Copy of IMG00078.JPG,conductor,1,0.0845,5215.19,3814.77,6265.38,4970.38
Copy of IMG00078.JPG,conductor,1,0.0836,6876.53,4251.7,7735.35,4890.08
Copy of IMG00078.JPG,conductor,1,0.0791,5165.28,5187.65,6065.21,6081.42
Copy of IMG00078.JPG,conductor,1,0.0774,6905.97,5530.32,7407.5,6161.09
Copy of IMG00078.JPG,conductor,1,0.0741,7091.48,5653.53,7553.8,6266.67
Copy of IMG00078.JPG,conductor,1,0.0724,6951.16,4380.08,7823.28,5083.17
Copy of IMG00078.JPG,conductor,1,0.0603,6531.23,5211.3,7183.13,5859.67
Copy of IMG00078.JPG,conductor,1,0.0573,6675.79,5283.84,7263.41,5974.33
Copy of IMG00078.JPG,conductor,1,0.0559,7931.84,5271.12,8377.66,5789.95
Copy of IMG00078.JPG,conductor,1,0.0527,8015.96,5348.0,8486.04,5884.04
Copy of IMG00078.JPG,conductor,1,0.0508,7193.27,5845.26,7587.04,6272.87
Copy of IMG00078.JPG,conductor,1,0.0504,5413.43,4246.3,6473.53,5139.92
Copy of IMG00191.JPG,insulator,2,0.6984,5234.4,37.05,5554.43,395.4
Copy of IMG00191.JPG,insulator,2,0.6222,4664.36,0.0,4978.32,306.01
Copy of IMG00191.JPG,insulator,2,0.525,4088.3,0.0,4387.16,291.2
Copy of IMG00191.JPG,insulator,2,0.415,4825.15,4504.69,5167.88,4876.52
Copy of IMG00191.JPG,insulator,2,0.2703,4778.75,1021.53,5048.88,1312.4
Copy of IMG00191.JPG,conductor,1,0.1846,3770.03,1716.67,4556.51,3513.65
Copy of IMG00191.JPG,conductor,1,0.1393,2682.8,3646.49,3851.55,5709.07
Copy of IMG00191.JPG,conductor,1,0.1161,2690.11,4333.05,3823.46,5715.11
Copy of IMG00191.JPG,insulator,2,0.0872,4784.96,1207.23,5021.21,1376.57
Copy of IMG00191.JPG,conductor,1,0.0773,7976.76,172.95,8487.31,381.53
Copy of IMG00191.JPG,conductor,1,0.0755,3905.37,2351.15,4586.89,3357.75
Copy of IMG00191.JPG,conductor,1,0.0736,9087.13,2537.42,9490.92,2773.71
Copy of IMG00191.JPG,conductor,1,0.0734,9160.37,2692.98,9504.0,2993.54
Copy of IMG00191.JPG,conductor,1,0.0651,9145.78,2579.59,9502.22,2871.3
Copy of IMG00191.JPG,conductor,1,0.0646,9039.29,3138.46,9502.38,3378.61
Copy of IMG00191.JPG,conductor,1,0.0616,9027.61,2423.91,9458.56,2656.92
Copy of IMG00191.JPG,insulator,2,0.0611,4400.39,957.18,4709.67,1320.57
Copy of IMG00191.JPG,conductor,1,0.0569,9300.9,2706.75,9504.0,3004.39
Copy of IMG00191.JPG,conductor,1,0.0552,9306.43,2813.92,9504.0,3088.15
Copy of IMG00191.JPG,conductor,1,0.0503,9133.34,1089.9,9500.12,1300.48
Copy of IMG03440.JPG,conductor,1,0.9687,5898.86,4969.43,6713.08,6303.07
Copy of IMG03440.JPG,insulator,2,0.8532,6999.11,2552.14,7428.51,3079.89
Copy of IMG03440.JPG,insulator,2,0.8491,5439.08,2888.63,5882.01,3289.82
Copy of IMG03440.JPG,insulator,2,0.7828,3800.15,2782.89,4204.37,3203.35
Copy of IMG03440.JPG,conductor,1,0.7259,14.79,1753.85,3473.92,3226.37
Copy of IMG03440.JPG,conductor,1,0.6748,8141.7,3221.25,9504.0,6245.2
Copy of IMG03440.JPG,pylon,0,0.6653,5162.42,5056.11,5777.78,6285.54
Copy of IMG03440.JPG,insulator,2,0.6248,5375.56,3416.13,5732.84,3833.41
Copy of IMG03440.JPG,insulator,2,0.571,5842.79,3410.36,6339.8,3836.62
Copy of IMG03440.JPG,insulator,2,0.5261,4953.01,3550.53,5324.17,3883.89
Copy of IMG03440.JPG,conductor,1,0.4924,434.6,3030.44,2289.07,6124.14
Copy of IMG03440.JPG,conductor,1,0.2626,22.2,3205.73,1805.32,6190.92
Copy of IMG03440.JPG,insulator,2,0.26,4989.23,3506.84,5354.97,3835.74
Copy of IMG03440.JPG,conductor,1,0.1446,8608.35,3503.64,9504.0,6336.0
Copy of IMG03440.JPG,conductor,1,0.1361,1161.0,1994.58,3054.54,3049.6
Copy of IMG03440.JPG,conductor,1,0.1338,9017.01,5448.15,9504.0,6336.0
Copy of IMG03440.JPG,insulator,2,0.1233,2990.73,5220.81,3352.98,5568.47
Copy of IMG03440.JPG,insulator,2,0.1113,7236.55,3716.72,7546.67,4054.36
Copy of IMG03440.JPG,insulator,2,0.109,4817.75,3593.52,5218.52,3917.05
Copy of IMG03440.JPG,conductor,1,0.0923,7347.31,1302.19,8540.08,1982.89
Copy of IMG03440.JPG,insulator,2,0.0729,5065.74,3407.07,5357.97,3622.15
Copy of IMG03440.JPG,insulator,2,0.0715,5019.54,3468.04,5363.44,3777.47
Copy of IMG03440.JPG,conductor,1,0.0686,8975.89,5903.4,9504.0,6336.0
Copy of IMG03440.JPG,pylon_fissure,3,0.0652,5349.11,5076.71,5508.03,6296.11
Copy of IMG03440.JPG,conductor,1,0.057,1151.59,2099.16,3505.18,3151.49
Copy of IMG03440.JPG,conductor,1,0.0546,0.31,3061.37,587.54,4265.51
Copy of IMG03443.JPG,conductor,1,0.8628,34.12,2687.8,1835.07,4139.17
Copy of IMG03443.JPG,insulator,2,0.8144,3736.9,2861.61,4143.48,3235.83
Copy of IMG03443.JPG,pylon,0,0.7655,4331.43,5142.24,4929.68,6301.8
Copy of IMG03443.JPG,insulator,2,0.7498,5323.05,3749.7,5724.6,4157.37
Copy of IMG03443.JPG,insulator,2,0.7088,2855.7,1688.66,3279.13,2139.96
Copy of IMG03443.JPG,conductor,1,0.6875,6642.14,37.16,7722.21,596.9
Copy of IMG03443.JPG,conductor,1,0.5187,5605.65,867.99,7134.44,1720.94
Copy of IMG03443.JPG,conductor,1,0.462,2.45,3761.53,622.55,4724.51
Copy of IMG03443.JPG,insulator,2,0.3617,3553.99,3232.19,3864.37,3499.51
Copy of IMG03443.JPG,conductor,1,0.3349,7909.91,0.0,8652.09,285.7
Copy of IMG03443.JPG,conductor,1,0.2975,5569.95,458.41,6893.74,1031.79
Copy of IMG03443.JPG,insulator,2,0.2974,4291.9,3772.19,4657.49,4162.57
Copy of IMG03443.JPG,conductor,1,0.2965,811.63,1651.83,2115.58,2269.12
Copy of IMG03443.JPG,conductor,1,0.2449,1864.48,3847.17,3075.28,4700.66
Copy of IMG03443.JPG,conductor,1,0.2413,646.17,4575.16,1907.17,5519.75
Copy of IMG03443.JPG,insulator,2,0.2408,4289.3,4480.34,4639.71,4739.16
Copy of IMG03443.JPG,conductor,1,0.1842,755.33,1660.68,2114.98,2502.89
Copy of IMG03443.JPG,insulator,2,0.1827,4330.33,4426.71,4748.0,4695.88
Copy of IMG03443.JPG,conductor,1,0.1795,0.0,5522.92,1332.49,6186.73
Copy of IMG03443.JPG,conductor,1,0.1648,8820.13,0.0,9504.0,342.27
Copy of IMG03443.JPG,insulator,2,0.1595,214.9,1145.48,592.91,1512.89
Copy of IMG03443.JPG,insulator,2,0.1528,4529.34,4433.96,4813.5,4656.27
Copy of IMG03443.JPG,conductor,1,0.1509,5559.56,2067.26,7253.66,2921.85
Copy of IMG03443.JPG,conductor,1,0.1143,5368.62,529.68,6760.62,1079.94
Copy of IMG03443.JPG,conductor,1,0.0988,1503.31,3349.33,2721.83,4004.42
Copy of IMG03443.JPG,conductor,1,0.094,0.0,5784.73,610.46,6227.62
Copy of IMG03443.JPG,insulator,2,0.0875,187.37,1128.96,625.48,1595.76
Copy of IMG03443.JPG,insulator,2,0.0834,4502.86,4471.09,4826.35,4685.19
Copy of IMG03443.JPG,conductor,1,0.0831,230.62,5444.69,2333.89,6072.02
Copy of IMG03443.JPG,insulator,2,0.0715,4062.88,4336.6,4302.58,4530.27
Copy of IMG03443.JPG,insulator,2,0.0654,3602.59,3165.46,3936.97,3446.08
Copy of IMG03443.JPG,conductor,1,0.0633,171.5,5272.49,1190.03,5799.98
Copy of IMG03443.JPG,conductor,1,0.0606,5620.45,38.74,6324.09,571.79
Copy of IMG03443.JPG,conductor,1,0.0578,6508.07,116.1,7517.54,588.43
Copy of IMG03443.JPG,conductor,1,0.056,5083.06,622.58,6354.81,1148.94
Copy of IMG03443.JPG,insulator,2,0.0529,3538.96,3173.2,3827.16,3490.99
Copy of IMG03443.JPG,conductor,1,0.0525,7823.46,26.66,8464.74,317.3
Copy of IMG03443.JPG,conductor,1,0.0501,5805.7,424.45,7029.36,931.51
Copy of IMG03434.JPG,insulator,2,0.8859,5435.92,4997.14,5920.62,5371.38
Copy of IMG03434.JPG,insulator,2,0.8473,5693.36,3447.98,6096.42,3839.52
Copy of IMG03434.JPG,pylon,0,0.8464,5742.68,4365.51,6392.06,6306.68
Copy of IMG03434.JPG,conductor,1,0.7941,6394.19,3675.45,9446.18,4664.98
Copy of IMG03434.JPG,conductor,1,0.7509,3514.97,2375.76,5851.3,2925.36
Copy of IMG03434.JPG,conductor,1,0.739,7301.99,2786.62,8892.41,3257.25
Copy of IMG03434.JPG,insulator,2,0.7281,5472.99,4266.16,5831.45,4554.64
Copy of IMG03434.JPG,conductor,1,0.6885,7350.14,3822.32,9479.71,4608.59
Copy of IMG03434.JPG,conductor,1,0.5791,11.83,5589.76,1432.93,6241.69
Copy of IMG03434.JPG,conductor,1,0.5499,0.0,1992.76,1065.89,2627.32
Copy of IMG03434.JPG,conductor,1,0.5083,7625.34,2266.05,9450.67,2748.61
Copy of IMG03434.JPG,conductor,1,0.4101,0.0,4795.84,1287.99,5501.64
Copy of IMG03434.JPG,conductor,1,0.3963,2409.35,5295.4,5080.8,6241.58
Copy of IMG03434.JPG,conductor,1,0.3734,930.09,4264.47,3331.2,5005.41
Copy of IMG03434.JPG,conductor,1,0.3594,8636.66,2922.35,9502.88,3356.47
Copy of IMG03434.JPG,conductor,1,0.3235,2471.86,4683.78,4375.99,5398.87
Copy of IMG03434.JPG,conductor,1,0.3008,0.0,4710.22,1699.57,5436.0
Copy of IMG03434.JPG,conductor,1,0.2896,2656.05,4622.07,4652.66,5353.78
Copy of IMG03434.JPG,conductor,1,0.2694,7202.91,2239.98,9342.32,2632.85
Copy of IMG03434.JPG,conductor,1,0.2625,3002.57,2334.71,5804.0,2805.92
Copy of IMG03434.JPG,conductor,1,0.2613,7402.7,2825.44,9317.13,3266.23
Copy of IMG03434.JPG,insulator,2,0.2384,4867.95,4449.11,5182.72,4755.36
Copy of IMG03434.JPG,conductor,1,0.2349,2291.68,5750.76,3670.58,6336.0
Copy of IMG03434.JPG,conductor,1,0.233,7272.99,2231.44,8790.74,2533.56
Copy of IMG03434.JPG,conductor,1,0.223,7001.08,2721.29,8844.17,3288.29
Copy of IMG03434.JPG,conductor,1,0.2226,7669.41,2804.06,8849.37,3242.69
Copy of IMG03434.JPG,conductor,1,0.197,2379.03,5640.54,3869.69,6309.55
Copy of IMG03434.JPG,conductor,1,0.1958,8280.81,2893.34,9504.0,3309.88
Copy of IMG03434.JPG,conductor,1,0.1924,2456.35,4800.96,4099.73,5499.19
Copy of IMG03434.JPG,conductor,1,0.1895,2371.55,4020.4,4085.02,4685.89
Copy of IMG03434.JPG,conductor,1,0.1866,2623.56,3925.62,4439.9,4630.09
Copy of IMG03434.JPG,conductor,1,0.1685,8148.35,2888.12,9292.15,3220.07
Copy of IMG03434.JPG,conductor,1,0.1654,8391.47,2897.02,9396.74,3241.52
Copy of IMG03434.JPG,conductor,1,0.1519,8867.25,2971.09,9504.0,3350.6
Copy of IMG03434.JPG,conductor,1,0.1513,3677.63,3510.54,5460.61,4348.16
Copy of IMG03434.JPG,conductor,1,0.1459,3424.06,5193.02,5168.17,6168.71
Copy of IMG03434.JPG,conductor,1,0.1459,8184.09,2337.78,9496.94,2819.05
Copy of IMG03434.JPG,conductor,1,0.1416,1.05,4884.07,1002.82,5562.93
Copy of IMG03434.JPG,conductor,1,0.1393,0.0,2201.48,914.76,2643.73
Copy of IMG03434.JPG,insulator,2,0.137,6067.25,2456.84,6333.25,2706.58
Copy of IMG03434.JPG,conductor,1,0.126,1335.53,4216.71,3818.87,4951.54
Copy of IMG03434.JPG,conductor,1,0.1258,6944.21,2201.32,9149.0,2548.79
Copy of IMG03434.JPG,conductor,1,0.1254,7270.79,2775.35,8739.7,3161.58
Copy of IMG03434.JPG,conductor,1,0.1252,2549.01,3301.03,5432.16,4399.98
Copy of IMG03434.JPG,conductor,1,0.1247,7505.61,2228.23,8960.94,2569.98
Copy of IMG03434.JPG,insulator,2,0.1245,6306.04,1965.02,6686.6,2288.49
Copy of IMG03434.JPG,conductor,1,0.1176,72.59,5556.15,1510.2,6109.64
Copy of IMG03434.JPG,conductor,1,0.1175,159.83,3204.59,1851.8,3576.63
Copy of IMG03434.JPG,insulator,2,0.1174,5302.0,4923.51,5773.55,5385.02
Copy of IMG03434.JPG,conductor,1,0.117,2137.38,3327.74,5196.36,3988.57
Copy of IMG03434.JPG,conductor,1,0.1126,9022.36,2550.39,9501.98,2848.25
Copy of IMG03434.JPG,insulator,2,0.1094,6260.18,2514.44,6540.14,2768.84
Copy of IMG03434.JPG,conductor,1,0.1075,0.0,5655.03,1167.54,6222.08
Copy of IMG03434.JPG,conductor,1,0.1055,517.47,3219.38,1760.4,3532.52
Copy of IMG03434.JPG,insulator,2,0.1034,5370.22,4860.59,5945.96,5527.45
Copy of IMG03434.JPG,conductor,1,0.1033,1806.17,4073.57,4009.42,4776.59
Copy of IMG03434.JPG,insulator,2,0.0989,5548.08,4265.86,5925.39,4518.71
Copy of IMG03434.JPG,conductor,1,0.0937,267.97,4237.85,3612.97,5082.19
Copy of IMG03434.JPG,conductor,1,0.0925,33.04,5493.05,1887.16,6227.1
Copy of IMG03434.JPG,insulator,2,0.0923,6329.71,2038.18,6716.67,2321.67
Copy of IMG03434.JPG,conductor,1,0.0921,7915.88,2863.81,9172.21,3231.02
Copy of IMG03434.JPG,conductor,1,0.0904,2.32,5708.36,962.61,6267.56
Copy of IMG03434.JPG,conductor,1,0.09,8479.55,2371.07,9421.68,2705.51
Copy of IMG03434.JPG,conductor,1,0.0833,8832.04,2438.05,9502.04,2794.1
Copy of IMG03434.JPG,conductor,1,0.0808,8981.55,4208.22,9503.37,4577.17
Copy of IMG03434.JPG,insulator,2,0.08,6277.46,2608.78,6649.24,2868.34
Copy of IMG03434.JPG,conductor,1,0.0755,719.38,4363.94,3217.58,5089.86
Copy of IMG03434.JPG,insulator,2,0.0731,5609.92,3438.29,6033.01,3832.56
Copy of IMG03434.JPG,conductor,1,0.0724,9021.03,2395.24,9501.22,2849.6
Copy of IMG03434.JPG,conductor,1,0.0711,9194.28,4404.27,9504.0,4898.31
Copy of IMG03434.JPG,conductor,1,0.0703,0.48,5832.74,456.76,6336.0
Copy of IMG03434.JPG,conductor,1,0.0703,9136.99,4342.07,9504.0,4793.98
Copy of IMG03434.JPG,conductor,1,0.0691,0.0,5798.72,803.16,6312.07
Copy of IMG03434.JPG,conductor,1,0.0658,0.0,5035.48,770.43,5544.96
Copy of IMG03434.JPG,conductor,1,0.0645,13.34,5377.83,2822.54,6228.49
Copy of IMG03434.JPG,conductor,1,0.064,2617.01,5441.34,4761.67,6271.53
Copy of IMG03434.JPG,insulator,2,0.0634,4429.34,4821.33,4738.62,5073.13
Copy of IMG03434.JPG,conductor,1,0.0633,0.47,3187.29,458.06,3541.9
Copy of IMG03434.JPG,conductor,1,0.0621,218.55,3202.96,3142.98,3594.79
Copy of IMG03434.JPG,conductor,1,0.0601,9052.32,4219.27,9504.0,4663.03
Copy of IMG03434.JPG,conductor,1,0.0593,1598.08,3263.63,5025.81,3851.09
Copy of IMG03434.JPG,conductor,1,0.0592,7571.09,2256.3,9181.78,2605.83
Copy of IMG03434.JPG,conductor,1,0.0592,1.58,2952.18,576.14,3505.96
Copy of IMG03434.JPG,conductor,1,0.0586,9229.23,4482.34,9504.0,5089.13
Copy of IMG03434.JPG,conductor,1,0.0567,0.2,3236.56,684.44,3550.51
Copy of IMG03434.JPG,conductor,1,0.0559,8684.15,4128.92,9502.92,4500.15
Copy of IMG03434.JPG,conductor,1,0.0552,1014.2,3215.76,5405.6,3926.37
Copy of IMG03434.JPG,conductor,1,0.0549,2840.95,3849.01,4920.45,4511.42
Copy of IMG03434.JPG,insulator,2,0.0548,5393.29,4896.92,5823.95,5403.08
Copy of IMG03434.JPG,conductor,1,0.0547,1.94,3278.12,568.29,3567.03
Copy of IMG03434.JPG,conductor,1,0.0545,7725.16,2279.48,9345.94,2656.52
Copy of IMG03434.JPG,conductor,1,0.0541,1.02,2650.82,617.02,3442.25
Copy of IMG03434.JPG,conductor,1,0.0532,2989.06,4563.08,4786.92,5196.71
Copy of IMG03434.JPG,conductor,1,0.0522,3410.71,3947.5,4751.18,4406.11
Copy of IMG03434.JPG,conductor,1,0.0505,6981.78,2211.61,8237.04,2504.88
Copy of IMG00020.JPG,conductor,1,0.2677,1104.45,1557.1,2626.44,5018.35
Copy of IMG00020.JPG,conductor,1,0.0634,4522.21,3722.32,5425.9,6315.82
Copy of IMG00020.JPG,conductor,1,0.0592,4501.51,4434.33,5406.84,6278.57
Copy of IMG03490.JPG,pylon,0,0.8928,4617.42,4924.02,5300.14,6311.52
Copy of IMG03490.JPG,insulator,2,0.8187,4861.63,3559.07,5229.34,3939.19
Copy of IMG03490.JPG,conductor,1,0.8169,345.81,2729.7,1740.57,3578.35
Copy of IMG03490.JPG,conductor,1,0.8079,6130.36,5470.88,7207.06,6267.34
Copy of IMG03490.JPG,conductor,1,0.7255,0.0,3347.58,1445.91,4603.17
Copy of IMG03490.JPG,conductor,1,0.7043,1583.81,3301.43,3272.69,4259.75
Copy of IMG03490.JPG,conductor,1,0.6582,1107.96,4184.91,3093.44,5383.02
Copy of IMG03490.JPG,conductor,1,0.6431,7552.9,5120.42,9256.47,5869.31
Copy of IMG03490.JPG,insulator,2,0.4182,6353.97,4493.21,6769.56,4878.07
Copy of IMG03490.JPG,insulator,2,0.386,4521.87,3877.58,4902.07,4215.85
Copy of IMG03490.JPG,insulator,2,0.365,4020.22,4456.91,4345.94,4753.11
Copy of IMG03490.JPG,conductor,1,0.3565,7554.99,5057.08,9447.03,6033.3
Copy of IMG03490.JPG,conductor,1,0.3456,663.29,2115.84,2299.61,2892.13
Copy of IMG03490.JPG,insulator,2,0.3105,5498.88,3837.06,5963.06,4280.32
Copy of IMG03490.JPG,conductor,1,0.3055,9036.55,5919.85,9504.0,6315.28
Copy of IMG03490.JPG,conductor,1,0.2794,3186.22,3116.21,4468.01,3713.23
Copy of IMG03490.JPG,conductor,1,0.2523,2596.59,2845.01,3927.57,3442.69
Copy of IMG03490.JPG,conductor,1,0.2028,0.4,1608.34,833.07,2081.18
Copy of IMG03490.JPG,insulator,2,0.1962,4251.33,4199.94,4596.55,4514.95
Copy of IMG03490.JPG,conductor,1,0.1942,8730.3,5862.09,9502.51,6304.8
Copy of IMG03490.JPG,conductor,1,0.1807,12.83,1709.74,801.83,2021.8
Copy of IMG03490.JPG,conductor,1,0.1786,2842.72,3973.67,4113.71,4739.53
Copy of IMG03490.JPG,insulator,2,0.1781,4211.61,4701.28,4529.2,5029.69
Copy of IMG03490.JPG,insulator,2,0.1716,3103.48,5219.4,3592.46,5587.3
Copy of IMG03490.JPG,conductor,1,0.1495,505.72,1990.12,1904.83,2560.82
Copy of IMG03490.JPG,conductor,1,0.1423,2679.98,2980.27,4449.1,3659.33
Copy of IMG03490.JPG,conductor,1,0.141,8339.71,5577.8,9457.59,6144.22
Copy of IMG03490.JPG,conductor,1,0.1382,524.15,2002.0,2230.65,2698.36
Copy of IMG03490.JPG,conductor,1,0.1381,8480.76,5630.42,9492.9,6247.27
Copy of IMG03490.JPG,conductor,1,0.1345,8581.83,5776.47,9503.18,6293.92
Copy of IMG03490.JPG,insulator,2,0.1332,4047.61,4425.13,4436.43,4700.85
Copy of IMG03490.JPG,conductor,1,0.1304,2878.2,3881.43,4458.33,4728.54
Copy of IMG03490.JPG,conductor,1,0.1295,2129.46,2624.92,3429.36,3243.77
Copy of IMG03490.JPG,conductor,1,0.129,8927.06,5828.61,9503.12,6319.14
Copy of IMG03490.JPG,conductor,1,0.1258,2.52,3198.57,908.29,4387.2
Copy of IMG03490.JPG,insulator,2,0.1132,5293.41,3734.07,5601.17,4044.07
Copy of IMG03490.JPG,conductor,1,0.0959,7752.8,5289.67,9455.55,5866.78
Copy of IMG03490.JPG,insulator,2,0.0896,4845.97,4539.3,5252.78,4849.9
Copy of IMG03490.JPG,insulator,2,0.0885,5679.17,5299.01,6124.23,5667.42
Copy of IMG03490.JPG,conductor,1,0.0876,8195.39,5512.84,9502.89,6039.84
Copy of IMG03490.JPG,insulator,2,0.0852,4024.08,4479.22,4382.17,4834.34
Copy of IMG03490.JPG,conductor,1,0.0828,7963.11,5414.19,9503.92,6008.06
Copy of IMG03490.JPG,conductor,1,0.081,2182.0,2717.64,3646.38,3371.3
Copy of IMG03490.JPG,conductor,1,0.0789,7476.72,5109.68,8968.66,5744.66
Copy of IMG03490.JPG,insulator,2,0.0768,5312.0,3745.75,5627.19,4119.63
Copy of IMG03490.JPG,conductor,1,0.0725,956.92,2164.24,2389.4,2942.35
Copy of IMG03490.JPG,pylon,0,0.0707,4062.51,3.62,5363.01,3522.18
Copy of IMG03490.JPG,conductor,1,0.0694,2.69,3239.88,1136.27,4525.42
Copy of IMG03490.JPG,conductor,1,0.0679,0.86,3143.62,687.0,4325.85
Copy of IMG03490.JPG,conductor,1,0.0658,2072.51,2515.53,3086.49,3141.9
Copy of IMG03490.JPG,conductor,1,0.0624,0.0,3836.16,3014.75,5334.79
Copy of IMG03490.JPG,insulator,2,0.0576,6316.56,4438.87,6792.15,4936.02
Copy of IMG03490.JPG,insulator,2,0.0554,4427.35,3537.6,4790.71,3806.11
Copy of IMG03490.JPG,conductor,1,0.0522,1.97,1565.46,615.04,1875.54
Copy of IMG03490.JPG,conductor,1,0.0521,1191.8,2201.38,2556.78,2970.84
Copy of IMG03490.JPG,conductor,1,0.0519,3000.71,5189.32,4532.73,6291.09
Copy of IMG00526.JPG,insulator,2,0.8682,2844.85,2604.42,3306.15,3052.35
Copy of IMG00526.JPG,insulator,2,0.8629,4002.2,2719.06,4493.16,3156.35
Copy of IMG00526.JPG,insulator,2,0.858,2850.03,3315.1,3291.59,3748.17
Copy of IMG00526.JPG,conductor,1,0.8563,4426.05,4485.21,5327.71,6171.16
Copy of IMG00526.JPG,insulator,2,0.8283,5223.49,2943.73,5664.87,3391.13
Copy of IMG00526.JPG,insulator,2,0.8204,4055.41,3551.3,4508.3,3931.46
Copy of IMG00526.JPG,insulator,2,0.8096,3357.74,4525.36,3776.62,4853.1
Copy of IMG00526.JPG,insulator,2,0.7724,5269.7,3636.23,5794.79,4101.08
Copy of IMG00526.JPG,pylon,0,0.7155,3811.24,4179.73,4398.67,6255.26
Copy of IMG00526.JPG,conductor,1,0.585,3341.09,4962.91,3902.71,6247.76
Copy of IMG00526.JPG,conductor,1,0.5378,5493.8,4260.54,6461.81,5388.05
Copy of IMG00526.JPG,conductor,1,0.3911,4406.01,4499.55,5297.03,5650.59
Copy of IMG00526.JPG,insulator,2,0.3889,3539.29,3841.95,3884.93,4071.93
Copy of IMG00526.JPG,conductor,1,0.3766,85.14,2938.64,2833.59,3186.24
Copy of IMG00526.JPG,insulator,2,0.3282,3658.6,3344.92,3923.09,3628.32
Copy of IMG00526.JPG,insulator,2,0.2866,3669.67,3218.38,3987.72,3551.49
Copy of IMG00526.JPG,insulator,2,0.2818,3673.02,3192.05,4066.31,3464.69
Copy of IMG00526.JPG,conductor,1,0.2035,3811.0,4845.84,4284.31,6257.43
Copy of IMG00526.JPG,conductor,1,0.1651,4559.68,5279.7,5290.96,6188.19
Copy of IMG00526.JPG,insulator,2,0.1457,3416.9,3810.8,3880.26,4100.6
Copy of IMG00526.JPG,conductor,1,0.1351,82.64,3596.27,2903.06,3997.66
Copy of IMG00526.JPG,conductor,1,0.1144,3743.52,1383.02,4274.84,2683.19
Copy of IMG00526.JPG,conductor,1,0.1014,5796.48,5329.28,6587.29,6205.27
Copy of IMG00526.JPG,conductor,1,0.0943,39.94,2879.56,2977.12,3129.54
Copy of IMG00526.JPG,insulator,2,0.0704,3745.86,4600.32,4009.02,4821.81
Copy of IMG00526.JPG,pylon,0,0.0684,3814.02,4758.08,4372.24,6247.95
Copy of IMG00526.JPG,conductor,1,0.0662,39.65,2838.24,622.51,3057.6
Copy of IMG00526.JPG,conductor,1,0.0651,5905.36,5513.91,6425.99,6168.31
Copy of IMG00526.JPG,conductor,1,0.0579,327.23,4344.07,3296.75,4861.1
Copy of IMG00526.JPG,conductor,1,0.0516,3376.78,4912.89,3825.13,5704.74
Copy of IMG00175.JPG,pylon,0,0.5829,4769.91,3245.86,5317.64,6231.7
Copy of IMG00175.JPG,insulator,2,0.2931,4911.82,2958.42,5138.89,3151.85
Copy of IMG00175.JPG,conductor,1,0.2049,5553.02,3268.6,9504.0,3842.55
Copy of IMG00175.JPG,insulator,2,0.1767,4750.26,2774.14,4981.54,3001.76
Copy of IMG00175.JPG,conductor,1,0.0923,21.78,3866.79,4798.54,4815.64
Copy of IMG00175.JPG,conductor,1,0.0839,5470.82,3436.15,9504.0,4045.97
Copy of IMG00175.JPG,insulator,2,0.0664,4582.55,3102.83,4825.61,3303.79
Copy of IMG00175.JPG,conductor,1,0.0654,8710.7,5798.78,9504.0,6336.0
Copy of IMG00175.JPG,conductor,1,0.0596,1543.2,2622.91,4670.84,2917.67
Copy of IMG00175.JPG,conductor,1,0.056,5550.74,3151.03,9504.0,3694.36
Copy of IMG00068.JPG,insulator,2,0.8993,4724.94,2767.74,5066.47,3119.41
Copy of IMG00068.JPG,insulator,2,0.6802,5096.41,3006.73,5439.45,3375.42
Copy of IMG00068.JPG,conductor,1,0.6454,5499.68,4221.71,6476.96,5001.0
Copy of IMG00068.JPG,conductor,1,0.6427,8279.34,4901.82,9190.42,5567.47
Copy of IMG00068.JPG,conductor,1,0.6348,3387.79,2080.53,4546.84,2700.5
Copy of IMG00068.JPG,insulator,2,0.6292,4268.32,3490.62,4573.23,3861.69
Copy of IMG00068.JPG,conductor,1,0.5066,6586.66,3910.06,7572.48,4556.41
Copy of IMG00068.JPG,conductor,1,0.4908,2952.22,2815.61,4180.3,3516.22
Copy of IMG00068.JPG,conductor,1,0.4667,5988.07,3459.09,6911.55,4085.08
Copy of IMG00068.JPG,conductor,1,0.4603,6519.14,4933.93,7593.72,5570.6
Copy of IMG00068.JPG,pylon,0,0.4473,4507.52,3450.39,4901.34,6280.1
Copy of IMG00068.JPG,conductor,1,0.439,5077.43,3912.98,5607.25,4487.78
Copy of IMG00068.JPG,conductor,1,0.3679,1806.52,1175.19,2942.04,1791.45
Copy of IMG00068.JPG,conductor,1,0.3588,7413.5,4383.17,8476.44,5064.04
Copy of IMG00068.JPG,conductor,1,0.2403,3318.37,1997.69,4399.97,2624.51
Copy of IMG00068.JPG,conductor,1,0.2197,941.58,1599.58,1770.65,2120.04
Copy of IMG00068.JPG,conductor,1,0.2192,1919.93,2195.4,2840.44,2740.49
Copy of IMG00068.JPG,conductor,1,0.2112,7107.6,5201.83,7803.01,5851.27
Copy of IMG00068.JPG,conductor,1,0.2105,5589.56,3220.87,6272.68,3741.04
Copy of IMG00068.JPG,conductor,1,0.1954,6591.13,4991.41,7694.4,5702.56
Copy of IMG00068.JPG,conductor,1,0.1944,1028.94,1633.96,1889.28,2191.43
Copy of IMG00068.JPG,conductor,1,0.1925,5733.2,3329.62,6742.64,3935.66
Copy of IMG00068.JPG,conductor,1,0.1867,740.18,631.82,1915.3,1270.85
Copy of IMG00068.JPG,conductor,1,0.1863,2028.46,2240.8,2922.47,2813.68
Copy of IMG00068.JPG,conductor,1,0.1834,7624.12,5560.05,8275.54,6165.81
Copy of IMG00068.JPG,conductor,1,0.1768,6948.39,5117.83,7777.8,5792.46
Copy of IMG00068.JPG,conductor,1,0.1753,1.68,924.49,678.21,1565.2
Copy of IMG00068.JPG,conductor,1,0.1724,5665.97,3275.7,6443.34,3786.53
Copy of IMG00068.JPG,conductor,1,0.1615,2140.53,2290.81,3086.45,2905.52
Copy of IMG00068.JPG,conductor,1,0.1477,1505.61,1895.32,2292.24,2478.84
Copy of IMG00068.JPG,conductor,1,0.1436,2223.0,2339.53,3204.42,2961.22
Copy of IMG00068.JPG,conductor,1,0.1321,2503.07,1561.09,3500.92,2117.48
Copy of IMG00068.JPG,conductor,1,0.1318,2716.8,1685.91,3684.43,2239.29
Copy of IMG00068.JPG,conductor,1,0.1244,7705.71,5665.9,8377.05,6224.81
Copy of IMG00068.JPG,conductor,1,0.1239,5009.36,3888.68,5497.84,4423.51
Copy of IMG00068.JPG,conductor,1,0.1228,7868.33,5795.67,8446.79,6256.76
Copy of IMG00068.JPG,conductor,1,0.1205,1792.16,2110.63,2680.47,2679.47
Copy of IMG00068.JPG,conductor,1,0.1198,635.78,1527.91,1569.76,2018.03
Copy of IMG00068.JPG,conductor,1,0.1105,5145.86,3947.94,5815.55,4547.61
Copy of IMG00068.JPG,conductor,1,0.1101,559.26,1470.41,1315.71,1984.02
Copy of IMG00068.JPG,conductor,1,0.105,5267.6,4057.07,6138.75,4720.68
Copy of IMG00068.JPG,pylon,0,0.1044,4355.3,3534.98,4905.26,6247.72
Copy of IMG00068.JPG,conductor,1,0.1036,2389.49,1456.78,3381.43,2055.64
Copy of IMG00068.JPG,conductor,1,0.0979,2708.51,2646.41,3851.2,3372.6
Copy of IMG00068.JPG,conductor,1,0.0933,1680.04,2042.79,2479.55,2546.62
Copy of IMG00068.JPG,conductor,1,0.0933,4378.87,3490.91,4876.36,6272.23
Copy of IMG00068.JPG,conductor,1,0.0919,1563.61,1998.32,2374.19,2509.87
Copy of IMG00068.JPG,conductor,1,0.0914,0.51,199.91,665.96,607.62
Copy of IMG00068.JPG,conductor,1,0.0914,6273.05,4806.0,7374.64,5492.96
Copy of IMG00068.JPG,conductor,1,0.0876,5955.07,4555.78,6943.68,5254.62
Copy of IMG00068.JPG,conductor,1,0.0864,6105.22,4654.92,7024.86,5293.02
Copy of IMG00068.JPG,conductor,1,0.0848,1132.77,1696.48,2029.26,2335.52
Copy of IMG00068.JPG,conductor,1,0.0844,7558.54,5517.59,8177.74,6115.24
Copy of IMG00068.JPG,pylon,0,0.0826,4615.81,3439.7,4992.62,5418.45
Copy of IMG00068.JPG,conductor,1,0.0821,6463.01,3813.06,7519.75,4498.35
Copy of IMG00068.JPG,conductor,1,0.0794,1477.89,1822.9,2118.05,2358.66
Copy of IMG00068.JPG,conductor,1,0.0779,5190.46,4006.03,6030.12,4631.85
Copy of IMG00068.JPG,conductor,1,0.0779,8886.57,5264.99,9491.82,5765.85
Copy of IMG00068.JPG,conductor,1,0.0754,5586.94,4322.04,6633.9,5080.74
Copy of IMG00068.JPG,conductor,1,0.0752,5393.35,4136.99,6335.71,4855.25
Copy of IMG00068.JPG,conductor,1,0.075,5125.34,3492.54,5471.07,3947.14
Copy of IMG00068.JPG,conductor,1,0.0736,434.02,1336.4,1222.73,1843.03
Copy of IMG00068.JPG,conductor,1,0.0735,9074.31,3231.19,9501.42,3698.9
Copy of IMG00068.JPG,conductor,1,0.0735,2370.68,2434.98,3331.77,3015.89
Copy of IMG00068.JPG,conductor,1,0.073,9229.06,3564.4,9504.0,4085.14
Copy of IMG00068.JPG,conductor,1,0.0716,7194.95,5300.01,7890.7,5958.23
Copy of IMG00068.JPG,conductor,1,0.0677,3228.76,2918.58,4199.55,3505.86
Copy of IMG00068.JPG,conductor,1,0.0675,9333.59,3560.49,9504.0,4047.96
Copy of IMG00068.JPG,conductor,1,0.0675,8389.73,5005.13,9255.03,5618.67
Copy of IMG00068.JPG,conductor,1,0.0675,4973.3,3842.68,5432.03,4381.43
Copy of IMG00068.JPG,conductor,1,0.0673,1745.21,2080.35,2587.32,2593.98
Copy of IMG00068.JPG,conductor,1,0.0671,5526.69,3228.26,6157.37,3697.5
Copy of IMG00068.JPG,conductor,1,0.0643,8563.13,5151.17,9423.58,5693.64
Copy of IMG00068.JPG,conductor,1,0.0641,729.54,633.78,1707.93,1103.31
Copy of IMG00068.JPG,conductor,1,0.0634,3223.83,1919.79,4265.05,2527.69
Copy of IMG00068.JPG,conductor,1,0.0633,1861.52,1239.76,3191.78,1952.89
Copy of IMG00068.JPG,conductor,1,0.0613,1432.72,1751.76,2067.34,2273.69
Copy of IMG00068.JPG,conductor,1,0.0609,7119.71,4200.72,8058.42,4778.21
Copy of IMG00068.JPG,conductor,1,0.0586,1.37,1039.89,609.04,1537.48
Copy of IMG00068.JPG,conductor,1,0.0579,8164.9,4850.91,9129.23,5492.86
Copy of IMG00068.JPG,conductor,1,0.0571,9313.16,3350.8,9504.0,3830.98
Copy of IMG00068.JPG,conductor,1,0.0564,9012.72,5358.45,9501.54,5892.05
Copy of IMG00068.JPG,conductor,1,0.0558,1227.87,861.12,1997.11,1307.52
Copy of IMG00068.JPG,conductor,1,0.0555,6189.98,4686.61,7132.25,5391.05
Copy of IMG00068.JPG,conductor,1,0.0555,2787.93,2662.18,3718.81,3267.9
Copy of IMG00068.JPG,conductor,1,0.0554,6737.03,4042.48,7627.98,4621.82
Copy of IMG00068.JPG,conductor,1,0.0546,3009.37,1820.57,3902.46,2352.78
Copy of IMG00068.JPG,conductor,1,0.0546,3377.9,2998.36,4229.3,3539.72
Copy of IMG00068.JPG,conductor,1,0.0538,1283.23,1764.06,1995.36,2250.28
Copy of IMG00068.JPG,conductor,1,0.0536,5054.88,3571.07,5369.59,4083.63
Copy of IMG00068.JPG,conductor,1,0.0535,7264.42,4286.43,8372.74,4967.48
Copy of IMG00068.JPG,conductor,1,0.0517,9222.05,3419.13,9504.0,4005.07
Copy of IMG00068.JPG,conductor,1,0.0517,9184.58,3325.93,9504.0,3848.25
Copy of IMG00068.JPG,conductor,1,0.0512,6097.43,3550.2,7049.95,4173.01
Copy of IMG00068.JPG,conductor,1,0.0504,2948.4,1788.51,3796.53,2292.2
Copy of IMG00068.JPG,conductor,1,0.0503,9190.08,5488.2,9504.0,6048.14
Copy of IMG00127.JPG,insulator,2,0.8389,6525.2,1480.98,6893.65,1830.06
Copy of IMG00127.JPG,conductor,1,0.779,7089.1,992.33,8517.27,1559.54
Copy of IMG00127.JPG,insulator,2,0.7699,6975.75,1833.26,7398.33,2207.67
Copy of IMG00127.JPG,conductor,1,0.6663,7040.5,1052.41,8296.86,1615.21
Copy of IMG00127.JPG,insulator,2,0.6641,5080.61,2015.14,5523.51,2355.55
Copy of IMG00127.JPG,insulator,2,0.6576,4777.2,1553.77,5259.04,1908.12
Copy of IMG00127.JPG,conductor,1,0.6559,6816.9,480.53,8369.61,1038.59
Copy of IMG00127.JPG,pylon,0,0.6414,5398.6,2711.79,6252.32,6164.96
Copy of IMG00127.JPG,conductor,1,0.5878,3593.82,1755.28,4744.87,2331.57
Copy of IMG00127.JPG,conductor,1,0.57,3211.24,2484.12,4490.4,3132.33
Copy of IMG00127.JPG,conductor,1,0.5204,0.0,5529.46,660.73,6336.0
Copy of IMG00127.JPG,insulator,2,0.513,5883.77,498.4,6179.03,799.76
Copy of IMG00127.JPG,conductor,1,0.4957,2709.96,2198.22,3840.02,2659.72
Copy of IMG00127.JPG,conductor,1,0.4939,951.6,3409.14,2381.41,4087.73
Copy of IMG00127.JPG,insulator,2,0.4931,6385.51,890.26,6720.91,1191.61
Copy of IMG00127.JPG,conductor,1,0.4606,40.15,3166.16,1280.49,3712.22
Copy of IMG00127.JPG,conductor,1,0.4382,7850.81,3562.04,9094.71,4124.13
Copy of IMG00127.JPG,conductor,1,0.3387,6349.56,4029.09,8075.39,4826.83
Copy of IMG00127.JPG,conductor,1,0.2946,6769.98,580.99,8012.38,1109.71
Copy of IMG00127.JPG,insulator,2,0.2758,5396.36,643.01,5752.79,927.94
Copy of IMG00127.JPG,conductor,1,0.2633,2176.36,3016.43,3246.63,3603.59
Copy of IMG00127.JPG,insulator,2,0.2407,6151.96,675.76,6467.95,952.08
Copy of IMG00127.JPG,conductor,1,0.2309,8296.1,82.77,9498.88,500.31
Copy of IMG00127.JPG,insulator,2,0.2266,5774.45,2430.56,6167.99,2658.88
Copy of IMG00127.JPG,insulator,2,0.1987,5434.41,572.91,5856.91,912.15
Copy of IMG00127.JPG,insulator,2,0.1984,5629.56,552.19,5876.27,830.47
Copy of IMG00127.JPG,conductor,1,0.1797,8354.66,624.21,9484.71,1165.45
Copy of IMG00127.JPG,conductor,1,0.1786,2797.47,5170.21,4598.64,5939.81
Copy of IMG00127.JPG,conductor,1,0.1764,61.96,3240.98,1160.18,3645.18
Copy of IMG00127.JPG,conductor,1,0.1735,8778.81,1045.68,9504.0,1640.65
Copy of IMG00127.JPG,conductor,1,0.1731,5.16,3222.84,1107.27,3848.08
Copy of IMG00127.JPG,conductor,1,0.169,3.17,3513.06,437.6,4038.76
Copy of IMG00127.JPG,insulator,2,0.1674,6021.83,1063.74,6419.96,1394.41
Copy of IMG00127.JPG,conductor,1,0.1648,2693.22,2271.87,3533.59,2642.37
Copy of IMG00127.JPG,conductor,1,0.1542,4092.25,2250.76,5009.27,2819.7
Copy of IMG00127.JPG,conductor,1,0.1454,6.3,713.4,441.37,975.18
Copy of IMG00127.JPG,conductor,1,0.1429,13.54,3906.38,1213.46,4511.6
Copy of IMG00127.JPG,conductor,1,0.1416,3899.26,2296.54,4954.41,2911.33
Copy of IMG00127.JPG,conductor,1,0.1404,6844.25,606.47,7963.9,1011.56
Copy of IMG00127.JPG,conductor,1,0.1221,7957.5,3563.43,9202.65,3996.82
Copy of IMG00127.JPG,conductor,1,0.1205,2.04,5546.42,483.4,6336.0
Copy of IMG00127.JPG,conductor,1,0.1203,184.26,3135.2,1464.38,3533.6
Copy of IMG00127.JPG,conductor,1,0.12,3336.2,2406.57,4792.81,3048.48
Copy of IMG00127.JPG,conductor,1,0.1179,84.81,3181.68,1338.99,3575.07
Copy of IMG00127.JPG,insulator,2,0.1167,5393.49,614.49,5818.92,958.66
Copy of IMG00127.JPG,conductor,1,0.1114,930.16,3484.33,2132.76,4120.99
Copy of IMG00127.JPG,conductor,1,0.1073,7538.7,1516.08,8635.33,2087.19
Copy of IMG00127.JPG,insulator,2,0.1015,6150.13,1055.76,6453.72,1275.49
Copy of IMG00127.JPG,conductor,1,0.0971,2694.81,2315.94,3456.21,2701.8
Copy of IMG00127.JPG,conductor,1,0.0935,8695.87,131.13,9486.56,447.32
Copy of IMG00127.JPG,conductor,1,0.0865,4354.52,2786.44,5198.56,3396.86
Copy of IMG00127.JPG,conductor,1,0.084,8838.44,2601.73,9502.77,3871.17
Copy of IMG00127.JPG,conductor,1,0.0798,7.55,3288.14,992.74,3728.04
Copy of IMG00127.JPG,conductor,1,0.079,7760.07,3643.29,8944.78,4105.58
Copy of IMG00127.JPG,conductor,1,0.0676,3567.0,3054.25,4744.79,3790.62
Copy of IMG00127.JPG,insulator,2,0.0675,5575.86,557.06,5878.54,896.35
Copy of IMG00127.JPG,conductor,1,0.0666,6448.18,4083.23,7717.1,4623.53
Copy of IMG00127.JPG,conductor,1,0.0646,138.36,3048.08,1572.06,3578.38
Copy of IMG00127.JPG,conductor,1,0.064,8143.6,171.59,9498.2,622.82
Copy of IMG00127.JPG,conductor,1,0.0636,0.28,4889.35,620.19,5528.98
Copy of IMG00127.JPG,conductor,1,0.0632,0.0,3353.26,1015.49,3989.34
Copy of IMG00127.JPG,conductor,1,0.0597,8817.18,851.18,9502.65,1600.73
Copy of IMG00127.JPG,conductor,1,0.0594,1364.86,2475.16,2863.77,3182.1
Copy of IMG00127.JPG,conductor,1,0.0592,1758.09,5528.93,3362.83,6291.64
Copy of IMG00127.JPG,conductor,1,0.0576,6337.69,3875.37,8234.22,4942.3
Copy of IMG00127.JPG,conductor,1,0.0573,7581.36,934.76,8709.07,1402.56
Copy of IMG00127.JPG,conductor,1,0.0569,2903.15,5245.28,4389.95,5779.41
Copy of IMG00127.JPG,conductor,1,0.0567,530.26,3010.55,1673.13,3484.43
Copy of IMG00127.JPG,conductor,1,0.0533,7471.66,3580.35,9017.79,4264.46
Copy of IMG00127.JPG,conductor,1,0.0529,1377.73,3715.8,3198.98,4735.46
Copy of IMG00127.JPG,insulator,2,0.0529,5826.68,524.21,6147.1,823.55
Copy of IMG00127.JPG,conductor,1,0.0508,781.91,2877.47,2028.53,3406.26
Copy of IMG00127.JPG,conductor,1,0.0504,2883.87,2086.34,4055.71,2520.93
Copy of IMG00127.JPG,conductor,1,0.0502,3007.02,2033.96,4164.47,2490.02
Copy of IMG00256.JPG,conductor,1,0.6042,6039.43,5628.21,7462.92,6336.0
Copy of IMG00256.JPG,insulator,2,0.5371,4871.31,4859.36,5150.97,5150.73
Copy of IMG00256.JPG,conductor,1,0.3873,32.75,4253.81,4245.2,5419.96
Copy of IMG00256.JPG,conductor,1,0.3818,2372.48,5331.42,3545.06,5871.21
Copy of IMG00256.JPG,conductor,1,0.3667,5119.59,5911.34,6252.28,6336.0
Copy of IMG00256.JPG,conductor,1,0.1572,3232.57,5612.61,4303.46,6155.34
Copy of IMG00256.JPG,conductor,1,0.1445,2647.55,4955.92,4059.02,5510.83
Copy of IMG00256.JPG,conductor,1,0.1232,2497.19,5405.32,3910.4,5996.35
Copy of IMG00256.JPG,conductor,1,0.0797,1681.24,3154.63,3071.9,4191.42
Copy of IMG00256.JPG,insulator,2,0.0753,9375.54,4266.86,9504.0,4681.89
Copy of IMG00256.JPG,conductor,1,0.0751,1563.57,4232.97,3474.73,4718.41
Copy of IMG00256.JPG,conductor,1,0.0684,2471.71,5388.85,3725.1,5896.44
Copy of IMG00256.JPG,insulator,2,0.0584,9370.98,4146.23,9502.86,4604.48
Copy of IMG00256.JPG,insulator,2,0.0567,2845.58,2080.25,3135.74,2830.45
Copy of IMG00232.JPG,pylon,0,0.7757,4570.93,1623.75,5094.33,3718.73
Copy of IMG00232.JPG,insulator,2,0.3548,4289.69,842.16,4493.15,1099.54
Copy of IMG00232.JPG,insulator,2,0.3277,4812.52,945.18,5078.96,1175.16
Copy of IMG00232.JPG,insulator,2,0.3231,4935.8,1116.53,5260.67,1346.25
Copy of IMG00232.JPG,insulator,2,0.2578,4803.95,988.74,5102.55,1277.88
Copy of IMG00232.JPG,conductor,1,0.194,59.8,1783.04,4361.65,2768.98
Copy of IMG00232.JPG,insulator,2,0.1634,4508.59,978.39,4726.74,1204.85
Copy of IMG00232.JPG,conductor,1,0.1275,43.22,1492.65,4460.06,2571.22
Copy of IMG00232.JPG,conductor,1,0.1162,5129.07,2177.38,9504.0,3827.85
Copy of IMG00232.JPG,insulator,2,0.0891,4814.75,1136.56,5119.28,1346.9
Copy of IMG00232.JPG,insulator,2,0.0648,4631.91,802.56,4872.77,978.49
Copy of IMG00232.JPG,insulator,2,0.0583,4782.53,982.54,5044.73,1245.86
Copy of IMG00232.JPG,insulator,2,0.0567,4764.56,1363.94,5041.76,1529.31
Copy of IMG00022.JPG,insulator,2,0.6468,7471.15,2246.65,7832.46,2651.42
Copy of IMG00022.JPG,insulator,2,0.5332,8751.71,1928.75,9172.07,2338.83
Copy of IMG00022.JPG,insulator,2,0.4966,7920.77,2190.13,8292.18,2760.99
Copy of IMG00022.JPG,insulator,2,0.2929,8229.94,1716.19,8630.11,2092.51
Copy of IMG00022.JPG,conductor,1,0.2165,9065.64,3256.03,9503.93,4885.37
Copy of IMG00022.JPG,insulator,2,0.1191,8255.71,5511.82,8604.12,5776.5
Copy of IMG00022.JPG,conductor,1,0.0984,5256.98,4499.46,6122.91,6258.83
Copy of IMG00022.JPG,conductor,1,0.0853,9033.22,3436.86,9503.09,4275.87
Copy of IMG00022.JPG,insulator,2,0.0847,8244.05,5474.67,8668.39,5794.3
Copy of IMG00022.JPG,conductor,1,0.0835,5265.5,3701.46,6143.26,6259.67
Copy of IMG00022.JPG,conductor,1,0.0775,8791.77,5267.15,9504.0,6336.0
Copy of IMG00022.JPG,insulator,2,0.0676,6588.51,3520.35,7025.93,3901.82
Copy of IMG00032.JPG,pylon,0,0.4554,3491.39,1532.18,3924.41,4238.64
Copy of IMG00032.JPG,conductor,1,0.43,3929.98,1995.6,4394.76,2577.8
Copy of IMG00032.JPG,insulator,2,0.374,3082.95,1242.09,3305.0,1453.66
Copy of IMG00032.JPG,insulator,2,0.3255,3594.73,1094.3,3822.69,1334.55
Copy of IMG00032.JPG,conductor,1,0.2453,3935.53,1882.48,4320.53,2439.7
Copy of IMG00032.JPG,insulator,2,0.2438,3090.36,1143.21,3301.9,1387.28
Copy of IMG00032.JPG,conductor,1,0.2338,4267.06,1567.4,4877.19,2333.86
Copy of IMG00032.JPG,insulator,2,0.2315,4102.39,1233.02,4346.68,1458.84
Copy of IMG00032.JPG,conductor,1,0.2279,2849.98,1746.34,3278.93,2155.32
Copy of IMG00032.JPG,insulator,2,0.1548,3109.75,1298.33,3332.7,1483.74
Copy of IMG00032.JPG,insulator,2,0.1493,3607.93,1181.13,3815.68,1410.63
Copy of IMG00032.JPG,insulator,2,0.1435,4094.84,1156.72,4311.2,1397.1
Copy of IMG00032.JPG,conductor,1,0.1341,4233.43,1527.95,4781.4,2136.74
Copy of IMG00032.JPG,conductor,1,0.1315,4348.75,1744.63,4883.01,2341.98
Copy of IMG00032.JPG,conductor,1,0.1294,2784.39,1780.47,3260.62,2273.96
Copy of IMG00032.JPG,conductor,1,0.1248,5650.5,4240.83,6638.29,5044.35
Copy of IMG00032.JPG,conductor,1,0.1205,3047.22,1648.78,3393.89,2099.61
Copy of IMG00032.JPG,conductor,1,0.1202,2923.08,1677.5,3325.86,2163.85
Copy of IMG00032.JPG,conductor,1,0.1145,3632.27,68.6,4067.6,601.67
Copy of IMG00032.JPG,conductor,1,0.1144,5668.53,5283.64,6309.3,6135.58
Copy of IMG00032.JPG,insulator,2,0.1115,4110.01,1187.74,4367.4,1427.63
Copy of IMG00032.JPG,conductor,1,0.1077,2302.69,1488.78,2756.88,1798.86
Copy of IMG00032.JPG,conductor,1,0.1057,4177.79,2503.08,4618.87,2987.76
Copy of IMG00032.JPG,conductor,1,0.0961,3818.29,1618.96,4110.38,2097.96
Copy of IMG00032.JPG,conductor,1,0.096,3154.56,1621.91,3424.09,2038.58
Copy of IMG00032.JPG,conductor,1,0.0937,4221.33,16.33,4509.31,402.95
Copy of IMG00032.JPG,conductor,1,0.0872,2317.39,1434.39,2819.94,1772.37
Copy of IMG00032.JPG,conductor,1,0.0871,3718.13,27.45,4118.15,464.06
Copy of IMG00032.JPG,conductor,1,0.0861,4427.85,1883.99,4920.22,2475.86
Copy of IMG00032.JPG,conductor,1,0.0831,2993.51,1666.2,3336.03,2094.84
Copy of IMG00032.JPG,conductor,1,0.079,3270.88,1604.66,3498.86,2006.19
Copy of IMG00032.JPG,conductor,1,0.074,2701.15,1858.69,3202.69,2320.47
Copy of IMG00032.JPG,conductor,1,0.0739,4007.89,181.1,4415.86,659.05
Copy of IMG00032.JPG,conductor,1,0.0708,4081.9,56.95,4474.29,559.52
Copy of IMG00032.JPG,conductor,1,0.0684,2366.96,1406.21,2871.95,1739.28
Copy of IMG00032.JPG,conductor,1,0.0656,4062.72,132.51,4452.6,613.25
Copy of IMG00032.JPG,conductor,1,0.0632,3892.27,1772.05,4283.85,2400.6
Copy of IMG00032.JPG,conductor,1,0.0604,3791.77,8.81,4127.82,418.77
Copy of IMG00032.JPG,conductor,1,0.0602,4062.13,1863.18,4464.01,2582.92
Copy of IMG00032.JPG,conductor,1,0.0593,6317.34,5254.74,7059.26,6181.78
Copy of IMG00032.JPG,conductor,1,0.0581,3366.34,1559.12,3619.56,2049.52
Copy of IMG00032.JPG,conductor,1,0.0567,3541.8,95.09,4044.81,662.79
Copy of IMG00032.JPG,insulator,2,0.0567,4130.37,1264.49,4380.11,1482.84
Copy of IMG00032.JPG,conductor,1,0.0563,5628.11,5252.97,6243.6,5927.84
Copy of IMG00032.JPG,conductor,1,0.056,3738.03,1553.36,4035.07,2101.75
Copy of IMG00032.JPG,conductor,1,0.0559,3269.62,1662.82,3534.81,2136.32
Copy of IMG00032.JPG,conductor,1,0.0541,3499.17,282.28,3969.2,757.06
Copy of IMG00032.JPG,conductor,1,0.0531,4159.14,2438.91,4588.9,2901.48
Copy of IMG00032.JPG,conductor,1,0.0518,2255.77,1528.12,2713.07,1846.21
Copy of IMG00032.JPG,conductor,1,0.0515,3544.74,232.86,4054.71,797.35
Copy of IMG00369.JPG,pylon,0,0.7665,4851.5,2879.71,5476.33,6271.45
Copy of IMG00369.JPG,insulator,2,0.567,4502.13,2629.95,4806.86,2888.04
Copy of IMG00369.JPG,insulator,2,0.5321,4872.59,2534.23,5152.31,2777.94
Copy of IMG00369.JPG,insulator,2,0.4985,5106.32,2582.76,5302.44,2788.99
Copy of IMG00369.JPG,insulator,2,0.4384,5435.5,2485.42,5731.89,2755.89
Copy of IMG00369.JPG,insulator,2,0.256,5117.6,2553.14,5324.82,2772.97
Copy of IMG00369.JPG,insulator,2,0.2502,4568.7,2640.98,4862.69,2886.52
Copy of IMG00369.JPG,conductor,1,0.2198,5473.06,2879.3,5834.69,3496.42
Copy of IMG00369.JPG,conductor,1,0.1563,275.22,2939.16,3838.15,3970.96
Copy of IMG00369.JPG,insulator,2,0.0736,5281.91,2455.67,5601.63,2647.9
Copy of IMG00369.JPG,insulator,2,0.0581,5308.24,2473.82,5683.71,2728.76
Copy of IMG00369.JPG,conductor,1,0.0542,1.41,5260.1,350.6,5923.04
Copy of IMG00369.JPG,conductor,1,0.0523,5827.87,3889.89,9504.0,4659.87
Copy of IMG00369.JPG,conductor,1,0.0503,4683.55,3015.94,4960.74,3616.66
Copy of IMG03473.JPG,insulator,2,0.5555,5213.4,3151.14,5640.89,3632.3
Copy of IMG03473.JPG,conductor,1,0.5494,250.94,2784.16,4190.07,3723.68
Copy of IMG03473.JPG,conductor,1,0.4384,6186.8,5551.62,8109.09,6336.0
Copy of IMG03473.JPG,conductor,1,0.3765,4990.96,3946.08,8397.47,5163.56
Copy of IMG03473.JPG,conductor,1,0.3325,2011.79,5178.96,3421.02,6191.41
Copy of IMG03473.JPG,insulator,2,0.3175,3518.95,4371.89,4062.26,4939.68
Copy of IMG03473.JPG,conductor,1,0.3076,541.82,1417.09,2932.54,2200.09
Copy of IMG03473.JPG,conductor,1,0.2937,0.0,3720.15,1492.61,4873.14
Copy of IMG03473.JPG,conductor,1,0.2555,5524.96,5328.66,8191.96,6336.0
Copy of IMG03473.JPG,conductor,1,0.2097,0.87,2374.18,1125.56,3171.95
Copy of IMG03473.JPG,conductor,1,0.2057,1538.6,5963.91,3880.45,6336.0
Copy of IMG03473.JPG,conductor,1,0.2025,3718.83,3759.07,8419.25,5151.35
Copy of IMG03473.JPG,conductor,1,0.1726,0.0,6043.24,2811.67,6336.0
Copy of IMG03473.JPG,conductor,1,0.163,0.7,2767.84,816.85,3159.26
Copy of IMG03473.JPG,conductor,1,0.1546,0.58,2323.96,1074.57,2909.82
Copy of IMG03473.JPG,conductor,1,0.1429,0.0,2411.59,1105.32,2792.86
Copy of IMG03473.JPG,conductor,1,0.1256,358.92,6056.59,4037.68,6336.0
Copy of IMG03473.JPG,conductor,1,0.1206,0.0,3790.11,3020.62,4899.35
Copy of IMG03473.JPG,insulator,2,0.1189,4597.61,3260.11,4945.74,3695.66
Copy of IMG03473.JPG,conductor,1,0.0971,50.54,2524.43,2254.27,3252.18
Copy of IMG03473.JPG,conductor,1,0.0888,8.56,4880.82,1578.33,5710.18
Copy of IMG03473.JPG,conductor,1,0.086,6442.74,5718.2,8243.06,6336.0
Copy of IMG03473.JPG,conductor,1,0.084,11.9,5975.53,1907.45,6336.0
Copy of IMG03473.JPG,conductor,1,0.0834,0.0,6056.95,4619.71,6336.0
Copy of IMG03473.JPG,conductor,1,0.0819,0.0,2779.96,1014.19,3226.94
Copy of IMG03473.JPG,conductor,1,0.0815,194.15,1770.24,1487.88,2317.77
Copy of IMG03473.JPG,pylon,0,0.079,4212.0,4120.37,5145.88,6317.49
Copy of IMG03473.JPG,conductor,1,0.0747,2.84,1979.89,1056.34,2728.63
Copy of IMG03473.JPG,conductor,1,0.0733,2.46,3578.32,1339.55,4647.73
Copy of IMG03473.JPG,conductor,1,0.0683,0.0,2780.35,619.92,3138.52
Copy of IMG03473.JPG,conductor,1,0.0623,6438.27,4205.23,8378.15,5016.8
Copy of IMG03473.JPG,conductor,1,0.0548,389.05,1814.05,1458.86,2273.72
Copy of IMG03481.JPG,conductor,1,0.5623,7660.74,2279.42,9475.72,2923.34
Copy of IMG03481.JPG,conductor,1,0.5388,7108.23,2895.77,8151.91,3394.63
Copy of IMG03481.JPG,pylon,0,0.532,6351.03,3010.05,6992.52,4847.21
Copy of IMG03481.JPG,insulator,2,0.5018,6070.59,2008.52,6299.81,2205.75
Copy of IMG03481.JPG,insulator,2,0.479,5607.77,1960.16,5890.11,2179.25
Copy of IMG03481.JPG,insulator,2,0.3723,5353.92,1691.75,5562.89,1895.54
Copy of IMG03481.JPG,insulator,2,0.3677,6059.99,1618.36,6354.5,1830.82
Copy of IMG03481.JPG,insulator,2,0.3517,6780.91,1552.62,7059.03,1782.05
Copy of IMG03481.JPG,insulator,2,0.2824,6103.22,2496.16,6392.37,2749.15
Copy of IMG03481.JPG,pylon,0,0.2642,5624.63,2448.97,6268.57,4544.88
Copy of IMG03481.JPG,insulator,2,0.239,5613.23,1727.07,5877.42,1906.75
Copy of IMG03481.JPG,conductor,1,0.2292,7663.63,1828.36,9027.7,2406.84
Copy of IMG03481.JPG,insulator,2,0.1974,400.88,2487.27,756.77,2752.31
Copy of IMG03481.JPG,insulator,2,0.1937,6122.49,1978.1,6463.23,2198.92
Copy of IMG03481.JPG,insulator,2,0.1893,6140.51,2030.74,6416.79,2214.09
Copy of IMG03481.JPG,insulator,2,0.1594,418.21,2480.46,810.08,2816.48
Copy of IMG03481.JPG,insulator,2,0.1593,6136.73,2458.92,6394.94,2690.71
Copy of IMG03481.JPG,insulator,2,0.1372,1258.1,2655.2,1551.45,2859.43
Copy of IMG03481.JPG,insulator,2,0.1362,5590.23,1710.85,5816.93,1885.11
Copy of IMG03481.JPG,conductor,1,0.1251,7660.86,2136.1,9504.0,3049.7
Copy of IMG03481.JPG,insulator,2,0.1201,1905.45,2628.18,2262.92,2891.79
Copy of IMG03481.JPG,insulator,2,0.1173,6099.85,2584.28,6403.54,2832.83
Copy of IMG03481.JPG,insulator,2,0.1131,446.2,2500.67,851.79,2939.92
Copy of IMG03481.JPG,insulator,2,0.1073,5187.67,1924.89,5401.16,2133.23
Copy of IMG03481.JPG,insulator,2,0.1059,7589.2,2049.39,7970.66,2370.15
Copy of IMG03481.JPG,insulator,2,0.0992,6428.58,1712.01,6668.56,1882.36
Copy of IMG03481.JPG,conductor,1,0.0874,7562.56,1911.38,9474.03,2844.7
Copy of IMG03481.JPG,insulator,2,0.0843,5706.25,1741.85,5929.23,1919.5
Copy of IMG03481.JPG,insulator,2,0.0815,1871.02,2658.06,2215.56,2918.23
Copy of IMG03481.JPG,conductor,1,0.0808,7240.8,1910.86,9168.24,2490.5
Copy of IMG03481.JPG,conductor,1,0.074,7509.79,1878.21,9400.5,2538.34
Copy of IMG03481.JPG,insulator,2,0.0615,7094.29,1614.61,7390.68,1833.19
Copy of IMG03481.JPG,insulator,2,0.0611,5313.8,1693.19,5552.92,1931.86
Copy of IMG03481.JPG,conductor,1,0.06,21.73,2474.66,2729.74,3351.93
Copy of IMG03481.JPG,insulator,2,0.0591,1167.35,2655.33,1436.05,2860.21
Copy of IMG03481.JPG,insulator,2,0.055,1774.31,3725.0,2246.18,4158.04
Copy of IMG03481.JPG,insulator,2,0.0549,6766.82,2830.32,7047.43,3000.44
Copy of IMG03481.JPG,conductor,1,0.0549,0.0,2642.54,5484.68,4141.2
Copy of IMG03481.JPG,insulator,2,0.054,5667.38,1978.94,5907.65,2170.59
Copy of IMG03481.JPG,insulator,2,0.0507,5645.82,1769.81,5915.92,1939.3
Copy of IMG00238.JPG,pylon,0,0.8467,4796.59,3692.95,5357.69,6295.18
Copy of IMG00238.JPG,insulator,2,0.7346,4074.09,3108.69,4364.05,3425.91
Copy of IMG00238.JPG,insulator,2,0.7307,1266.73,718.23,1745.55,1243.12
Copy of IMG00238.JPG,insulator,2,0.6524,5439.66,2151.09,5722.22,2475.15
Copy of IMG00238.JPG,conductor,1,0.5393,7434.05,5400.5,8641.76,6063.45
Copy of IMG00238.JPG,conductor,1,0.3419,8914.34,5109.74,9504.0,5858.63
Copy of IMG00238.JPG,conductor,1,0.3353,5864.51,2548.41,7852.06,3618.32
Copy of IMG00238.JPG,conductor,1,0.2901,5836.15,2494.22,7205.51,3304.84
Copy of IMG00238.JPG,conductor,1,0.2833,5470.7,4006.5,6871.18,5128.52
Copy of IMG00238.JPG,conductor,1,0.1681,5548.76,4088.07,7088.65,5272.09
Copy of IMG00238.JPG,insulator,2,0.1377,617.72,188.4,1378.12,1069.08
Copy of IMG00238.JPG,conductor,1,0.1376,7669.28,5537.9,8676.7,6092.37
Copy of IMG00238.JPG,conductor,1,0.1372,8998.46,5250.68,9504.0,5883.78
Copy of IMG00238.JPG,conductor,1,0.131,5852.18,2501.0,7520.44,3435.03
Copy of IMG00238.JPG,insulator,2,0.1287,4769.69,2461.53,5011.48,2766.01
Copy of IMG00238.JPG,insulator,2,0.1082,0.0,419.0,524.43,938.55
Copy of IMG00238.JPG,conductor,1,0.0914,5575.69,4120.37,7418.92,5439.86
Copy of IMG00238.JPG,insulator,2,0.087,4999.25,3027.8,5354.93,3289.31
Copy of IMG00238.JPG,conductor,1,0.0817,6.29,3434.71,740.07,3696.44
Copy of IMG00238.JPG,insulator,2,0.0781,4783.13,2459.23,4974.87,2713.1
Copy of IMG00238.JPG,conductor,1,0.0768,7361.54,5342.23,8572.0,5960.53
Copy of IMG00238.JPG,conductor,1,0.0726,8794.9,5058.42,9503.49,5674.84
Copy of IMG00238.JPG,insulator,2,0.0703,2730.28,4468.96,3230.7,4935.9
Copy of IMG00238.JPG,conductor,1,0.0659,123.91,3721.93,1027.44,3941.52
Copy of IMG00238.JPG,conductor,1,0.0659,6328.58,2905.0,8017.0,3810.21
Copy of IMG00238.JPG,conductor,1,0.0645,9057.66,5351.68,9504.0,5957.28
Copy of IMG00238.JPG,insulator,2,0.0602,4778.97,2509.95,5020.65,2825.29
Copy of IMG00238.JPG,insulator,2,0.0562,3946.7,2215.3,4217.24,2449.99
Copy of IMG00238.JPG,insulator,2,0.0541,3749.6,2439.79,4056.13,2709.21
Copy of IMG00238.JPG,conductor,1,0.0531,4459.37,1812.56,5010.85,2131.56
Copy of IMG00238.JPG,insulator,2,0.0531,886.56,1075.27,1252.71,1389.15
Copy of IMG00238.JPG,conductor,1,0.0521,6051.4,2739.9,7931.42,3751.25
Copy of IMG00238.JPG,insulator,2,0.0517,5302.82,2911.48,5649.42,3256.82
Copy of IMG00238.JPG,conductor,1,0.0501,8996.25,5151.96,9504.0,5721.82
Copy of IMG00192.JPG,insulator,2,0.8117,4505.35,2018.6,4810.34,2311.52
Copy of IMG00192.JPG,insulator,2,0.673,5037.56,2069.69,5330.67,2380.49
Copy of IMG00192.JPG,insulator,2,0.5756,3956.21,2003.83,4271.87,2340.37
Copy of IMG00192.JPG,insulator,2,0.2917,4600.42,3071.76,4878.58,3287.28
Copy of IMG00192.JPG,insulator,2,0.2632,4606.04,3014.46,4883.16,3264.95
Copy of IMG00192.JPG,pylon,0,0.2117,4289.73,3443.45,4767.59,6281.91
Copy of IMG00192.JPG,conductor,1,0.1997,8220.88,1439.45,8672.04,1682.97
Copy of IMG00192.JPG,conductor,1,0.1692,4221.92,3439.48,4708.72,6269.88
Copy of IMG00192.JPG,conductor,1,0.1688,7650.62,2148.58,8341.5,2563.84
Copy of IMG00192.JPG,conductor,1,0.1639,3520.32,3467.64,4295.78,5022.61
Copy of IMG00192.JPG,conductor,1,0.1549,8957.37,2249.89,9455.91,2654.66
Copy of IMG00192.JPG,conductor,1,0.1388,9008.76,2162.14,9496.82,2761.74
Copy of IMG00192.JPG,conductor,1,0.1149,3151.27,4659.64,4144.29,6275.25
Copy of IMG00192.JPG,conductor,1,0.1012,8802.25,1715.65,9229.36,1941.57
Copy of IMG00192.JPG,conductor,1,0.101,9048.05,1632.13,9500.72,1933.07
Copy of IMG00192.JPG,conductor,1,0.0993,7925.55,1244.55,8515.39,1512.45
Copy of IMG00192.JPG,conductor,1,0.0939,7752.84,2099.85,8381.04,2440.64
Copy of IMG00192.JPG,conductor,1,0.0921,9234.54,1615.12,9504.0,1939.52
Copy of IMG00192.JPG,conductor,1,0.0882,9315.81,2198.26,9504.0,2674.62
Copy of IMG00192.JPG,conductor,1,0.0878,3154.84,5403.27,3901.35,6274.44
Copy of IMG00192.JPG,conductor,1,0.0858,9361.91,2279.2,9504.0,2762.91
Copy of IMG00192.JPG,conductor,1,0.0849,8875.79,1696.09,9399.99,1941.41
Copy of IMG00192.JPG,conductor,1,0.0802,3407.48,3454.47,4435.84,6065.46
Copy of IMG00192.JPG,conductor,1,0.0794,8879.89,2183.58,9345.15,2588.81
Copy of IMG00192.JPG,conductor,1,0.0784,8175.22,1333.34,8661.86,1615.72
Copy of IMG00192.JPG,conductor,1,0.0774,9252.97,1686.08,9504.0,2045.99
Copy of IMG00192.JPG,insulator,2,0.0765,4237.17,2936.48,4558.62,3295.45
Copy of IMG00192.JPG,conductor,1,0.0762,8096.75,1270.32,8674.83,1545.04
Copy of IMG00192.JPG,conductor,1,0.0758,7934.49,1295.76,8580.39,1533.59
Copy of IMG00192.JPG,conductor,1,0.0756,9342.23,1701.79,9504.0,2052.91
Copy of IMG00192.JPG,conductor,1,0.0738,9151.36,2198.61,9502.52,2861.18
Copy of IMG00192.JPG,conductor,1,0.073,8231.34,1488.45,8634.18,1730.15
Copy of IMG00192.JPG,conductor,1,0.0729,8417.31,1551.38,8863.28,1771.73
Copy of IMG00192.JPG,conductor,1,0.0723,9021.53,2293.37,9496.16,2718.29
Copy of IMG00192.JPG,insulator,2,0.0708,4446.18,2276.02,4741.51,2420.97
Copy of IMG00192.JPG,conductor,1,0.0703,9335.48,1633.19,9503.91,1967.0
Copy of IMG00192.JPG,conductor,1,0.0694,7936.88,1767.63,8409.01,2019.29
Copy of IMG00192.JPG,conductor,1,0.0679,7975.26,2041.12,8445.11,2318.04
Copy of IMG00192.JPG,conductor,1,0.0672,9356.29,1765.26,9504.0,2127.9
Copy of IMG00192.JPG,pylon_fissure,3,0.0672,4371.94,5251.56,4523.54,6293.54
Copy of IMG00192.JPG,conductor,1,0.067,7807.29,2041.0,8410.69,2361.66
Copy of IMG00192.JPG,conductor,1,0.0661,8270.61,1488.33,8759.61,1736.08
Copy of IMG00192.JPG,conductor,1,0.0659,8467.44,1577.49,8904.83,1786.68
Copy of IMG00192.JPG,conductor,1,0.0658,9025.0,1713.92,9491.0,2004.55
Copy of IMG00192.JPG,conductor,1,0.0652,7889.11,1209.22,8551.79,1466.11
Copy of IMG00192.JPG,conductor,1,0.0646,9072.11,1579.38,9495.66,1872.44
Copy of IMG00192.JPG,conductor,1,0.0642,9071.51,2129.16,9477.83,2599.31
Copy of IMG00192.JPG,conductor,1,0.0625,8157.94,1496.52,8593.33,1744.83
Copy of IMG00192.JPG,conductor,1,0.0623,8287.51,1453.49,8819.19,1699.18
Copy of IMG00192.JPG,conductor,1,0.0618,8539.56,2144.32,8885.83,2451.95
Copy of IMG00192.JPG,conductor,1,0.0609,8547.81,2032.25,8966.32,2350.65
Copy of IMG00192.JPG,conductor,1,0.0598,8159.21,1792.75,8574.86,2013.66
Copy of IMG00192.JPG,conductor,1,0.0588,9077.27,2021.27,9430.24,2295.4
Copy of IMG00192.JPG,conductor,1,0.0586,8579.4,1667.89,9048.88,1898.33
Copy of IMG00192.JPG,conductor,1,0.0584,8796.49,1335.71,9336.56,1568.83
Copy of IMG00192.JPG,conductor,1,0.0581,8544.63,2137.36,8797.32,2541.26
Copy of IMG00192.JPG,conductor,1,0.0576,9098.47,759.99,9501.02,974.01
Copy of IMG00192.JPG,conductor,1,0.0573,9099.87,2184.84,9500.88,2692.23
Copy of IMG00192.JPG,conductor,1,0.0571,9073.57,1897.35,9457.07,2187.67
Copy of IMG00192.JPG,conductor,1,0.0552,9344.84,2402.72,9504.0,2852.95
Copy of IMG00192.JPG,conductor,1,0.0546,8739.43,1331.93,9197.63,1570.71
Copy of IMG00192.JPG,conductor,1,0.0542,8506.32,2150.6,8815.6,2601.89
Copy of IMG00192.JPG,pylon,0,0.0539,9289.79,2689.23,9499.55,4481.94
Copy of IMG00192.JPG,conductor,1,0.0536,8855.51,1745.41,9307.53,1975.03
Copy of IMG00192.JPG,conductor,1,0.0533,8363.2,1787.51,8710.27,2005.32
Copy of IMG00192.JPG,conductor,1,0.0532,8624.49,2706.04,9130.0,3087.87
Copy of IMG00192.JPG,conductor,1,0.0525,9197.05,1558.68,9504.0,1880.42
Copy of IMG00192.JPG,conductor,1,0.0522,8399.96,1462.84,8915.0,1712.45
Copy of IMG00192.JPG,conductor,1,0.052,8837.14,1909.26,9289.1,2189.68
Copy of IMG00192.JPG,conductor,1,0.0507,9218.69,2327.7,9503.8,2871.77
Copy of IMG00192.JPG,conductor,1,0.05,8672.96,1995.06,9084.45,2275.16
Copy of IMG03517.JPG,conductor,1,0.7319,3101.12,5229.93,3882.23,6239.12
Copy of IMG03517.JPG,pylon,0,0.6217,5174.5,2129.5,5544.83,5353.1
Copy of IMG03517.JPG,conductor,1,0.421,6202.41,3845.93,7501.78,6253.43
Copy of IMG03517.JPG,insulator,2,0.1799,5466.59,2263.37,5677.92,2574.41
Copy of IMG03517.JPG,conductor,1,0.1106,3067.22,5382.19,3768.84,6235.95
Copy of IMG03517.JPG,insulator,2,0.1103,5462.36,1905.4,5701.57,2171.13
Copy of IMG03517.JPG,conductor,1,0.0611,4263.78,3715.76,4993.35,4185.96
Copy of IMG03517.JPG,conductor,1,0.0501,3030.56,5524.52,3699.74,6267.92
Copy of IMG00479.JPG,pylon,0,0.648,4733.19,2170.49,5199.31,4190.94
Copy of IMG00479.JPG,conductor,1,0.4712,5527.12,2885.74,9504.0,3837.35
Copy of IMG00479.JPG,conductor,1,0.1268,5432.61,2702.83,9504.0,3457.23
Copy of IMG00479.JPG,conductor,1,0.0918,5541.63,3033.62,9504.0,4031.03
Copy of IMG00479.JPG,conductor,1,0.0792,5594.08,2751.06,9496.23,3662.75
Copy of IMG00479.JPG,conductor,1,0.0652,4613.01,5638.64,5724.54,6324.44
Copy of IMG00108.JPG,insulator,2,0.8807,5249.53,2901.42,5583.58,3285.75
Copy of IMG00108.JPG,conductor,1,0.8371,5108.43,4315.95,6186.19,5494.14
Copy of IMG00108.JPG,pylon,0,0.8209,4522.22,3367.31,5088.08,6265.83
Copy of IMG00108.JPG,insulator,2,0.766,4633.11,2576.09,4990.35,2986.11
Copy of IMG00108.JPG,insulator,2,0.6454,4091.44,3405.96,4396.44,3778.06
Copy of IMG00108.JPG,conductor,1,0.5234,5972.46,5327.35,6860.8,6175.94
Copy of IMG00108.JPG,conductor,1,0.4674,2359.75,2030.56,3548.27,2995.49
Copy of IMG00108.JPG,conductor,1,0.3747,93.92,124.18,1225.73,907.73
Copy of IMG00108.JPG,conductor,1,0.345,3032.72,1156.64,4317.61,2051.34
Copy of IMG00108.JPG,conductor,1,0.2486,1591.33,130.53,2956.0,848.18
Copy of IMG00108.JPG,conductor,1,0.2399,1373.44,962.84,2181.96,1840.43
Copy of IMG00108.JPG,conductor,1,0.2303,6677.77,4358.61,8225.11,5449.53
Copy of IMG00108.JPG,conductor,1,0.2169,1198.62,897.18,2133.8,1756.28
Copy of IMG00108.JPG,conductor,1,0.2165,2110.12,1840.01,3573.5,3100.63
Copy of IMG00108.JPG,conductor,1,0.216,5970.94,3494.69,7397.26,4692.65
Copy of IMG00108.JPG,conductor,1,0.2078,3105.12,1186.87,4612.07,2275.7
Copy of IMG00108.JPG,conductor,1,0.1697,5861.13,3453.58,7205.55,4518.02
Copy of IMG00108.JPG,conductor,1,0.1631,2233.04,1845.44,3444.69,2875.25
Copy of IMG00108.JPG,conductor,1,0.1581,9.56,15.32,1023.04,741.32
Copy of IMG00108.JPG,conductor,1,0.1558,6485.81,4235.98,8072.45,5347.12
Copy of IMG00108.JPG,conductor,1,0.1548,6128.0,3732.39,7741.04,4859.69
Copy of IMG00108.JPG,conductor,1,0.1485,7025.29,4567.97,8933.7,6110.08
Copy of IMG00108.JPG,conductor,1,0.1464,5.33,0.0,728.39,398.71
Copy of IMG00108.JPG,conductor,1,0.1419,7331.25,4963.35,8904.44,6105.15
Copy of IMG00108.JPG,conductor,1,0.123,1451.92,1031.85,2296.52,2035.81
Copy of IMG00108.JPG,conductor,1,0.1215,5.5,0.0,841.49,523.24
Copy of IMG00108.JPG,conductor,1,0.1077,5730.04,3418.05,6925.73,4161.16
Copy of IMG00108.JPG,conductor,1,0.1073,7545.98,5109.27,8957.48,6188.1
Copy of IMG00108.JPG,conductor,1,0.1067,6749.37,4457.94,8655.37,5614.02
Copy of IMG00108.JPG,conductor,1,0.1046,6185.96,3896.13,7872.22,5028.04
Copy of IMG00108.JPG,conductor,1,0.0961,184.55,156.8,1407.96,1065.47
Copy of IMG00108.JPG,conductor,1,0.0916,6961.99,4716.81,8800.83,5798.58
Copy of IMG00108.JPG,conductor,1,0.0873,0.0,3602.44,442.55,6216.84
Copy of IMG00108.JPG,conductor,1,0.0824,1875.85,1397.69,2915.21,2380.99
Copy of IMG00108.JPG,conductor,1,0.0814,1484.8,1063.47,2588.29,2150.06
Copy of IMG00108.JPG,conductor,1,0.0786,1678.27,1254.71,2830.8,2337.73
Copy of IMG00108.JPG,conductor,1,0.0785,2111.61,1561.92,3380.85,2847.66
Copy of IMG00108.JPG,conductor,1,0.078,3216.78,2695.44,3994.97,3314.23
Copy of IMG00108.JPG,conductor,1,0.0765,1052.2,792.96,2055.45,1653.99
Copy of IMG00108.JPG,conductor,1,0.0745,2883.77,1088.41,4135.4,1893.14
Copy of IMG00108.JPG,conductor,1,0.0716,367.2,353.88,1517.31,1157.02
Copy of IMG00108.JPG,conductor,1,0.0692,2502.6,2135.07,3672.76,3107.38
Copy of IMG00108.JPG,conductor,1,0.0676,1942.18,1369.95,3099.85,2644.3
Copy of IMG00108.JPG,conductor,1,0.0598,864.35,636.79,1860.0,1437.34
Copy of IMG00108.JPG,conductor,1,0.0595,1874.17,219.71,3142.45,1143.65
Copy of IMG00108.JPG,conductor,1,0.0586,6631.31,4244.4,8887.12,5878.39
Copy of IMG00108.JPG,conductor,1,0.0572,2319.4,651.47,3421.08,1263.73
Copy of IMG00108.JPG,conductor,1,0.0556,2401.03,700.59,3500.29,1392.62
Copy of IMG00108.JPG,conductor,1,0.0542,6131.69,3649.72,8007.37,5158.67
Copy of IMG00108.JPG,conductor,1,0.0506,507.73,394.91,1447.82,1031.93
Copy of IMG00459.JPG,insulator,2,0.7698,3916.58,5443.85,4340.59,5927.57
Copy of IMG00459.JPG,insulator,2,0.6352,5145.49,3932.59,5663.57,4502.24
Copy of IMG00459.JPG,conductor,1,0.6204,5201.22,4973.78,6032.16,5642.44
Copy of IMG00459.JPG,conductor,1,0.6173,800.79,2836.63,2182.09,3704.23
Copy of IMG00459.JPG,conductor,1,0.5894,2878.33,3976.93,4306.3,4723.48
Copy of IMG00459.JPG,conductor,1,0.5085,5.57,3064.22,684.37,4162.23
Copy of IMG00459.JPG,conductor,1,0.4849,3208.77,3173.62,4806.67,4000.36
Copy of IMG00459.JPG,conductor,1,0.4756,402.77,1837.65,1786.06,2516.04
Copy of IMG00459.JPG,insulator,2,0.448,4526.0,4535.71,4920.91,5029.77
Copy of IMG00459.JPG,conductor,1,0.415,5677.27,4411.98,6548.71,4961.06
Copy of IMG00459.JPG,conductor,1,0.4019,1782.46,3311.74,3110.89,4096.33
Copy of IMG00459.JPG,conductor,1,0.3946,384.44,3687.89,1616.08,4673.81
Copy of IMG00459.JPG,conductor,1,0.3858,6609.41,4998.21,7676.74,5659.39
Copy of IMG00459.JPG,conductor,1,0.3667,1.68,2289.94,892.43,3052.94
Copy of IMG00459.JPG,conductor,1,0.3345,1402.59,2328.91,2841.7,3020.06
Copy of IMG00459.JPG,conductor,1,0.3268,5876.7,5505.44,6847.34,6215.47
Copy of IMG00459.JPG,conductor,1,0.3063,5704.91,4450.64,6716.45,5049.3
Copy of IMG00459.JPG,conductor,1,0.3042,6734.78,5095.37,7870.22,5809.12
Copy of IMG00459.JPG,conductor,1,0.298,7737.81,5692.82,8512.52,6278.8
Copy of IMG00459.JPG,conductor,1,0.2786,6144.9,4678.43,7061.43,5335.85
Copy of IMG00459.JPG,conductor,1,0.2703,2085.63,4620.64,3382.41,5437.9
Copy of IMG00459.JPG,conductor,1,0.2693,1406.4,4305.8,3311.95,5468.0
Copy of IMG00459.JPG,conductor,1,0.2633,0.0,2192.36,701.31,2957.54
Copy of IMG00459.JPG,conductor,1,0.2564,3616.69,3457.51,4934.78,4163.27
Copy of IMG00459.JPG,conductor,1,0.2546,3003.3,3055.78,4732.33,3878.76
Copy of IMG00459.JPG,conductor,1,0.2448,1257.48,4143.91,2505.91,5055.98
Copy of IMG00459.JPG,conductor,1,0.2303,3369.73,3310.45,4890.78,4103.64
Copy of IMG00459.JPG,conductor,1,0.2227,2024.66,2662.24,3613.64,3404.3
Copy of IMG00459.JPG,conductor,1,0.2114,6841.59,5198.29,7990.7,5895.95
Copy of IMG00459.JPG,conductor,1,0.2113,3167.1,2876.09,4921.4,3896.76
Copy of IMG00459.JPG,conductor,1,0.206,5758.44,5424.54,6755.58,6175.68
Copy of IMG00459.JPG,conductor,1,0.1958,1932.45,3386.16,3312.32,4220.26
Copy of IMG00459.JPG,conductor,1,0.1806,1624.51,2422.86,3179.48,3190.59
Copy of IMG00459.JPG,conductor,1,0.1802,91.09,1745.02,1627.29,2414.95
Copy of IMG00459.JPG,conductor,1,0.1782,6051.32,5585.19,6950.59,6268.92
Copy of IMG00459.JPG,conductor,1,0.1747,5203.5,5022.03,6161.13,5764.86
Copy of IMG00459.JPG,conductor,1,0.1712,5829.14,4550.62,6909.97,5219.26
Copy of IMG00459.JPG,conductor,1,0.1638,2.11,2111.59,526.58,2894.0
Copy of IMG00459.JPG,conductor,1,0.1623,7495.89,5553.79,8419.87,6206.67
Copy of IMG00459.JPG,conductor,1,0.1621,1789.9,2537.24,3389.09,3250.05
Copy of IMG00459.JPG,conductor,1,0.1511,1.08,2933.23,469.29,4111.11
Copy of IMG00459.JPG,conductor,1,0.151,1.35,2063.53,353.4,2809.52
Copy of IMG00459.JPG,conductor,1,0.1498,4.69,2436.98,1240.78,3154.36
Copy of IMG00459.JPG,conductor,1,0.1385,3223.45,4066.94,4356.67,4702.4
Copy of IMG00459.JPG,conductor,1,0.1281,20.75,1629.53,1330.76,2207.64
Copy of IMG00459.JPG,conductor,1,0.1278,1744.29,4502.51,3267.11,5383.59
Copy of IMG00459.JPG,conductor,1,0.125,2669.21,3753.86,3873.87,4577.87
Copy of IMG00459.JPG,conductor,1,0.1213,2788.34,5057.06,3820.02,5674.5
Copy of IMG00459.JPG,conductor,1,0.1212,73.37,3591.76,1566.39,4621.62
Copy of IMG00459.JPG,conductor,1,0.117,2558.36,4980.42,3802.24,5652.0
Copy of IMG00459.JPG,conductor,1,0.1149,2245.59,2734.63,3764.08,3440.33
Copy of IMG00459.JPG,conductor,1,0.113,5545.23,5279.05,6570.5,6034.46
Copy of IMG00459.JPG,conductor,1,0.1059,5067.67,4891.12,5799.04,5554.37
Copy of IMG00459.JPG,conductor,1,0.1029,5323.61,5121.37,6311.98,5855.13
Copy of IMG00459.JPG,conductor,1,0.1028,7316.93,5454.04,8316.61,6059.12
Copy of IMG00459.JPG,conductor,1,0.0954,1.47,1441.02,659.66,2081.23
Copy of IMG00459.JPG,conductor,1,0.0915,5489.98,5221.68,6371.58,5877.5
Copy of IMG00459.JPG,conductor,1,0.0892,0.0,1662.63,962.73,2179.3
Copy of IMG00459.JPG,conductor,1,0.089,7119.98,5313.98,8143.47,6005.96
Copy of IMG00459.JPG,conductor,1,0.0882,3.84,1539.6,822.65,2150.22
Copy of IMG00459.JPG,conductor,1,0.0876,6200.22,4721.66,7224.44,5455.59
Copy of IMG00459.JPG,conductor,1,0.0861,1289.58,4211.17,2940.63,5255.38
Copy of IMG00459.JPG,conductor,1,0.0853,5623.93,4412.64,6306.38,4890.28
Copy of IMG00459.JPG,conductor,1,0.0839,517.04,1904.0,1978.49,2637.27
Copy of IMG00459.JPG,conductor,1,0.0831,6245.33,5665.26,7015.87,6288.89
Copy of IMG00459.JPG,conductor,1,0.0776,2393.31,2807.5,3972.7,3534.54
Copy of IMG00459.JPG,conductor,1,0.0773,534.86,5491.03,1184.63,6257.52
Copy of IMG00459.JPG,conductor,1,0.0741,1.16,2860.56,270.95,3893.7
Copy of IMG00459.JPG,conductor,1,0.0736,4505.36,5323.32,4963.09,6259.15
Copy of IMG00459.JPG,conductor,1,0.0712,2844.74,3054.69,4495.39,3722.86
Copy of IMG00459.JPG,conductor,1,0.0705,6424.22,4886.27,7594.59,5604.49
Copy of IMG00459.JPG,conductor,1,0.0699,1734.77,5159.91,2476.26,6224.49
Copy of IMG00459.JPG,conductor,1,0.0692,2280.78,4731.18,3681.66,5599.18
Copy of IMG00459.JPG,conductor,1,0.0686,1.9,1426.77,433.49,2032.44
Copy of IMG00459.JPG,conductor,1,0.0651,5028.96,4889.35,5690.36,5451.27
Copy of IMG00459.JPG,conductor,1,0.0648,1.86,4970.25,297.34,6025.96
Copy of IMG00459.JPG,conductor,1,0.0646,569.43,1928.88,1650.52,2456.87
Copy of IMG00459.JPG,conductor,1,0.0642,6376.93,5761.57,7043.95,6302.09
Copy of IMG00459.JPG,conductor,1,0.0628,7889.06,5876.42,8550.4,6299.42
Copy of IMG00459.JPG,conductor,1,0.061,2613.75,3667.91,3622.9,4497.64
Copy of IMG00459.JPG,conductor,1,0.0593,0.96,1289.69,568.23,2047.55
Copy of IMG00459.JPG,conductor,1,0.0592,9033.99,4897.15,9503.43,5659.91
Copy of IMG00459.JPG,conductor,1,0.059,0.81,2008.52,265.41,2763.33
Copy of IMG00459.JPG,conductor,1,0.0574,2655.15,2894.2,4455.62,3639.03
Copy of IMG00459.JPG,conductor,1,0.0553,1.49,5301.18,289.32,6119.97
Copy of IMG00459.JPG,conductor,1,0.0547,938.19,2954.0,2348.64,3785.43
Copy of IMG00459.JPG,conductor,1,0.0542,491.07,2659.04,1624.08,3361.36
Copy of IMG00459.JPG,conductor,1,0.0541,4377.29,5794.06,4890.95,6289.61
Copy of IMG00459.JPG,conductor,1,0.0533,2165.77,3501.37,3413.2,4343.29
Copy of IMG00459.JPG,conductor,1,0.0518,0.79,4045.59,467.45,5018.9
Copy of IMG00459.JPG,conductor,1,0.0503,0.0,5399.78,357.91,6214.96
Copy of IMG00167.JPG,pylon,0,0.9691,4443.18,1045.23,5049.86,3671.22
Copy of IMG00167.JPG,insulator,2,0.6726,4527.05,0.0,4859.34,186.45
Copy of IMG00167.JPG,conductor,1,0.6379,1901.19,5328.87,2760.78,6140.29
Copy of IMG00167.JPG,conductor,1,0.4894,804.97,5416.58,1559.37,6288.97
Copy of IMG00167.JPG,insulator,2,0.4516,5313.59,43.6,5633.28,377.84
Copy of IMG00167.JPG,insulator,2,0.2869,4571.96,0.0,4891.98,268.09
Copy of IMG00167.JPG,insulator,2,0.2551,4344.85,178.0,4568.77,343.16
Copy of IMG00167.JPG,insulator,2,0.2482,4500.59,36.83,4839.7,283.85
Copy of IMG00167.JPG,conductor,1,0.2166,1388.46,4493.43,2122.68,5270.42
Copy of IMG00167.JPG,conductor,1,0.2091,5.3,5250.78,469.95,5993.5
Copy of IMG00167.JPG,conductor,1,0.1733,1960.39,5291.09,2800.58,5980.6
Copy of IMG00167.JPG,conductor,1,0.1659,1445.64,4400.47,2199.4,5205.83
Copy of IMG00167.JPG,conductor,1,0.085,1620.91,4279.32,2280.37,4784.6
Copy of IMG00167.JPG,conductor,1,0.0825,1489.78,4334.77,2243.04,5056.97
Copy of IMG00167.JPG,insulator,2,0.0817,4484.8,503.42,4753.46,738.77
Copy of IMG00167.JPG,insulator,2,0.0703,4880.93,359.48,5117.34,616.08
Copy of IMG00167.JPG,conductor,1,0.0693,1406.37,4752.16,1981.9,5232.66
Copy of IMG00167.JPG,conductor,1,0.0659,0.1,5320.31,376.82,5855.36
Copy of IMG00167.JPG,conductor,1,0.0657,1357.57,4810.9,1900.13,5351.27
Copy of IMG00167.JPG,conductor,1,0.0641,587.61,4303.36,1306.93,4688.96
Copy of IMG00167.JPG,conductor,1,0.0633,1301.71,4592.16,2042.75,5378.38
Copy of IMG00167.JPG,conductor,1,0.0619,5.18,4299.38,675.53,4535.77
Copy of IMG00167.JPG,conductor,1,0.0619,1537.75,4397.11,2183.72,4838.12
Copy of IMG00167.JPG,insulator,2,0.0611,4571.6,736.6,4753.24,899.29
Copy of IMG00167.JPG,conductor,1,0.0597,2039.11,3872.83,2652.65,4204.5
Copy of IMG00167.JPG,insulator,2,0.0562,4529.28,509.0,4818.42,757.16
Copy of IMG00167.JPG,conductor,1,0.0557,2.28,4224.52,614.6,4476.74
Copy of IMG00167.JPG,insulator,2,0.0545,5312.01,113.25,5684.69,565.0
Copy of IMG00167.JPG,insulator,2,0.0517,4878.88,291.35,5101.99,535.59
Copy of IMG00355.JPG,insulator,2,0.9454,4587.57,2886.58,4977.51,3216.12
Copy of IMG00355.JPG,conductor,1,0.9159,6794.16,5452.46,8059.74,6296.93
Copy of IMG00355.JPG,insulator,2,0.9063,3597.79,3518.25,3884.86,3787.45
Copy of IMG00355.JPG,pylon,0,0.7555,3849.2,3808.58,4556.43,6335.22
Copy of IMG00355.JPG,insulator,2,0.6722,4131.93,3176.17,4456.75,3462.36
Copy of IMG00355.JPG,conductor,1,0.587,6485.92,4505.01,8233.84,5516.24
Copy of IMG00355.JPG,conductor,1,0.5188,5115.86,3217.5,5958.38,3704.7
Copy of IMG00355.JPG,conductor,1,0.4443,8235.66,5632.67,9459.39,6308.39
Copy of IMG00355.JPG,conductor,1,0.4231,1484.28,4652.21,3748.8,5495.34
Copy of IMG00355.JPG,conductor,1,0.4156,8385.7,5024.6,9481.12,5681.86
Copy of IMG00355.JPG,conductor,1,0.2387,197.98,4677.99,3740.89,5499.19
Copy of IMG00355.JPG,conductor,1,0.236,4673.16,3524.35,5178.02,3840.13
Copy of IMG00355.JPG,conductor,1,0.2261,8471.52,5122.7,9503.32,5817.87
Copy of IMG00355.JPG,conductor,1,0.2236,6750.7,3860.8,8730.8,4640.86
Copy of IMG00355.JPG,insulator,2,0.1903,3985.18,3601.84,4197.82,3821.85
Copy of IMG00355.JPG,conductor,1,0.1704,5230.8,3256.76,6030.1,3750.86
Copy of IMG00355.JPG,conductor,1,0.1598,4392.97,4516.93,7066.45,5687.69
Copy of IMG00355.JPG,conductor,1,0.1384,5015.67,3179.14,5786.5,3601.76
Copy of IMG00355.JPG,conductor,1,0.1362,62.18,4420.39,3695.53,5448.35
Copy of IMG00355.JPG,insulator,2,0.1185,3643.22,3543.38,3947.19,3833.48
Copy of IMG00355.JPG,insulator,2,0.118,3994.34,3612.01,4236.7,3861.49
Copy of IMG00355.JPG,conductor,1,0.1099,56.73,4087.94,3659.2,4917.03
Copy of IMG00355.JPG,conductor,1,0.1087,8499.1,5773.75,9493.05,6324.26
Copy of IMG00355.JPG,conductor,1,0.1074,5602.91,4004.21,7138.85,4828.68
Copy of IMG00355.JPG,conductor,1,0.083,8293.85,4925.58,9361.52,5601.88
Copy of IMG00355.JPG,conductor,1,0.08,4810.66,4696.66,7093.59,5674.95
Copy of IMG00355.JPG,conductor,1,0.078,6252.15,3253.26,8305.9,3976.98
Copy of IMG00355.JPG,conductor,1,0.0643,6921.76,5617.98,8212.86,6299.91
Copy of IMG00355.JPG,conductor,1,0.0579,8658.16,5856.94,9503.25,6336.0
Copy of IMG00355.JPG,conductor,1,0.0576,6734.74,4501.37,8630.51,5421.41
Copy of IMG00355.JPG,conductor,1,0.054,7842.88,5350.07,8879.25,6193.66
Copy of IMG00355.JPG,conductor,1,0.0537,5321.07,3338.44,6118.61,3795.04
Copy of IMG00355.JPG,conductor,1,0.0516,8156.68,4891.96,9210.69,5542.63
Copy of IMG03463.JPG,insulator,2,0.8981,4453.19,2155.35,4739.04,2557.96
Copy of IMG03463.JPG,insulator,2,0.8785,5422.34,2291.39,5753.46,2682.45
Copy of IMG03463.JPG,pylon,0,0.7988,4401.22,2696.89,4982.28,6287.13
Copy of IMG03463.JPG,conductor,1,0.789,6404.27,5342.49,7411.86,6250.11
Copy of IMG03463.JPG,insulator,2,0.7524,3436.44,2607.86,3758.01,3032.17
Copy of IMG03463.JPG,conductor,1,0.6752,7667.56,5447.09,8781.11,6237.52
Copy of IMG03463.JPG,conductor,1,0.5603,4915.03,5367.77,5617.47,6258.81
Copy of IMG03463.JPG,conductor,1,0.4765,5525.61,4175.42,6582.67,5091.87
Copy of IMG03463.JPG,conductor,1,0.3032,3559.34,3100.5,4110.38,4071.27
Copy of IMG03463.JPG,conductor,1,0.2648,6664.89,4128.92,7844.25,5063.56
Copy of IMG03463.JPG,conductor,1,0.2318,7083.92,4700.11,8014.28,5337.73
Copy of IMG03463.JPG,conductor,1,0.2312,3568.0,3137.74,4246.93,4309.46
Copy of IMG03463.JPG,conductor,1,0.223,6708.07,4292.59,7908.84,5200.67
Copy of IMG03463.JPG,conductor,1,0.2133,6837.83,4537.76,7938.32,5269.01
Copy of IMG03463.JPG,conductor,1,0.2022,4922.71,3109.33,5738.67,4152.68
Copy of IMG03463.JPG,conductor,1,0.1967,2384.4,281.35,2875.36,745.38
Copy of IMG03463.JPG,conductor,1,0.194,4900.15,2999.23,5464.36,3704.29
Copy of IMG03463.JPG,conductor,1,0.1864,6647.27,4068.51,7642.18,4909.78
Copy of IMG03463.JPG,conductor,1,0.1717,2708.83,19.27,3057.1,346.79
Copy of IMG03463.JPG,conductor,1,0.1552,2325.72,193.55,2821.53,718.35
Copy of IMG03463.JPG,conductor,1,0.1552,1450.01,51.4,1922.56,597.65
Copy of IMG03463.JPG,conductor,1,0.1491,3564.68,3148.25,4421.69,4513.33
Copy of IMG03463.JPG,conductor,1,0.1464,4902.83,3041.87,5585.3,4028.48
Copy of IMG03463.JPG,conductor,1,0.1382,4892.53,2950.52,5387.49,3594.52
Copy of IMG03463.JPG,conductor,1,0.123,1465.49,104.28,2007.0,887.06
Copy of IMG03463.JPG,insulator,2,0.1048,3868.63,2331.59,4116.96,2610.77
Copy of IMG03463.JPG,conductor,1,0.0895,2186.55,3.47,2489.29,315.6
Copy of IMG03463.JPG,conductor,1,0.0868,6273.25,5088.31,7348.93,6172.52
Copy of IMG03463.JPG,conductor,1,0.0861,2304.9,144.78,2728.71,688.85
Copy of IMG03463.JPG,conductor,1,0.0852,4878.88,2881.67,5269.92,3412.09
Copy of IMG03463.JPG,conductor,1,0.0831,2258.38,78.58,2655.21,619.77
Copy of IMG03463.JPG,conductor,1,0.0809,2785.91,72.36,3159.88,513.36
Copy of IMG03463.JPG,conductor,1,0.0751,7791.79,5583.6,8642.07,6241.94
Copy of IMG03463.JPG,conductor,1,0.0745,1439.09,6.71,1817.26,512.14
Copy of IMG03463.JPG,conductor,1,0.0719,2747.74,42.2,3108.09,413.24
Copy of IMG03463.JPG,pylon_fissure,3,0.071,4605.36,4359.99,4786.18,6318.06
Copy of IMG03463.JPG,conductor,1,0.0672,2212.73,38.02,2586.33,438.56
Copy of IMG03463.JPG,conductor,1,0.067,1.51,3697.58,571.15,3991.45
Copy of IMG03463.JPG,conductor,1,0.0622,6609.28,3989.76,7565.33,4771.43
Copy of IMG03463.JPG,conductor,1,0.0609,1506.06,130.61,2005.6,664.21
Copy of IMG03463.JPG,pylon_fissure,3,0.0602,4609.61,5015.15,4760.88,6307.64
Copy of IMG03463.JPG,conductor,1,0.0599,2958.24,260.08,3410.67,684.38
Copy of IMG03463.JPG,conductor,1,0.0598,3036.38,307.7,3558.45,786.71
Copy of IMG03463.JPG,conductor,1,0.0546,4035.73,2813.55,4371.32,3281.81
Copy of IMG03463.JPG,conductor,1,0.0501,7423.66,5048.36,8248.07,5606.08
Copy of IMG00452.JPG,pylon,0,0.6796,4702.2,3646.92,5258.93,6250.3
Copy of IMG00452.JPG,insulator,2,0.4877,5152.94,3199.29,5493.46,3532.49
Copy of IMG00452.JPG,conductor,1,0.4637,3457.47,3415.22,4783.58,3965.64
Copy of IMG00452.JPG,insulator,2,0.3815,5004.19,2728.11,5370.32,3117.15
Copy of IMG00452.JPG,conductor,1,0.3387,122.41,3853.32,2465.36,4670.62
Copy of IMG00452.JPG,conductor,1,0.3183,5495.76,3139.66,9488.22,3791.33
Copy of IMG00452.JPG,conductor,1,0.2826,0.0,3150.87,3638.14,3698.1
Copy of IMG00452.JPG,conductor,1,0.2521,79.45,3039.43,4005.76,3598.69
Copy of IMG00452.JPG,insulator,2,0.2284,4770.76,2567.56,5074.16,2898.65
Copy of IMG00452.JPG,conductor,1,0.2161,1251.11,2900.64,4070.82,3393.38
Copy of IMG00452.JPG,conductor,1,0.2058,0.0,3228.9,3866.61,3819.83
Copy of IMG00452.JPG,conductor,1,0.2001,378.97,2967.0,4117.06,3511.6
Copy of IMG00452.JPG,conductor,1,0.1938,16.66,3356.78,1425.46,3707.38
Copy of IMG00452.JPG,conductor,1,0.161,0.27,3362.9,1039.6,3734.26
Copy of IMG00452.JPG,conductor,1,0.1605,98.78,3895.65,3996.52,4654.44
Copy of IMG00452.JPG,conductor,1,0.1299,1.64,3351.38,1257.65,3820.19
Copy of IMG00452.JPG,conductor,1,0.1266,233.23,3801.32,2872.56,4560.63
Copy of IMG00452.JPG,conductor,1,0.1249,4.09,3332.26,2619.64,3833.77
Copy of IMG00452.JPG,conductor,1,0.1088,3.93,3358.04,1886.19,3920.21
Copy of IMG00452.JPG,conductor,1,0.0979,5458.76,2693.7,9253.56,3151.33
Copy of IMG00452.JPG,conductor,1,0.0913,602.82,3188.21,2649.67,3543.34
Copy of IMG00452.JPG,conductor,1,0.0909,0.49,3408.61,799.13,3735.68
Copy of IMG00452.JPG,conductor,1,0.0868,9139.51,4957.88,9504.0,5489.04
Copy of IMG00452.JPG,conductor,1,0.0809,9262.58,5067.18,9503.15,5599.84
Copy of IMG00452.JPG,conductor,1,0.0683,9301.07,5131.03,9503.46,5712.03
Copy of IMG00452.JPG,conductor,1,0.0628,9076.02,4922.79,9502.47,5347.13
Copy of IMG00452.JPG,conductor,1,0.0616,2.38,3378.23,1277.22,3990.98
Copy of IMG00452.JPG,conductor,1,0.0609,1518.5,2824.95,4161.0,3341.35
Copy of IMG00452.JPG,conductor,1,0.0599,5499.68,2707.64,9336.33,3340.61
Copy of IMG00452.JPG,conductor,1,0.0594,5469.46,2686.43,8001.66,3124.99
Copy of IMG00452.JPG,conductor,1,0.056,9179.92,5048.97,9504.0,5628.74
Copy of IMG00086.JPG,insulator,2,0.5255,5500.41,2769.55,5772.71,3082.47
Copy of IMG00086.JPG,insulator,2,0.2788,5481.23,2710.21,5751.86,2998.52
Copy of IMG00086.JPG,insulator,2,0.2763,4978.19,2768.05,5289.75,3041.97
Copy of IMG00086.JPG,insulator,2,0.1068,5315.92,2761.84,5520.19,3023.99
Copy of IMG00086.JPG,conductor,1,0.1004,4942.01,3318.57,5618.23,5796.53
Copy of IMG00086.JPG,insulator,2,0.0594,4964.61,2725.09,5322.42,3085.65
Copy of IMG00086.JPG,conductor,1,0.0545,2904.69,3135.49,4542.96,6249.87
Copy of IMG00007.JPG,insulator,2,0.8161,5510.38,1445.95,5756.59,1674.13
Copy of IMG00007.JPG,insulator,2,0.7535,5074.74,1014.58,5302.31,1250.53
Copy of IMG00007.JPG,conductor,1,0.664,5689.66,3546.63,7908.27,4451.26
Copy of IMG00007.JPG,conductor,1,0.5351,2973.38,1705.15,4862.34,2297.23
Copy of IMG00007.JPG,pylon,0,0.5105,4833.98,1528.26,5540.24,6094.37
Copy of IMG00007.JPG,conductor,1,0.5067,1618.39,3049.22,3205.38,3807.92
Copy of IMG00007.JPG,insulator,2,0.4206,5310.23,889.99,5529.0,1076.01
Copy of IMG00007.JPG,insulator,2,0.3926,5372.58,988.03,5568.82,1201.7
Copy of IMG00007.JPG,conductor,1,0.3758,2960.92,2485.73,4686.63,3343.52
Copy of IMG00007.JPG,conductor,1,0.3583,5884.15,1109.14,7683.34,1483.64
Copy of IMG00007.JPG,conductor,1,0.355,2843.73,1754.26,4797.46,2442.59
Copy of IMG00007.JPG,conductor,1,0.3539,1.44,2133.76,959.31,3311.43
Copy of IMG00007.JPG,insulator,2,0.32,5338.77,958.76,5569.6,1169.23
Copy of IMG00007.JPG,conductor,1,0.3024,3308.19,1662.63,4985.58,2242.99
Copy of IMG00007.JPG,conductor,1,0.2806,4167.12,1064.92,4885.45,1375.91
Copy of IMG00007.JPG,conductor,1,0.2681,5710.36,3430.06,8728.29,4499.54
Copy of IMG00007.JPG,pylon,0,0.2658,4983.74,1491.11,5594.03,5096.95
Copy of IMG00007.JPG,conductor,1,0.2491,1365.94,3071.7,3133.81,3927.81
Copy of IMG00007.JPG,insulator,2,0.2475,5438.24,2861.57,5701.57,3189.69
Copy of IMG00007.JPG,conductor,1,0.2343,1492.64,2352.34,2955.28,3038.95
Copy of IMG00007.JPG,conductor,1,0.1903,3972.94,1103.2,4840.04,1448.31
Copy of IMG00007.JPG,conductor,1,0.1894,3261.1,2391.32,4872.23,3193.08
Copy of IMG00007.JPG,conductor,1,0.1819,5876.15,1062.49,9504.0,1461.89
Copy of IMG00007.JPG,insulator,2,0.1785,5396.95,1020.74,5585.9,1234.02
Copy of IMG00007.JPG,conductor,1,0.1632,5766.7,2533.61,9392.36,4508.09
Copy of IMG00007.JPG,conductor,1,0.1616,2924.78,2644.56,4276.89,3385.47
Copy of IMG00007.JPG,conductor,1,0.154,0.0,2154.81,953.26,2813.94
Copy of IMG00007.JPG,conductor,1,0.1484,7181.62,5193.35,9504.0,5906.82
Copy of IMG00007.JPG,conductor,1,0.1237,1264.89,1461.8,2080.38,1770.51
Copy of IMG00007.JPG,insulator,2,0.1233,5444.07,2727.57,5678.2,2995.9
Copy of IMG00007.JPG,conductor,1,0.1215,4537.42,1533.9,5166.07,1881.0
Copy of IMG00007.JPG,conductor,1,0.0956,3346.6,1618.88,5050.85,2108.94
Copy of IMG00007.JPG,conductor,1,0.0939,9024.05,252.67,9500.08,445.34
Copy of IMG00007.JPG,conductor,1,0.0915,1156.63,1894.63,2128.31,2294.05
Copy of IMG00007.JPG,conductor,1,0.0908,4389.53,1551.89,5150.17,1916.64
Copy of IMG00007.JPG,conductor,1,0.0857,8729.04,243.52,9482.99,469.2
Copy of IMG00007.JPG,conductor,1,0.0698,3834.62,1127.54,4780.15,1384.66
Copy of IMG00007.JPG,conductor,1,0.0657,4200.74,1566.75,5135.23,1983.97
Copy of IMG00007.JPG,conductor,1,0.0657,9158.59,685.6,9503.84,941.79
Copy of IMG00007.JPG,conductor,1,0.0639,3414.92,1748.97,4773.66,2245.29
Copy of IMG00007.JPG,conductor,1,0.0635,3847.32,1153.5,4724.69,1453.68
Copy of IMG00007.JPG,conductor,1,0.0602,8675.88,305.05,9476.67,497.95
Copy of IMG00007.JPG,conductor,1,0.0601,4303.24,1562.36,5113.74,1850.05
Copy of IMG00007.JPG,conductor,1,0.0595,5846.39,1021.04,9262.9,1369.22
Copy of IMG00007.JPG,conductor,1,0.0562,3753.53,1116.05,4838.22,1516.64
Copy of IMG00007.JPG,conductor,1,0.0535,2467.54,2658.49,4085.73,3432.13
Copy of IMG00007.JPG,conductor,1,0.0516,1.26,5863.93,245.24,6336.0
Copy of IMG00007.JPG,conductor,1,0.0503,7179.92,5291.49,8747.22,5848.66
Copy of IMG00422.JPG,pylon,0,0.7457,4269.79,2792.24,4817.49,6282.13
Copy of IMG00422.JPG,insulator,2,0.722,3868.2,2259.73,4216.62,2656.77
Copy of IMG00422.JPG,insulator,2,0.6772,5228.42,2667.92,5596.03,3091.35
Copy of IMG00422.JPG,conductor,1,0.599,1930.27,5335.83,2688.5,6251.77
Copy of IMG00422.JPG,conductor,1,0.4413,2702.94,5340.14,3366.1,6192.6
Copy of IMG00422.JPG,conductor,1,0.3979,5748.78,4468.69,6822.69,5444.13
Copy of IMG00422.JPG,conductor,1,0.3687,3531.03,5487.96,4295.55,6266.13
Copy of IMG00422.JPG,insulator,2,0.3389,4585.41,2096.52,4941.93,2381.22
Copy of IMG00422.JPG,conductor,1,0.3155,2963.55,4905.15,3637.35,5547.6
Copy of IMG00422.JPG,conductor,1,0.2906,2411.75,4567.05,3095.06,5248.06
Copy of IMG00422.JPG,conductor,1,0.238,2687.51,5595.75,3252.08,6271.42
Copy of IMG00422.JPG,conductor,1,0.2171,2747.11,5261.94,3408.96,6043.87
Copy of IMG00422.JPG,insulator,2,0.1526,4639.3,2114.1,4967.65,2407.89
Copy of IMG00422.JPG,conductor,1,0.1518,4931.1,3228.5,5336.22,3837.4
Copy of IMG00422.JPG,conductor,1,0.148,2924.42,4976.67,3614.56,5665.33
Copy of IMG00422.JPG,conductor,1,0.1334,2825.44,5124.19,3479.91,5905.38
Copy of IMG00422.JPG,conductor,1,0.1318,2468.42,4497.06,3162.74,5147.25
Copy of IMG00422.JPG,conductor,1,0.1287,3038.11,4703.45,3719.55,5471.71
Copy of IMG00422.JPG,insulator,2,0.12,4682.21,2087.9,4939.29,2388.61
Copy of IMG00422.JPG,conductor,1,0.1196,4017.7,3091.19,4408.42,3703.79
Copy of IMG00422.JPG,conductor,1,0.1159,3106.18,4600.74,3809.69,5395.94
Copy of IMG00422.JPG,conductor,1,0.1134,3568.34,2803.15,3957.71,3194.28
Copy of IMG00422.JPG,conductor,1,0.1097,3323.39,3231.8,3735.5,3615.99
Copy of IMG00422.JPG,conductor,1,0.1079,2314.95,4782.17,3015.4,5466.51
Copy of IMG00422.JPG,conductor,1,0.102,3190.95,4437.15,3879.37,5115.11
Copy of IMG00422.JPG,conductor,1,0.1018,4104.75,3031.94,4467.04,3551.08
Copy of IMG00422.JPG,conductor,1,0.0953,3936.13,3134.44,4369.28,3820.01
Copy of IMG00422.JPG,conductor,1,0.0952,1933.85,5679.88,2442.48,6276.02
Copy of IMG00422.JPG,conductor,1,0.0947,2360.46,4693.93,3042.54,5342.09
Copy of IMG00422.JPG,conductor,1,0.0947,1976.49,5023.92,2779.56,5953.06
Copy of IMG00422.JPG,insulator,2,0.0886,4676.95,2697.8,4908.67,3067.49
Copy of IMG00422.JPG,conductor,1,0.0791,2485.26,4420.82,3249.18,4987.01
Copy of IMG00422.JPG,insulator,2,0.0768,4708.25,2156.77,4990.16,2452.72
Copy of IMG00422.JPG,conductor,1,0.0759,3445.73,2824.32,3961.42,3303.76
Copy of IMG00422.JPG,conductor,1,0.0757,3386.81,2905.19,3869.61,3498.2
Copy of IMG00422.JPG,conductor,1,0.0735,7984.04,749.8,8501.4,968.96
Copy of IMG00422.JPG,conductor,1,0.0714,2791.81,3667.17,3622.02,4257.97
Copy of IMG00422.JPG,conductor,1,0.0643,2214.35,4880.13,2924.31,5556.36
Copy of IMG00422.JPG,conductor,1,0.063,3414.19,3942.07,4048.93,4693.43
Copy of IMG00422.JPG,conductor,1,0.055,4797.76,1604.56,5148.11,1971.35
Copy of IMG00422.JPG,conductor,1,0.0547,4976.89,3189.76,5386.17,3740.87
Copy of IMG00422.JPG,pylon,0,0.0534,4370.98,2919.66,4875.09,6336.0
Copy of IMG00422.JPG,conductor,1,0.0531,1916.14,5479.72,2573.02,6257.32
Copy of IMG00422.JPG,conductor,1,0.0515,3862.78,3254.34,4313.22,3942.97
Copy of IMG00514.JPG,insulator,2,0.8193,4917.23,1833.71,5176.18,2107.06
Copy of IMG00514.JPG,insulator,2,0.7051,4627.0,1817.38,4888.99,2070.88
Copy of IMG00514.JPG,insulator,2,0.7018,3770.39,1359.53,4108.26,1701.76
Copy of IMG00514.JPG,conductor,1,0.6505,1724.94,5285.16,2472.57,6267.19
Copy of IMG00514.JPG,conductor,1,0.6433,877.88,4985.13,1819.38,6072.02
Copy of IMG00514.JPG,pylon,0,0.607,4313.1,2337.77,4792.4,5675.03
Copy of IMG00514.JPG,insulator,2,0.5579,5145.77,1609.28,5454.2,1896.29
Copy of IMG00514.JPG,insulator,2,0.4949,4309.88,1583.75,4612.48,1885.59
Copy of IMG00514.JPG,conductor,1,0.4647,3631.17,3569.43,4328.01,4523.86
Copy of IMG00514.JPG,conductor,1,0.4584,3.27,3727.45,1933.87,4925.26
Copy of IMG00514.JPG,insulator,2,0.4571,4053.21,1222.92,4383.76,1478.27
Copy of IMG00514.JPG,conductor,1,0.4383,3616.93,2552.25,4067.97,3119.67
Copy of IMG00514.JPG,insulator,2,0.4262,3848.14,2145.59,4170.41,2404.23
Copy of IMG00514.JPG,insulator,2,0.3818,4647.51,1404.67,4917.19,1685.53
Copy of IMG00514.JPG,conductor,1,0.3669,3752.11,3408.14,4348.07,4352.8
Copy of IMG00514.JPG,conductor,1,0.2878,3529.48,2598.97,4025.87,3224.61
Copy of IMG00514.JPG,insulator,2,0.2722,4175.33,1970.74,4490.93,2199.97
Copy of IMG00514.JPG,conductor,1,0.2374,3207.61,3091.11,3788.09,3831.89
Copy of IMG00514.JPG,insulator,2,0.2322,3821.07,1268.46,4302.35,1605.6
Copy of IMG00514.JPG,conductor,1,0.223,3251.31,2071.79,3663.42,2542.44
Copy of IMG00514.JPG,conductor,1,0.2206,3290.72,3008.02,3830.36,3665.43
Copy of IMG00514.JPG,conductor,1,0.2188,3190.11,2078.69,3660.51,2669.24
Copy of IMG00514.JPG,conductor,1,0.2179,3133.06,3162.3,3745.69,3950.84
Copy of IMG00514.JPG,conductor,1,0.2161,3063.24,3279.32,3689.48,4050.62
Copy of IMG00514.JPG,conductor,1,0.1781,3082.21,2275.61,3587.05,2794.81
Copy of IMG00514.JPG,conductor,1,0.1543,3011.9,3420.2,3593.99,4153.41
Copy of IMG00514.JPG,conductor,1,0.1426,3460.33,2682.45,3980.58,3370.93
Copy of IMG00514.JPG,conductor,1,0.135,3135.18,2148.43,3615.63,2747.1
Copy of IMG00514.JPG,conductor,1,0.1347,3895.6,3289.97,4414.07,4165.92
Copy of IMG00514.JPG,conductor,1,0.1278,3217.52,4648.4,3833.45,5183.67
Copy of IMG00514.JPG,conductor,1,0.1244,2622.51,5536.14,3200.92,6311.59
Copy of IMG00514.JPG,conductor,1,0.1176,2464.98,2787.35,3185.07,3678.92
Copy of IMG00514.JPG,conductor,1,0.1111,3283.65,4306.05,4049.21,5154.83
Copy of IMG00514.JPG,conductor,1,0.1055,1874.62,5204.26,2497.15,6159.03
Copy of IMG00514.JPG,conductor,1,0.1,2574.99,2759.65,3211.95,3494.88
Copy of IMG00514.JPG,conductor,1,0.0949,3524.17,3905.42,4167.45,4620.94
Copy of IMG00514.JPG,conductor,1,0.0934,2961.85,3478.77,3549.46,4261.32
Copy of IMG00514.JPG,conductor,1,0.0931,3409.4,2818.26,3895.96,3503.33
Copy of IMG00514.JPG,conductor,1,0.0902,3738.17,2479.36,4168.91,2999.73
Copy of IMG00514.JPG,conductor,1,0.0897,3549.4,3705.25,4231.75,4568.73
Copy of IMG00514.JPG,conductor,1,0.0833,3293.18,2023.89,3701.64,2456.63
Copy of IMG00514.JPG,conductor,1,0.0828,3027.4,2388.6,3532.01,2862.38
Copy of IMG00514.JPG,conductor,1,0.0812,3458.01,4084.15,4103.44,4685.39
Copy of IMG00514.JPG,conductor,1,0.078,3988.1,3168.74,4442.13,4023.25
Copy of IMG00514.JPG,insulator,2,0.074,4225.53,1786.79,4508.66,1979.56
Copy of IMG00514.JPG,conductor,1,0.0734,81.63,4036.48,2089.09,4910.48
Copy of IMG00514.JPG,conductor,1,0.072,2272.26,5912.54,2802.61,6301.72
Copy of IMG00514.JPG,conductor,1,0.0691,3681.63,2519.29,4108.25,3037.12
Copy of IMG00514.JPG,conductor,1,0.0667,3451.38,3850.72,4218.43,4726.24
Copy of IMG00514.JPG,conductor,1,0.0641,4310.31,2495.14,4779.18,5597.37
Copy of IMG00514.JPG,conductor,1,0.0596,4053.7,2493.26,4337.16,2979.48
Copy of IMG00514.JPG,conductor,1,0.0582,4713.64,2290.35,5021.89,2685.03
Copy of IMG00514.JPG,conductor,1,0.0539,2734.33,2758.05,3206.19,3252.66
Copy of IMG00514.JPG,conductor,1,0.0513,3393.07,4121.31,4116.58,4818.23
Copy of IMG00514.JPG,conductor,1,0.0508,2429.74,4885.81,3746.59,5693.5
Copy of IMG00514.JPG,conductor,1,0.0502,2590.36,5740.76,3173.58,6303.14
Copy of IMG00514.JPG,conductor,1,0.0502,2833.16,3749.2,3396.22,4520.93
Copy of IMG00254.JPG,insulator,2,0.7259,4684.01,4062.09,4902.56,4252.39
Copy of IMG00254.JPG,conductor,1,0.5826,6316.91,5759.29,7304.76,6256.78
Copy of IMG00254.JPG,conductor,1,0.4458,7824.67,5955.24,8799.55,6336.0
Copy of IMG00254.JPG,conductor,1,0.4027,2252.83,2032.28,2868.56,3969.93
Copy of IMG00254.JPG,insulator,2,0.387,5302.12,4017.23,5530.2,4211.57
Copy of IMG00254.JPG,conductor,1,0.3428,859.6,3950.97,6770.16,4931.32
Copy of IMG00254.JPG,conductor,1,0.3071,617.68,4173.54,6989.66,5284.09
Copy of IMG00254.JPG,insulator,2,0.2224,4996.03,4099.61,5249.06,4340.58
Copy of IMG00254.JPG,insulator,2,0.1477,5007.14,4068.14,5245.88,4272.91
Copy of IMG00254.JPG,conductor,1,0.1257,5073.89,5483.1,5391.46,6283.0
Copy of IMG00254.JPG,conductor,1,0.1199,5801.42,4770.74,7583.23,5513.25
Copy of IMG00254.JPG,conductor,1,0.1148,9075.86,5154.84,9504.0,5714.54
Copy of IMG00254.JPG,conductor,1,0.0979,8457.58,5637.57,9485.57,6149.91
Copy of IMG00254.JPG,conductor,1,0.092,5628.08,3679.66,8072.43,4653.79
Copy of IMG00254.JPG,insulator,2,0.0902,5009.38,4022.81,5211.45,4205.47
Copy of IMG00254.JPG,conductor,1,0.0877,7326.18,5804.27,8782.27,6336.0
Copy of IMG00254.JPG,pylon,0,0.0851,5067.06,5524.79,5416.76,6265.14
Copy of IMG00254.JPG,conductor,1,0.0842,8629.42,3966.8,9084.18,5335.44
Copy of IMG00254.JPG,conductor,1,0.0828,7930.39,6051.62,8874.83,6336.0
Copy of IMG00254.JPG,conductor,1,0.0778,8748.45,5811.93,9499.39,6336.0
Copy of IMG00254.JPG,conductor,1,0.0762,6812.33,5067.34,8289.55,5624.84
Copy of IMG00254.JPG,conductor,1,0.0737,8544.58,5690.75,9499.35,6283.64
Copy of IMG00254.JPG,conductor,1,0.0705,5606.98,5443.04,6579.13,5948.81
Copy of IMG00254.JPG,conductor,1,0.0645,5042.89,4453.48,5513.4,6303.12
Copy of IMG00254.JPG,conductor,1,0.0642,6104.55,4964.24,8356.2,5593.38
Copy of IMG00254.JPG,conductor,1,0.0635,5896.06,4834.33,8438.58,5557.8
Copy of IMG00254.JPG,insulator,2,0.0629,5250.02,4043.46,5484.61,4222.11
Copy of IMG00254.JPG,conductor,1,0.0594,9062.45,5249.69,9504.0,5820.37
Copy of IMG00254.JPG,conductor,1,0.0591,6051.29,5619.53,7255.28,6210.17
Copy of IMG00254.JPG,conductor,1,0.0585,6437.96,5807.91,7435.51,6276.48
Copy of IMG00254.JPG,conductor,1,0.0581,614.19,4022.49,6051.39,5074.88
Copy of IMG00254.JPG,conductor,1,0.0526,7657.53,5901.4,8777.09,6336.0
Copy of IMG00254.JPG,insulator,2,0.0504,4822.56,4583.43,5018.57,4736.89
Copy of IMG00013.JPG,insulator,2,0.8169,4352.35,4389.45,4661.83,4769.93
Copy of IMG00013.JPG,conductor,1,0.5243,4962.8,4551.95,6401.0,5417.8
Copy of IMG00013.JPG,pylon,0,0.4795,3928.68,4742.38,4376.21,6300.1
Copy of IMG00013.JPG,conductor,1,0.4566,6534.68,2625.0,7483.74,3224.28
Copy of IMG00013.JPG,conductor,1,0.427,7250.11,2083.36,8419.18,2755.18
Copy of IMG00013.JPG,insulator,2,0.3842,3669.84,3480.38,3992.45,3867.2
Copy of IMG00013.JPG,conductor,1,0.3816,8760.22,190.13,9504.0,594.1
Copy of IMG00013.JPG,conductor,1,0.3676,0.69,5412.06,717.83,5847.21
Copy of IMG00013.JPG,conductor,1,0.3498,8811.76,1240.01,9503.86,1854.02
Copy of IMG00013.JPG,conductor,1,0.3493,1329.14,5416.09,2485.98,6090.29
Copy of IMG00013.JPG,conductor,1,0.3365,1901.62,3778.08,3147.74,4294.88
Copy of IMG00013.JPG,conductor,1,0.3097,5852.89,3002.82,6890.68,3631.24
Copy of IMG00013.JPG,conductor,1,0.2993,4348.02,3239.67,5152.08,3623.24
Copy of IMG00013.JPG,conductor,1,0.287,838.77,4201.14,2263.53,4803.34
Copy of IMG00013.JPG,conductor,1,0.2781,2104.9,4940.05,3530.56,5707.19
Copy of IMG00013.JPG,conductor,1,0.2749,4355.68,3114.52,5300.92,3582.57
Copy of IMG00013.JPG,conductor,1,0.2715,4250.18,2585.43,5391.68,3122.03
Copy of IMG00013.JPG,conductor,1,0.2672,1826.95,5961.13,2407.42,6309.0
Copy of IMG00013.JPG,conductor,1,0.2603,7270.8,1550.23,8034.44,1990.42
Copy of IMG00013.JPG,conductor,1,0.2595,34.95,4714.27,1195.82,5274.02
Copy of IMG00013.JPG,conductor,1,0.2344,5005.9,3507.69,6150.68,4172.88
Copy of IMG00013.JPG,conductor,1,0.2193,908.78,4155.54,2376.07,4701.58
Copy of IMG00013.JPG,conductor,1,0.2145,8230.24,1610.65,9258.31,2190.53
Copy of IMG00013.JPG,insulator,2,0.2083,4007.25,3581.12,4319.67,3878.6
Copy of IMG00013.JPG,conductor,1,0.2057,5818.53,1645.16,7035.74,2114.2
Copy of IMG00013.JPG,conductor,1,0.1957,6913.63,1109.7,7911.35,1545.62
Copy of IMG00013.JPG,conductor,1,0.1953,4076.82,2682.68,5254.75,3229.04
Copy of IMG00013.JPG,conductor,1,0.1926,1552.64,5162.53,3181.25,5885.29
Copy of IMG00013.JPG,conductor,1,0.189,941.99,5711.86,1988.57,6268.11
Copy of IMG00013.JPG,conductor,1,0.1829,0.89,4859.15,968.0,5372.21
Copy of IMG00013.JPG,conductor,1,0.1787,8344.08,1471.87,9459.56,2062.94
Copy of IMG00013.JPG,conductor,1,0.1734,7095.11,1067.3,7971.75,1485.72
Copy of IMG00013.JPG,conductor,1,0.1726,1253.36,4764.58,2143.42,5182.47
Copy of IMG00013.JPG,conductor,1,0.1667,7959.85,1657.16,9110.51,2257.63
Copy of IMG00013.JPG,conductor,1,0.1622,4783.1,2320.78,5850.85,2820.16
Copy of IMG00013.JPG,conductor,1,0.1594,7795.1,1857.68,8829.6,2466.62
Copy of IMG00013.JPG,conductor,1,0.158,5669.69,1694.91,6983.96,2225.41
Copy of IMG00013.JPG,conductor,1,0.1567,1811.14,4516.86,2625.72,4957.7
Copy of IMG00013.JPG,conductor,1,0.151,5555.38,1838.68,6742.6,2354.81
Copy of IMG00013.JPG,conductor,1,0.1507,7853.11,517.08,8836.29,1049.6
Copy of IMG00013.JPG,conductor,1,0.146,7445.01,1950.2,8608.94,2568.75
Copy of IMG00013.JPG,conductor,1,0.1426,2054.36,3757.8,3311.22,4232.75
Copy of IMG00013.JPG,conductor,1,0.1421,905.89,5789.56,1779.25,6281.12
Copy of IMG00013.JPG,conductor,1,0.1412,5945.83,2954.1,7026.32,3544.64
Copy of IMG00013.JPG,conductor,1,0.1409,9026.91,1042.9,9501.95,1783.53
Copy of IMG00013.JPG,conductor,1,0.1369,1858.62,5881.95,2522.49,6298.79
Copy of IMG00013.JPG,conductor,1,0.1359,56.24,4646.48,1297.46,5156.4
Copy of IMG00013.JPG,conductor,1,0.134,2.21,5348.11,920.19,5822.1
Copy of IMG00013.JPG,conductor,1,0.1337,7579.47,585.17,8763.03,1122.55
Copy of IMG00013.JPG,conductor,1,0.1325,6047.13,1613.94,7129.28,2072.93
Copy of IMG00013.JPG,conductor,1,0.1303,6052.97,2815.88,7226.73,3504.85
Copy of IMG00013.JPG,conductor,1,0.1289,6355.56,2676.91,7371.74,3319.35
Copy of IMG00013.JPG,conductor,1,0.1248,1798.1,5055.15,3308.88,5817.33
Copy of IMG00013.JPG,conductor,1,0.1237,1227.46,4001.84,2617.9,4571.52
Copy of IMG00013.JPG,insulator,2,0.1237,4166.07,3874.38,4428.14,4166.12
Copy of IMG00013.JPG,conductor,1,0.1209,1446.59,5261.41,2744.49,5944.26
Copy of IMG00013.JPG,conductor,1,0.1147,7146.77,961.4,8173.87,1419.42
Copy of IMG00013.JPG,conductor,1,0.1141,6818.2,1172.42,7877.61,1646.79
Copy of IMG00013.JPG,conductor,1,0.1117,8661.96,1336.57,9502.58,1890.92
Copy of IMG00013.JPG,conductor,1,0.11,965.87,4798.61,2041.88,5264.34
Copy of IMG00013.JPG,conductor,1,0.1099,2482.06,4126.0,3403.69,4546.88
Copy of IMG00013.JPG,conductor,1,0.1099,8836.22,582.62,9503.18,1004.16
Copy of IMG00013.JPG,conductor,1,0.1067,7160.23,2164.15,8242.3,2849.67
Copy of IMG00013.JPG,conductor,1,0.1066,7007.47,3366.99,8309.33,4267.91
Copy of IMG00013.JPG,conductor,1,0.1063,7402.08,1484.49,8068.42,1935.28
Copy of IMG00013.JPG,conductor,1,0.106,7887.97,1754.01,8950.09,2371.65
Copy of IMG00013.JPG,conductor,1,0.1045,1085.63,5595.01,2156.42,6222.51
Copy of IMG00013.JPG,conductor,1,0.1037,814.91,4986.56,1663.67,5441.15
Copy of IMG00013.JPG,conductor,1,0.1026,8651.41,672.13,9412.12,1112.9
Copy of IMG00013.JPG,conductor,1,0.1004,207.48,4584.45,1519.91,5070.17
Copy of IMG00013.JPG,conductor,1,0.0997,2438.85,4188.37,3323.39,4627.91
Copy of IMG00013.JPG,conductor,1,0.0926,351.02,4492.32,1688.65,4980.49
Copy of IMG00013.JPG,conductor,1,0.0919,5333.48,3258.98,6480.48,3917.52
Copy of IMG00013.JPG,conductor,1,0.0906,535.75,4346.84,1908.23,4890.19
Copy of IMG00013.JPG,conductor,1,0.0905,5633.21,3059.04,6786.22,3725.88
Copy of IMG00013.JPG,conductor,1,0.09,4630.85,2395.24,5778.84,2935.72
Copy of IMG00013.JPG,conductor,1,0.0887,8056.89,1008.94,8896.14,1435.88
Copy of IMG00013.JPG,conductor,1,0.0873,792.88,4301.16,2116.0,4783.01
Copy of IMG00013.JPG,conductor,1,0.0831,7135.48,1598.65,7921.16,2034.99
Copy of IMG00013.JPG,conductor,1,0.0819,2424.77,4236.86,3157.03,4674.86
Copy of IMG00013.JPG,conductor,1,0.0818,8862.29,122.93,9503.7,490.0
Copy of IMG00013.JPG,conductor,1,0.0811,869.33,5903.33,1614.2,6311.54
Copy of IMG00013.JPG,conductor,1,0.081,4928.7,3595.3,6052.96,4233.77
Copy of IMG00013.JPG,conductor,1,0.0806,4306.1,2518.43,5547.39,3046.75
Copy of IMG00013.JPG,conductor,1,0.0806,2171.93,3701.33,3422.57,4187.13
Copy of IMG00013.JPG,conductor,1,0.0796,8601.27,747.71,9303.46,1146.37
Copy of IMG00013.JPG,conductor,1,0.0795,0.0,5013.58,790.23,5447.06
Copy of IMG00013.JPG,conductor,1,0.0788,4397.17,3067.51,5417.75,3530.44
Copy of IMG00013.JPG,conductor,1,0.0785,5705.62,2415.79,6517.37,2826.77
Copy of IMG00013.JPG,conductor,1,0.0771,6589.67,1360.73,7489.45,1804.59
Copy of IMG00013.JPG,conductor,1,0.0765,1373.81,3849.81,2950.18,4420.14
Copy of IMG00013.JPG,conductor,1,0.0755,6353.66,2003.68,7259.34,2422.17
Copy of IMG00013.JPG,conductor,1,0.0749,2291.13,4284.67,3104.35,4721.58
Copy of IMG00013.JPG,conductor,1,0.073,1187.24,5530.9,2327.35,6150.81
Copy of IMG00013.JPG,conductor,1,0.0729,2199.88,3604.52,3559.8,4101.37
Copy of IMG00013.JPG,conductor,1,0.0724,4572.32,2988.71,5622.51,3439.53
Copy of IMG00013.JPG,conductor,1,0.0702,1669.37,3836.71,3049.82,4347.92
Copy of IMG00013.JPG,conductor,1,0.0696,5523.79,1941.0,6574.27,2411.23
Copy of IMG00013.JPG,conductor,1,0.0691,6747.95,1816.8,7582.62,2253.75
Copy of IMG00013.JPG,conductor,1,0.0682,2665.78,4071.5,3531.72,4474.37
Copy of IMG00013.JPG,conductor,1,0.0681,1602.8,4549.73,2528.8,5012.2
Copy of IMG00013.JPG,conductor,1,0.068,6769.71,1752.42,7669.22,2182.56
Copy of IMG00013.JPG,conductor,1,0.0678,1092.52,4099.76,2616.92,4637.68
Copy of IMG00013.JPG,conductor,1,0.0667,4330.97,2690.61,5696.44,3247.84
Copy of IMG00013.JPG,conductor,1,0.0657,2798.23,4012.65,3581.42,4414.93
Copy of IMG00013.JPG,conductor,1,0.0651,5913.79,2286.95,6734.3,2717.38
Copy of IMG00013.JPG,conductor,1,0.0645,7527.64,775.07,8545.32,1204.75
Copy of IMG00013.JPG,conductor,1,0.0642,6699.27,1259.64,7752.46,1728.51
Copy of IMG00013.JPG,conductor,1,0.0631,161.27,5279.28,1082.82,5711.79
Copy of IMG00013.JPG,conductor,1,0.0624,8539.82,2162.07,9504.0,2871.45
Copy of IMG00013.JPG,conductor,1,0.0623,5716.08,1790.69,6835.04,2249.64
Copy of IMG00013.JPG,conductor,1,0.0614,5576.17,1897.73,6642.56,2294.61
Copy of IMG00013.JPG,conductor,1,0.0606,7883.33,1015.97,8907.38,1534.71
Copy of IMG00013.JPG,conductor,1,0.0604,4888.96,2803.77,5769.12,3270.88
Copy of IMG00013.JPG,conductor,1,0.0602,4514.01,3040.8,5517.08,3482.27
Copy of IMG00013.JPG,conductor,1,0.0601,9203.78,953.82,9502.13,1711.43
Copy of IMG00013.JPG,conductor,1,0.0589,6569.19,1935.46,7374.65,2348.94
Copy of IMG00013.JPG,conductor,1,0.0587,8276.18,2605.5,9501.51,3556.92
Copy of IMG00013.JPG,conductor,1,0.0585,5500.38,3168.45,6670.94,3753.44
Copy of IMG00013.JPG,conductor,1,0.0583,7012.81,1652.04,7859.4,2086.5
Copy of IMG00013.JPG,conductor,1,0.0569,0.0,5475.06,540.79,5919.87
Copy of IMG00013.JPG,conductor,1,0.0559,1859.48,4430.58,2860.06,4900.16
Copy of IMG00013.JPG,conductor,1,0.0552,5004.46,4354.34,6680.03,5406.98
Copy of IMG00013.JPG,conductor,1,0.0547,402.63,5222.62,1243.13,5657.22
Copy of IMG00013.JPG,conductor,1,0.0547,7906.06,1110.24,8807.48,1625.24
Copy of IMG00013.JPG,conductor,1,0.0544,8568.41,2125.37,9504.0,3172.17
Copy of IMG00013.JPG,conductor,1,0.0539,910.03,4875.54,1966.59,5361.84
Copy of IMG00013.JPG,conductor,1,0.0539,4007.05,2845.76,5085.16,3331.74
Copy of IMG00013.JPG,conductor,1,0.0538,555.02,5013.16,1574.64,5495.46
Copy of IMG00013.JPG,conductor,1,0.0536,8444.91,264.47,9448.96,642.68
Copy of IMG00013.JPG,conductor,1,0.0535,1948.22,4341.65,2988.95,4834.62
Copy of IMG00013.JPG,conductor,1,0.0532,5440.74,2596.17,6216.09,3024.02
Copy of IMG00013.JPG,conductor,1,0.0526,6062.98,2246.36,6784.89,2643.26
Copy of IMG00013.JPG,conductor,1,0.0526,884.38,4935.12,1789.63,5383.61
Copy of IMG00013.JPG,conductor,1,0.0525,1481.56,3962.78,2972.72,4482.85
Copy of IMG00013.JPG,conductor,1,0.0524,5491.91,2489.64,6419.01,2947.16
Copy of IMG00013.JPG,conductor,1,0.0522,7328.11,881.74,8333.93,1312.35
Copy of IMG00013.JPG,conductor,1,0.0517,2841.43,3954.29,3701.1,4367.35
Copy of IMG00013.JPG,conductor,1,0.0515,2182.58,4320.14,3028.44,4769.98
Copy of IMG00013.JPG,conductor,1,0.0513,1941.66,5776.73,2763.34,6287.58
Copy of IMG00013.JPG,conductor,1,0.0506,7450.93,820.28,8468.94,1273.85
Copy of IMG00013.JPG,conductor,1,0.0502,5811.59,1736.33,6912.94,2179.46
Copy of IMG00155.JPG,insulator,2,0.9001,4311.92,1035.91,4680.01,1467.82
Copy of IMG00155.JPG,insulator,2,0.6904,5454.93,102.58,5825.98,511.49
Copy of IMG00155.JPG,conductor,1,0.5544,7937.24,3711.78,8768.96,4383.63
Copy of IMG00155.JPG,conductor,1,0.5203,6379.81,3338.1,7506.7,4092.67
Copy of IMG00155.JPG,conductor,1,0.5131,7285.3,4312.85,8642.96,5329.6
Copy of IMG00155.JPG,conductor,1,0.5063,8736.2,4345.63,9504.0,5308.64
Copy of IMG00155.JPG,conductor,1,0.4501,5461.14,2393.45,6361.02,3025.94
Copy of IMG00155.JPG,conductor,1,0.4455,6280.06,3349.01,7590.93,4360.45
Copy of IMG00155.JPG,conductor,1,0.4399,5828.17,2867.04,6757.56,3400.09
Copy of IMG00155.JPG,conductor,1,0.407,7890.47,3549.03,8729.85,4305.96
Copy of IMG00155.JPG,insulator,2,0.3447,4940.93,307.95,5343.35,764.19
Copy of IMG00155.JPG,conductor,1,0.2986,7316.43,2941.5,7967.0,3518.57
Copy of IMG00155.JPG,conductor,1,0.2725,2405.46,4075.72,4042.89,5655.07
Copy of IMG00155.JPG,conductor,1,0.2653,7230.79,4222.27,8389.08,5198.34
Copy of IMG00155.JPG,conductor,1,0.2114,7551.12,4908.3,9019.95,5817.98
Copy of IMG00155.JPG,conductor,1,0.2074,9025.1,3746.06,9502.69,4327.05
Copy of IMG00155.JPG,conductor,1,0.1909,7350.95,4431.84,8852.22,5495.32
Copy of IMG00155.JPG,conductor,1,0.1721,7432.2,4794.73,9000.5,6019.93
Copy of IMG00155.JPG,conductor,1,0.1674,8017.2,3832.58,8798.26,4433.89
Copy of IMG00155.JPG,conductor,1,0.1389,5630.05,1220.95,6299.63,1657.9
Copy of IMG00155.JPG,conductor,1,0.138,7405.85,2334.99,8521.44,2975.46
Copy of IMG00155.JPG,conductor,1,0.1274,7422.35,4746.37,8893.55,5557.28
Copy of IMG00155.JPG,conductor,1,0.1262,2496.29,4052.75,4030.16,5189.96
Copy of IMG00155.JPG,conductor,1,0.1205,6431.5,3492.61,7694.5,4522.99
Copy of IMG00155.JPG,conductor,1,0.1194,7827.88,3443.43,8574.09,4062.78
Copy of IMG00155.JPG,conductor,1,0.1181,6629.83,3837.2,7773.71,4560.67
Copy of IMG00155.JPG,conductor,1,0.117,8665.63,3429.57,9428.73,3948.45
Copy of IMG00155.JPG,conductor,1,0.1144,7246.52,2907.12,7912.71,3406.43
Copy of IMG00155.JPG,conductor,1,0.1135,8481.84,3353.95,9246.55,3855.14
Copy of IMG00155.JPG,conductor,1,0.1127,5785.22,1347.92,6400.69,1764.15
Copy of IMG00155.JPG,conductor,1,0.1089,8315.35,3208.52,8961.1,3667.95
Copy of IMG00155.JPG,conductor,1,0.1069,5839.02,1441.95,6470.87,1904.38
Copy of IMG00155.JPG,conductor,1,0.1024,6950.48,4018.17,7961.13,4813.92
Copy of IMG00155.JPG,conductor,1,0.0981,5577.48,1085.54,6150.55,1533.22
Copy of IMG00155.JPG,conductor,1,0.0963,7718.01,4971.18,9130.05,6158.0
Copy of IMG00155.JPG,conductor,1,0.0956,5538.61,2654.66,6698.28,3379.51
Copy of IMG00155.JPG,conductor,1,0.095,8881.58,3710.64,9503.38,4221.09
Copy of IMG00155.JPG,conductor,1,0.0883,6378.95,1985.99,7021.92,2346.6
Copy of IMG00155.JPG,conductor,1,0.0848,6004.75,1574.89,6608.34,1956.92
Copy of IMG00155.JPG,conductor,1,0.0796,7912.49,3544.8,8666.6,4130.17
Copy of IMG00155.JPG,conductor,1,0.079,8831.32,4410.15,9504.0,5174.99
Copy of IMG00155.JPG,pylon,0,0.0787,4487.67,1482.56,5061.66,2703.39
Copy of IMG00155.JPG,conductor,1,0.0778,8407.85,3229.27,9088.45,3732.98
Copy of IMG00155.JPG,conductor,1,0.0764,6247.86,936.4,6812.86,1378.27
Copy of IMG00155.JPG,conductor,1,0.0763,5958.13,1533.57,6546.53,1923.04
Copy of IMG00155.JPG,conductor,1,0.0733,5740.09,1300.28,6346.21,1695.35
Copy of IMG00155.JPG,conductor,1,0.0705,9225.06,3837.39,9504.0,4363.42
Copy of IMG00155.JPG,conductor,1,0.0687,7161.9,4159.36,8226.7,5001.59
Copy of IMG00155.JPG,conductor,1,0.068,8596.16,4235.13,9497.3,4981.72
Copy of IMG00155.JPG,conductor,1,0.0673,5103.05,1935.24,5816.54,2482.1
Copy of IMG00155.JPG,conductor,1,0.066,6790.98,3926.08,7820.86,4659.46
Copy of IMG00155.JPG,conductor,1,0.0639,8702.68,3575.37,9461.68,4091.65
Copy of IMG00155.JPG,conductor,1,0.0615,6770.42,2338.54,7328.83,2753.37
Copy of IMG00155.JPG,conductor,1,0.0605,7766.19,3397.13,8480.8,3916.55
Copy of IMG00155.JPG,conductor,1,0.0594,5571.01,2451.97,6336.16,2969.19
Copy of IMG00155.JPG,insulator,2,0.0585,4656.37,721.63,4974.26,1015.96
Copy of IMG00155.JPG,conductor,1,0.0572,8753.77,802.89,9499.42,1202.26
Copy of IMG00155.JPG,conductor,1,0.0567,6396.19,2044.01,7139.44,2509.05
Copy of IMG00155.JPG,conductor,1,0.0559,5285.14,2291.42,6348.01,3008.13
Copy of IMG00155.JPG,conductor,1,0.0542,5605.82,1129.44,6272.2,1613.2
Copy of IMG00155.JPG,conductor,1,0.052,5125.27,2023.05,6104.63,2559.07
Copy of IMG00155.JPG,conductor,1,0.0512,9068.46,4398.71,9504.0,5063.76
Copy of IMG00368.JPG,insulator,2,0.6226,8673.37,3714.14,9027.64,3997.12
Copy of IMG00368.JPG,pylon,0,0.6171,8623.16,4270.23,9305.71,6310.38
Copy of IMG00368.JPG,insulator,2,0.5708,9249.02,3612.29,9504.0,3856.19
Copy of IMG00368.JPG,insulator,2,0.5414,8106.13,3858.26,8482.35,4150.57
Copy of IMG00368.JPG,insulator,2,0.3488,9001.61,3858.03,9274.08,4124.63
Copy of IMG00368.JPG,insulator,2,0.2906,8393.64,4019.15,8672.8,4273.74
Copy of IMG00368.JPG,conductor,1,0.2673,5834.89,5131.51,7218.87,6144.87
Copy of IMG00368.JPG,conductor,1,0.1036,1709.83,5546.21,2671.61,6273.87
Copy of IMG00368.JPG,insulator,2,0.1014,8588.57,3954.16,8905.35,4125.66
Copy of IMG00368.JPG,conductor,1,0.0962,2140.25,2800.5,7801.21,3858.77
Copy of IMG00368.JPG,conductor,1,0.0842,1616.19,5506.57,2522.35,6188.89
Copy of IMG00368.JPG,conductor,1,0.0655,1846.98,5660.92,2709.98,6289.42
Copy of IMG00368.JPG,conductor,1,0.0575,183.78,4930.21,1794.84,5575.03
Copy of IMG00368.JPG,conductor,1,0.0521,743.53,5047.04,1833.2,5608.54
Copy of IMG00368.JPG,pylon_fissure,3,0.0509,8895.5,5300.69,9040.42,6296.71
Copy of IMG00048.JPG,insulator,2,0.8612,5313.29,2369.19,5563.56,2628.69
Copy of IMG00048.JPG,insulator,2,0.7344,4210.68,2445.68,4472.1,2699.27
Copy of IMG00048.JPG,conductor,1,0.7308,7007.79,5591.22,7797.17,6272.29
Copy of IMG00048.JPG,pylon,0,0.5759,4562.48,2667.94,4893.31,5456.95
Copy of IMG00048.JPG,insulator,2,0.5393,4010.94,2259.91,4251.71,2482.87
Copy of IMG00048.JPG,insulator,2,0.3448,4728.8,2424.15,4957.13,2616.58
Copy of IMG00048.JPG,conductor,1,0.2881,6455.97,5051.89,7225.18,5753.19
Copy of IMG00048.JPG,conductor,1,0.2628,5143.17,2811.07,5681.51,3308.04
Copy of IMG00048.JPG,insulator,2,0.2543,4763.63,2376.3,4983.0,2611.73
Copy of IMG00048.JPG,conductor,1,0.2331,8177.02,5236.53,8777.11,5639.12
Copy of IMG00048.JPG,conductor,1,0.1844,5221.96,2840.74,5785.6,3328.57
Copy of IMG00048.JPG,conductor,1,0.1684,0.0,5343.42,404.24,6206.0
Copy of IMG00048.JPG,insulator,2,0.1477,4568.73,2202.49,4792.98,2382.07
Copy of IMG00048.JPG,conductor,1,0.1397,633.79,5624.93,1089.62,6271.3
Copy of IMG00048.JPG,conductor,1,0.1189,4914.34,3187.77,5314.9,3668.22
Copy of IMG00048.JPG,conductor,1,0.1063,8235.44,5298.81,8831.31,5700.88
Copy of IMG00048.JPG,conductor,1,0.0991,5010.97,2709.57,5283.96,3040.69
Copy of IMG00048.JPG,conductor,1,0.098,4979.03,2676.65,5223.17,2995.96
Copy of IMG00048.JPG,insulator,2,0.0927,5125.64,2213.41,5373.35,2381.06
Copy of IMG00048.JPG,conductor,1,0.0927,7941.54,5020.06,8474.88,5375.94
Copy of IMG00048.JPG,conductor,1,0.0886,6493.25,5259.09,7186.75,5814.63
Copy of IMG00048.JPG,conductor,1,0.0881,8122.44,5189.87,8723.21,5577.08
Copy of IMG00048.JPG,conductor,1,0.0814,20.27,5519.69,478.93,6241.75
Copy of IMG00048.JPG,conductor,1,0.0757,417.7,5001.66,916.7,5636.92
Copy of IMG00048.JPG,conductor,1,0.0754,1.42,5457.3,194.67,6213.15
Copy of IMG00048.JPG,pylon,0,0.071,4518.61,2671.74,4850.88,5833.96
Copy of IMG00048.JPG,conductor,1,0.0703,4222.17,2823.21,4520.69,3147.32
Copy of IMG00048.JPG,conductor,1,0.0695,6526.36,5051.87,7342.15,5521.18
Copy of IMG00048.JPG,conductor,1,0.0628,8004.12,5083.17,8607.66,5486.9
Copy of IMG00048.JPG,conductor,1,0.0627,7847.44,4903.15,8434.3,5285.82
Copy of IMG00048.JPG,conductor,1,0.0602,6944.21,4949.49,7716.16,5328.5
Copy of IMG00048.JPG,conductor,1,0.0602,7619.32,4641.7,8243.81,5047.42
Copy of IMG00048.JPG,conductor,1,0.0582,2.38,5308.3,341.23,5769.02
Copy of IMG00048.JPG,conductor,1,0.0581,5061.48,2767.91,5559.68,3242.7
Copy of IMG00048.JPG,conductor,1,0.0579,6609.18,5058.38,7423.98,5441.57
Copy of IMG00048.JPG,conductor,1,0.0562,1.48,5296.3,355.35,5982.39
Copy of IMG00048.JPG,conductor,1,0.0557,1181.95,5550.9,1701.56,6255.91
Copy of IMG00048.JPG,conductor,1,0.055,6535.26,5111.98,7247.57,5577.41
Copy of IMG00048.JPG,insulator,2,0.0513,5242.59,2293.34,5503.84,2600.03
Copy of IMG00048.JPG,pylon,0,0.0512,4415.25,2667.98,4933.69,5136.67
Copy of IMG03503.JPG,pylon,0,0.8345,4049.81,1633.16,4887.57,6279.35
Copy of IMG03503.JPG,insulator,2,0.7287,4016.96,1263.18,4362.61,1541.96
Copy of IMG03503.JPG,conductor,1,0.5645,1930.77,1171.88,3329.33,1734.57
Copy of IMG03503.JPG,insulator,2,0.5564,3624.47,1279.47,3930.12,1607.36
Copy of IMG03503.JPG,conductor,1,0.525,1138.02,1589.62,2303.52,2044.69
Copy of IMG03503.JPG,insulator,2,0.518,4014.5,667.27,4316.88,882.83
Copy of IMG03503.JPG,insulator,2,0.5121,4636.54,588.2,4953.31,836.26
Copy of IMG03503.JPG,insulator,2,0.4657,3581.56,688.35,3887.73,980.51
Copy of IMG03503.JPG,insulator,2,0.461,3379.39,1106.14,3715.68,1436.22
Copy of IMG03503.JPG,insulator,2,0.4288,3652.52,1240.48,3959.11,1577.52
Copy of IMG03503.JPG,conductor,1,0.3062,20.31,2851.21,1726.02,3668.51
Copy of IMG03503.JPG,insulator,2,0.3005,4050.88,669.64,4382.34,902.59
Copy of IMG03503.JPG,insulator,2,0.2779,4964.04,1277.18,5265.19,1502.03
Copy of IMG03503.JPG,conductor,1,0.2685,0.0,2922.54,1689.96,4022.8
Copy of IMG03503.JPG,insulator,2,0.2451,5095.96,466.73,5338.38,673.1
Copy of IMG03503.JPG,insulator,2,0.2027,4997.82,1238.38,5363.75,1507.64
Copy of IMG03503.JPG,insulator,2,0.2002,4544.46,688.49,4902.97,925.24
Copy of IMG03503.JPG,insulator,2,0.175,4588.9,616.99,4961.27,906.84
Copy of IMG03503.JPG,conductor,1,0.1747,784.65,2248.54,1912.09,2746.57
Copy of IMG03503.JPG,conductor,1,0.1611,1159.85,1543.7,2666.74,2032.15
Copy of IMG03503.JPG,conductor,1,0.1427,1203.38,1424.88,2727.74,1983.56
Copy of IMG03503.JPG,conductor,1,0.1349,1464.73,1328.3,2946.39,1885.79
Copy of IMG03503.JPG,conductor,1,0.1307,1795.99,2296.61,2949.98,2915.35
Copy of IMG03503.JPG,conductor,1,0.1247,2233.31,1202.72,3348.14,1657.76
Copy of IMG03503.JPG,insulator,2,0.1244,4100.79,689.63,4402.7,937.58
Copy of IMG03503.JPG,insulator,2,0.1187,3561.0,1147.7,3922.98,1589.37
Copy of IMG03503.JPG,insulator,2,0.1182,3937.61,652.77,4247.33,869.12
Copy of IMG03503.JPG,conductor,1,0.1145,801.17,2132.41,2156.42,2636.51
Copy of IMG03503.JPG,conductor,1,0.1119,2195.05,1782.67,3122.79,2194.58
Copy of IMG03503.JPG,conductor,1,0.1106,1655.36,2020.98,2516.9,2366.31
Copy of IMG03503.JPG,conductor,1,0.1078,89.48,1904.88,1432.6,2338.64
Copy of IMG03503.JPG,conductor,1,0.1069,2255.12,1727.05,3207.6,2151.4
Copy of IMG03503.JPG,conductor,1,0.1056,2404.83,1655.38,3413.8,2086.31
Copy of IMG03503.JPG,conductor,1,0.103,1817.76,1927.03,2729.15,2311.59
Copy of IMG03503.JPG,pylon,0,0.1012,4098.65,2584.79,4966.41,6289.71
Copy of IMG03503.JPG,conductor,1,0.1011,1909.06,1888.89,2854.18,2267.24
Copy of IMG03503.JPG,conductor,1,0.0994,0.0,3013.02,1016.62,4234.97
Copy of IMG03503.JPG,conductor,1,0.0955,1810.73,1413.51,2847.67,1860.3
Copy of IMG03503.JPG,insulator,2,0.0901,3942.65,1264.14,4242.99,1574.87
Copy of IMG03503.JPG,conductor,1,0.0789,2120.71,1819.82,3011.8,2230.07
Copy of IMG03503.JPG,conductor,1,0.076,2.74,3070.07,1371.81,4020.07
Copy of IMG03503.JPG,pylon,0,0.0752,4540.95,1631.54,5199.92,6236.16
Copy of IMG03503.JPG,conductor,1,0.0716,2835.9,1950.75,3696.14,2551.61
Copy of IMG03503.JPG,conductor,1,0.0714,1025.9,1695.47,2190.26,2101.84
Copy of IMG03503.JPG,conductor,1,0.0699,1443.44,2343.33,2871.49,3068.41
Copy of IMG03503.JPG,conductor,1,0.0696,1468.94,2040.85,2436.02,2416.33
Copy of IMG03503.JPG,conductor,1,0.0692,0.75,3244.06,770.87,4032.94
Copy of IMG03503.JPG,conductor,1,0.0677,992.7,1796.27,1813.4,2139.96
Copy of IMG03503.JPG,conductor,1,0.066,1257.01,2147.07,2177.85,2528.17
Copy of IMG03503.JPG,conductor,1,0.0636,19.66,1914.9,1408.48,2499.43
Copy of IMG03503.JPG,conductor,1,0.0604,765.64,2325.71,1701.06,2769.65
Copy of IMG03503.JPG,conductor,1,0.0597,1449.16,1524.04,2677.81,1929.79
Copy of IMG03503.JPG,conductor,1,0.0595,0.79,3336.58,362.22,4032.13
Copy of IMG03503.JPG,conductor,1,0.056,1906.03,1333.48,3111.25,1798.82
Copy of IMG03503.JPG,pylon,0,0.0552,4636.83,1615.01,5205.99,4016.73
Copy of IMG03503.JPG,insulator,2,0.0539,5250.53,499.91,5483.53,700.73
Copy of IMG03503.JPG,insulator,2,0.0525,3943.79,665.47,4230.37,927.98
Copy of IMG03503.JPG,conductor,1,0.051,1955.49,2287.9,2989.0,2771.13
Copy of IMG00061.JPG,conductor,1,0.7518,4356.5,5262.22,5246.43,6225.25
Copy of IMG00061.JPG,insulator,2,0.7242,4121.37,2262.8,4402.42,2542.87
Copy of IMG00061.JPG,insulator,2,0.6555,4386.72,1680.28,4752.29,2090.34
Copy of IMG00061.JPG,insulator,2,0.2236,4893.36,2013.83,5191.57,2273.31
Copy of IMG00061.JPG,insulator,2,0.2211,4183.13,1673.61,4469.15,1915.47
Copy of IMG00061.JPG,insulator,2,0.2181,4917.18,2331.17,5217.34,2606.36
Copy of IMG00061.JPG,insulator,2,0.1982,4699.86,1818.38,4950.61,2044.96
Copy of IMG00061.JPG,insulator,2,0.0959,4082.09,2235.77,4452.23,2540.08
Copy of IMG00061.JPG,conductor,1,0.0927,3568.54,2672.43,4737.99,4894.47
Copy of IMG00061.JPG,insulator,2,0.0862,4275.84,1657.78,4736.55,2093.54
Copy of IMG00061.JPG,insulator,2,0.0792,4637.62,1982.61,4954.35,2228.2
Copy of IMG00061.JPG,insulator,2,0.078,4168.07,1664.98,4498.12,1976.06
Copy of IMG00061.JPG,insulator,2,0.0723,9343.27,475.31,9503.81,885.09
Copy of IMG00061.JPG,conductor,1,0.0692,2168.89,2980.45,3440.01,3977.56
Copy of IMG00061.JPG,insulator,2,0.0664,4647.71,1871.4,4957.09,2170.88
Copy of IMG00061.JPG,conductor,1,0.0603,5160.53,2820.99,9504.0,3835.89
Copy of IMG00061.JPG,conductor,1,0.0559,7814.92,5581.38,8811.42,6276.37
Copy of IMG00061.JPG,insulator,2,0.0516,4442.57,1764.56,4906.07,2097.85
Copy of IMG00473.JPG,insulator,2,0.8669,4021.98,3011.76,4266.59,3279.12
Copy of IMG00473.JPG,insulator,2,0.8363,4738.72,3245.24,5039.05,3575.41
Copy of IMG00473.JPG,conductor,1,0.6138,3178.07,5277.99,3878.45,6258.02
Copy of IMG00473.JPG,insulator,2,0.6015,3206.11,3040.6,3547.69,3367.48
Copy of IMG00473.JPG,conductor,1,0.5523,2734.73,3397.71,3342.5,3984.81
Copy of IMG00473.JPG,conductor,1,0.5243,1489.02,4824.23,2316.73,5811.67
Copy of IMG00473.JPG,conductor,1,0.3867,4241.21,1727.2,5138.89,2547.81
Copy of IMG00473.JPG,conductor,1,0.377,3363.03,3649.63,3858.63,4391.68
Copy of IMG00473.JPG,conductor,1,0.3751,4296.14,3725.39,4769.95,4440.59
Copy of IMG00473.JPG,conductor,1,0.3626,4374.32,3618.55,4841.88,4407.89
Copy of IMG00473.JPG,conductor,1,0.3552,2212.56,5184.89,2876.52,6087.39
Copy of IMG00473.JPG,conductor,1,0.335,2823.15,4433.32,3406.5,5185.4
Copy of IMG00473.JPG,pylon,0,0.327,3874.28,3318.87,4273.28,6273.19
Copy of IMG00473.JPG,conductor,1,0.3163,2298.88,5077.35,2957.91,6001.6
Copy of IMG00473.JPG,conductor,1,0.3053,5292.94,3248.94,9469.68,4220.57
Copy of IMG00473.JPG,conductor,1,0.3048,5194.93,2492.84,5960.76,3193.04
Copy of IMG00473.JPG,conductor,1,0.3029,2329.78,4988.88,3012.87,5871.23
Copy of IMG00473.JPG,conductor,1,0.2721,2178.22,5365.61,2726.92,6143.35
Copy of IMG00473.JPG,conductor,1,0.2514,4478.08,3568.16,4846.19,4107.07
Copy of IMG00473.JPG,conductor,1,0.2509,3312.26,5122.75,3955.7,6127.17
Copy of IMG00473.JPG,conductor,1,0.2445,3422.62,3580.4,3891.55,4252.19
Copy of IMG00473.JPG,conductor,1,0.2434,3164.93,5566.69,3736.39,6254.8
Copy of IMG00473.JPG,conductor,1,0.2409,2787.06,4505.42,3349.26,5318.25
Copy of IMG00473.JPG,conductor,1,0.2238,1567.08,4791.01,2361.19,5532.91
Copy of IMG00473.JPG,conductor,1,0.2189,4216.5,3854.81,4706.81,4515.8
Copy of IMG00473.JPG,conductor,1,0.2181,5601.8,1763.61,6498.61,2810.3
Copy of IMG00473.JPG,conductor,1,0.2089,2462.21,4801.39,3118.13,5740.85
Copy of IMG00473.JPG,conductor,1,0.208,2931.52,4380.63,3525.44,5043.45
Copy of IMG00473.JPG,conductor,1,0.1997,1163.28,5535.13,1891.81,6199.24
Copy of IMG00473.JPG,conductor,1,0.199,2668.71,4541.81,3362.14,5432.31
Copy of IMG00473.JPG,conductor,1,0.182,1799.64,4703.76,2449.93,5352.74
Copy of IMG00473.JPG,conductor,1,0.1761,3275.77,3770.41,3846.35,4436.53
Copy of IMG00473.JPG,conductor,1,0.1744,2833.25,3351.35,3371.27,3919.87
Copy of IMG00473.JPG,conductor,1,0.1664,2085.7,5583.64,2657.12,6245.28
Copy of IMG00473.JPG,conductor,1,0.1617,3453.71,4925.23,4029.31,5809.92
Copy of IMG00473.JPG,conductor,1,0.1585,1401.69,4889.67,2151.59,6033.05
Copy of IMG00473.JPG,conductor,1,0.1549,2662.37,3502.54,3251.64,4104.36
Copy of IMG00473.JPG,conductor,1,0.146,1947.11,4635.09,2526.82,5159.17
Copy of IMG00473.JPG,conductor,1,0.1438,1875.33,4669.52,2471.68,5237.19
Copy of IMG00473.JPG,conductor,1,0.1427,2617.49,4617.32,3285.91,5543.19
Copy of IMG00473.JPG,conductor,1,0.1364,5152.94,2618.9,5879.06,3222.28
Copy of IMG00473.JPG,conductor,1,0.1219,2572.45,3586.21,3215.49,4196.92
Copy of IMG00473.JPG,conductor,1,0.1172,1413.09,5104.77,2047.34,6083.17
Copy of IMG00473.JPG,conductor,1,0.1168,3199.39,3858.77,3800.3,4513.42
Copy of IMG00473.JPG,conductor,1,0.1085,4193.48,2093.98,4830.89,2584.19
Copy of IMG00473.JPG,conductor,1,0.1061,3038.68,4217.71,3598.74,4820.37
Copy of IMG00473.JPG,conductor,1,0.1056,2180.45,4322.97,2750.11,4829.42
Copy of IMG00473.JPG,conductor,1,0.1018,5279.75,2324.33,6059.44,3143.06
Copy of IMG00473.JPG,conductor,1,0.1009,59.66,5419.7,752.7,6128.36
Copy of IMG00473.JPG,conductor,1,0.1008,2201.81,4234.64,2822.66,4725.21
Copy of IMG00473.JPG,conductor,1,0.0971,2503.3,3749.14,3148.7,4263.65
Copy of IMG00473.JPG,pylon,0,0.0939,3965.22,3370.31,4255.29,6336.0
Copy of IMG00473.JPG,conductor,1,0.0921,3008.21,4328.5,3574.09,4913.77
Copy of IMG00473.JPG,conductor,1,0.091,2025.33,4581.23,2576.6,5060.74
Copy of IMG00473.JPG,conductor,1,0.0882,3173.59,4025.24,3648.58,4588.09
Copy of IMG00473.JPG,conductor,1,0.0847,28.56,5241.03,699.52,6041.93
Copy of IMG00473.JPG,conductor,1,0.0825,2083.93,4539.38,2649.17,5010.85
Copy of IMG00473.JPG,conductor,1,0.0771,1331.25,5186.32,1971.52,6121.96
Copy of IMG00473.JPG,conductor,1,0.0736,3109.54,4107.83,3612.53,4720.93
Copy of IMG00473.JPG,conductor,1,0.0728,4149.06,3962.81,4660.57,4619.69
Copy of IMG00473.JPG,conductor,1,0.0683,5390.84,2270.4,6068.96,2972.82
Copy of IMG00473.JPG,conductor,1,0.0636,3892.26,3409.5,4319.01,6273.54
Copy of IMG00473.JPG,conductor,1,0.0602,2373.24,3825.35,3084.24,4336.41
Copy of IMG00473.JPG,conductor,1,0.0589,3522.59,3493.15,3936.74,4111.82
Copy of IMG00473.JPG,conductor,1,0.0586,5448.17,2026.4,6232.26,2995.5
Copy of IMG00473.JPG,conductor,1,0.0533,2061.25,5688.07,2584.37,6271.7
Copy of IMG00473.JPG,conductor,1,0.0529,3525.71,4809.53,4075.08,5709.11
Copy of IMG00473.JPG,conductor,1,0.0511,2192.37,3988.97,2948.6,4581.31
Copy of IMG00031.JPG,insulator,2,0.8628,4042.03,3001.09,4396.15,3334.82
Copy of IMG00031.JPG,insulator,2,0.8533,5928.27,2696.3,6312.44,3036.1
Copy of IMG00031.JPG,insulator,2,0.8285,4987.07,2764.51,5402.53,3150.03
Copy of IMG00031.JPG,insulator,2,0.8113,4262.71,3492.74,4578.18,3809.33
Copy of IMG00031.JPG,insulator,2,0.7763,6180.93,3145.23,6569.01,3506.42
Copy of IMG00031.JPG,pylon,0,0.6217,5000.87,3689.89,5459.34,6306.78
Copy of IMG00031.JPG,insulator,2,0.5227,5267.84,3330.48,5600.02,3647.42
Copy of IMG00031.JPG,conductor,1,0.26,5500.58,3856.34,6164.74,4984.27
Copy of IMG00031.JPG,conductor,1,0.1254,4358.48,3907.5,4975.26,5173.92
Copy of IMG00031.JPG,insulator,2,0.0948,4722.61,3326.2,4956.13,3601.5
Copy of IMG00031.JPG,insulator,2,0.0639,4737.33,3384.52,4919.96,3623.24
Copy of IMG00031.JPG,conductor,1,0.0545,7907.8,4109.04,8922.04,4710.99
Copy of IMG00085.JPG,conductor,1,0.3363,4362.75,3904.52,5016.63,6245.76
Copy of IMG00085.JPG,insulator,2,0.1391,4725.48,3287.41,4995.63,3629.87
Copy of IMG00085.JPG,insulator,2,0.0985,4428.69,3246.42,4742.44,3573.87
Copy of IMG00085.JPG,insulator,2,0.0948,4876.63,3235.34,5243.04,3665.58
Copy of IMG00085.JPG,insulator,2,0.0883,5856.06,3338.14,6112.42,3585.97
Copy of IMG00085.JPG,insulator,2,0.0718,4899.82,3226.76,5212.74,3478.4
Copy of IMG00085.JPG,insulator,2,0.0648,4461.54,3197.92,4778.57,3529.26
Copy of IMG00492.JPG,insulator,2,0.7954,4640.91,2698.81,4857.55,2982.2
Copy of IMG00492.JPG,conductor,1,0.6801,4070.34,784.95,4603.74,2202.09
Copy of IMG00492.JPG,conductor,1,0.6754,3249.79,5308.16,3684.36,6256.52
Copy of IMG00492.JPG,insulator,2,0.6692,5430.34,2873.02,5648.15,3156.44
Copy of IMG00492.JPG,conductor,1,0.5697,4766.16,985.46,5123.05,2206.09
Copy of IMG00492.JPG,conductor,1,0.4223,4785.89,1120.25,5034.91,2224.47
Copy of IMG00492.JPG,conductor,1,0.3669,3231.81,5538.76,3635.18,6266.86
Copy of IMG00492.JPG,conductor,1,0.3575,3527.39,3131.88,4044.47,4724.08
Copy of IMG00492.JPG,conductor,1,0.3088,4064.62,1296.75,4445.41,2197.27
Copy of IMG00492.JPG,conductor,1,0.3039,5468.25,1018.74,5754.5,2376.43
Copy of IMG00492.JPG,insulator,2,0.2934,3823.1,2813.39,4093.1,3060.75
Copy of IMG00492.JPG,conductor,1,0.2794,6319.99,3078.19,7877.77,3537.89
Copy of IMG00492.JPG,conductor,1,0.2684,4127.97,5465.63,4592.11,6269.08
Copy of IMG00492.JPG,conductor,1,0.2493,5507.51,991.08,5702.47,2360.97
Copy of IMG00492.JPG,conductor,1,0.2432,3362.62,3445.98,4010.45,4943.39
Copy of IMG00492.JPG,conductor,1,0.2275,3710.97,3163.08,4056.03,4122.07
Copy of IMG00492.JPG,conductor,1,0.2132,3277.32,5191.3,3752.61,6148.08
Copy of IMG00492.JPG,conductor,1,0.1998,3657.33,3097.79,4052.21,4593.85
Copy of IMG00492.JPG,conductor,1,0.1986,6406.81,3126.99,8128.45,3661.79
Copy of IMG00492.JPG,conductor,1,0.1946,6286.74,3046.31,7629.09,3483.88
Copy of IMG00492.JPG,conductor,1,0.1908,3322.54,5136.44,3798.41,6036.83
Copy of IMG00492.JPG,conductor,1,0.1762,3421.03,3802.65,4046.48,4781.9
Copy of IMG00492.JPG,conductor,1,0.163,3732.38,3079.26,4056.17,4392.94
Copy of IMG00492.JPG,conductor,1,0.1596,3761.5,3120.41,4051.75,3909.69
Copy of IMG00492.JPG,conductor,1,0.1447,6963.25,3210.84,8348.29,3725.87
Copy of IMG00492.JPG,conductor,1,0.1425,3335.41,4032.69,3972.76,5151.87
Copy of IMG00492.JPG,conductor,1,0.1389,4373.06,3065.54,4926.27,6214.29
Copy of IMG00492.JPG,conductor,1,0.1361,7766.16,3485.84,8851.84,3895.41
Copy of IMG00492.JPG,conductor,1,0.1353,4135.43,5250.09,4710.84,6274.96
Copy of IMG00492.JPG,pylon,0,0.1346,4531.17,3015.04,4896.24,6168.33
Copy of IMG00492.JPG,conductor,1,0.1315,3374.83,5038.28,3824.51,5676.7
Copy of IMG00492.JPG,conductor,1,0.131,4087.0,920.15,4462.26,2244.52
Copy of IMG00492.JPG,conductor,1,0.1305,3798.35,3071.61,4039.64,3729.38
Copy of IMG00492.JPG,conductor,1,0.1279,3323.87,4532.48,3890.82,5262.66
Copy of IMG00492.JPG,conductor,1,0.1263,5674.37,3218.87,6467.92,3627.12
Copy of IMG00492.JPG,conductor,1,0.1161,4075.21,1571.14,4374.08,2213.7
Copy of IMG00492.JPG,conductor,1,0.1157,3339.43,4384.37,3931.8,5369.0
Copy of IMG00492.JPG,conductor,1,0.1139,7840.4,3539.4,8961.46,3946.16
Copy of IMG00492.JPG,conductor,1,0.1088,8573.17,3746.56,9439.0,4099.93
Copy of IMG00492.JPG,conductor,1,0.1061,3370.9,4629.71,3865.42,5448.88
Copy of IMG00492.JPG,conductor,1,0.1046,3336.29,5006.3,3779.53,5884.54
Copy of IMG00492.JPG,conductor,1,0.1037,4169.1,5363.49,4655.76,6211.46
Copy of IMG00492.JPG,conductor,1,0.0968,8024.48,3623.77,9020.28,3980.82
Copy of IMG00492.JPG,conductor,1,0.0868,6833.94,3228.96,8180.78,3669.23
Copy of IMG00492.JPG,conductor,1,0.0859,7078.65,3296.31,8233.8,3725.6
Copy of IMG00492.JPG,pylon,0,0.0817,4336.22,3068.03,4992.02,6004.11
Copy of IMG00492.JPG,conductor,1,0.0761,7292.36,3373.92,8537.09,3814.3
Copy of IMG00492.JPG,conductor,1,0.0749,6214.65,3008.72,7384.23,3422.27
Copy of IMG00492.JPG,conductor,1,0.0747,5835.57,3287.83,6609.7,3723.76
Copy of IMG00492.JPG,conductor,1,0.0685,4109.57,1345.43,4516.44,2275.51
Copy of IMG00492.JPG,insulator,2,0.0668,5396.06,2907.84,5650.54,3195.63
Copy of IMG00492.JPG,conductor,1,0.065,8157.91,3662.36,9196.27,3998.75
Copy of IMG00492.JPG,conductor,1,0.0643,7090.0,3257.95,8498.33,3811.61
Copy of IMG00492.JPG,conductor,1,0.0641,5908.41,2905.85,6653.22,3281.04
Copy of IMG00492.JPG,pylon,0,0.0637,4593.37,2952.34,4880.78,5657.18
Copy of IMG00492.JPG,conductor,1,0.0636,5314.47,3266.69,5616.43,4092.09
Copy of IMG00492.JPG,conductor,1,0.0616,8686.47,3797.36,9501.35,4154.89
Copy of IMG00492.JPG,conductor,1,0.06,4778.65,1726.37,4983.43,2303.61
Copy of IMG00492.JPG,conductor,1,0.0583,3391.86,4847.49,3833.98,5555.46
Copy of IMG00492.JPG,conductor,1,0.0569,3398.84,4007.37,3985.63,4901.97
Copy of IMG00492.JPG,conductor,1,0.056,5492.0,1320.19,5738.58,2353.32
Copy of IMG00492.JPG,conductor,1,0.0552,8408.42,3714.94,9397.16,4064.08
Copy of IMG00492.JPG,conductor,1,0.0548,6110.88,3380.0,7015.52,3831.53
Copy of IMG00492.JPG,conductor,1,0.0522,4233.43,4616.7,4673.28,6158.71
Copy of IMG00492.JPG,conductor,1,0.0502,3814.8,3079.23,4153.22,3592.66
Copy of IMG03413.JPG,pylon,0,0.8174,4169.44,3663.61,4953.18,6297.0
Copy of IMG03413.JPG,conductor,1,0.5302,5.32,2569.64,1406.14,2889.0
Copy of IMG03413.JPG,conductor,1,0.512,7270.51,4110.73,9504.0,5343.76
Copy of IMG03413.JPG,conductor,1,0.5104,1840.3,3260.35,3723.84,3755.98
Copy of IMG03413.JPG,conductor,1,0.4823,5338.84,3716.91,8075.49,4930.57
Copy of IMG03413.JPG,conductor,1,0.4376,5445.89,2743.03,6975.51,3294.08
Copy of IMG03413.JPG,insulator,2,0.4284,3640.05,3381.03,3984.31,3662.83
Copy of IMG03413.JPG,conductor,1,0.4131,0.0,4339.68,4373.38,4846.25
Copy of IMG03413.JPG,insulator,2,0.3917,3630.9,3404.94,3908.3,3653.49
Copy of IMG03413.JPG,insulator,2,0.3854,3860.4,3379.71,4130.64,3650.62
Copy of IMG03413.JPG,conductor,1,0.3505,83.95,4258.82,3943.52,4974.19
Copy of IMG03413.JPG,insulator,2,0.344,4630.97,3459.91,4986.7,3679.83
Copy of IMG03413.JPG,conductor,1,0.3222,5245.54,3671.01,6861.13,4529.32
Copy of IMG03413.JPG,insulator,2,0.3207,4001.1,2448.4,4245.53,2651.29
Copy of IMG03413.JPG,insulator,2,0.267,4734.04,3492.4,5088.81,3758.47
Copy of IMG03413.JPG,insulator,2,0.2638,3781.88,4404.49,4108.57,4665.13
Copy of IMG03413.JPG,insulator,2,0.2545,4787.79,2540.86,5099.76,2804.75
Copy of IMG03413.JPG,conductor,1,0.2327,2032.9,2403.72,3952.04,2737.5
Copy of IMG03413.JPG,insulator,2,0.2275,4654.6,3474.01,5049.13,3739.66
Copy of IMG03413.JPG,insulator,2,0.2076,4175.51,2739.69,4431.52,3017.77
Copy of IMG03413.JPG,conductor,1,0.1846,6760.56,3164.48,8052.75,3606.6
Copy of IMG03413.JPG,conductor,1,0.1632,7561.68,4225.74,9446.82,5228.86
Copy of IMG03413.JPG,conductor,1,0.1482,8622.86,4573.83,9502.73,5358.65
Copy of IMG03413.JPG,insulator,2,0.138,4719.72,2526.97,5050.89,2753.17
Copy of IMG03413.JPG,conductor,1,0.1299,0.0,3139.25,1367.14,3831.9
Copy of IMG03413.JPG,insulator,2,0.1271,4611.84,3478.58,4972.17,3728.32
Copy of IMG03413.JPG,insulator,2,0.1245,4599.59,3438.62,4921.73,3670.4
Copy of IMG03413.JPG,insulator,2,0.1144,3774.88,2493.99,3989.39,2667.44
Copy of IMG03413.JPG,conductor,1,0.1137,5625.26,2823.96,7023.99,3194.61
Copy of IMG03413.JPG,conductor,1,0.1114,5088.7,3507.7,6578.22,4463.95
Copy of IMG03413.JPG,conductor,1,0.1098,6994.89,4188.81,9211.34,5202.32
Copy of IMG03413.JPG,conductor,1,0.0916,0.0,3317.74,1161.6,3869.0
Copy of IMG03413.JPG,conductor,1,0.0877,4.92,3453.22,1077.71,3873.33
Copy of IMG03413.JPG,conductor,1,0.0854,6128.13,4021.56,9481.46,5264.7
Copy of IMG03413.JPG,insulator,2,0.0814,3844.96,4402.96,4173.02,4619.62
Copy of IMG03413.JPG,conductor,1,0.0781,6907.57,3219.35,7950.3,3560.16
Copy of IMG03413.JPG,pylon,0,0.0758,4238.24,4597.29,4970.94,6294.73
Copy of IMG03413.JPG,conductor,1,0.0733,5403.18,2758.75,6686.8,3042.61
Copy of IMG03413.JPG,insulator,2,0.0726,4691.03,4573.67,4915.98,4736.38
Copy of IMG03413.JPG,conductor,1,0.0697,8184.03,4558.35,9504.0,5326.0
Copy of IMG03413.JPG,conductor,1,0.0686,0.18,3015.45,831.1,3518.25
Copy of IMG03413.JPG,insulator,2,0.0673,3934.56,2466.26,4233.87,2662.78
Copy of IMG03413.JPG,conductor,1,0.0631,5484.7,2776.92,6898.11,3122.63
Copy of IMG03413.JPG,conductor,1,0.0629,0.86,2655.56,488.4,2903.85
Copy of IMG03413.JPG,conductor,1,0.0626,5370.25,3819.11,9303.13,5073.78
Copy of IMG03413.JPG,pylon_fissure,3,0.0624,4460.0,5361.47,4706.02,6286.29
Copy of IMG03413.JPG,conductor,1,0.0618,0.0,2631.16,948.93,2863.07
Copy of IMG03413.JPG,conductor,1,0.0617,6.7,4436.43,800.8,4822.59
Copy of IMG03413.JPG,conductor,1,0.0584,5256.07,3612.78,7948.46,4613.07
Copy of IMG03413.JPG,insulator,2,0.0565,4468.72,2514.62,4649.92,2687.91
Copy of IMG03413.JPG,conductor,1,0.0559,0.8,2985.41,1080.05,3580.52
Copy of IMG03413.JPG,conductor,1,0.0551,23.8,2636.96,1361.7,2919.42
Copy of IMG03413.JPG,conductor,1,0.0527,8672.79,4735.6,9504.0,5294.94
Copy of IMG03413.JPG,conductor,1,0.0526,2433.42,2433.04,3993.42,2702.16
Copy of IMG03413.JPG,insulator,2,0.0517,3877.22,2484.19,4181.97,2664.19
Copy of IMG03413.JPG,conductor,1,0.0509,2000.07,4273.52,4047.04,4860.13
Copy of IMG03413.JPG,conductor,1,0.0505,5012.65,3489.72,6363.4,4304.01
Copy of IMG03413.JPG,conductor,1,0.0504,0.15,2654.69,267.81,2935.44
Copy of IMG00270.JPG,conductor,1,0.2673,6.87,3077.52,6201.75,4060.68
Copy of IMG00270.JPG,conductor,1,0.1608,33.46,3190.43,4937.71,4157.65
Copy of IMG00270.JPG,conductor,1,0.1521,0.0,1899.92,7101.94,2849.05
Copy of IMG00270.JPG,conductor,1,0.109,0.0,2953.84,7070.35,3929.61
Copy of IMG00270.JPG,conductor,1,0.0859,567.47,1852.3,8146.8,2760.84
Copy of IMG00270.JPG,conductor,1,0.0785,6062.89,1452.79,8495.48,2303.63
Copy of IMG00270.JPG,conductor,1,0.0773,31.29,2268.36,5253.08,3050.31
Copy of IMG00270.JPG,conductor,1,0.0607,1465.3,2587.16,8788.2,3521.2
Copy of IMG00270.JPG,conductor,1,0.0506,1995.99,1561.3,9338.77,2495.01
Copy of IMG00270.JPG,conductor,1,0.05,14.97,3207.27,2435.64,4254.55
Copy of IMG00494.JPG,pylon,0,0.8664,4612.61,3400.01,5117.27,6261.11
Copy of IMG00494.JPG,insulator,2,0.6523,4776.86,3030.56,5031.2,3323.1
Copy of IMG00494.JPG,insulator,2,0.5136,5932.64,3301.41,6263.1,3606.67
Copy of IMG00494.JPG,insulator,2,0.3332,3545.13,3168.76,3890.73,3452.75
Copy of IMG00494.JPG,conductor,1,0.2028,4250.65,293.6,5400.86,621.18
Copy of IMG00494.JPG,conductor,1,0.1941,4206.68,230.05,5259.7,574.89
Copy of IMG00494.JPG,conductor,1,0.1496,3735.52,752.54,4105.24,2737.34
Copy of IMG00494.JPG,conductor,1,0.137,6083.14,943.19,7162.57,1296.13
Copy of IMG00494.JPG,conductor,1,0.1058,9001.28,2028.98,9504.0,2421.48
Copy of IMG00494.JPG,conductor,1,0.0968,8790.29,1942.64,9492.53,2283.31
Copy of IMG00494.JPG,conductor,1,0.0965,6069.61,938.87,6973.5,1247.62
Copy of IMG00494.JPG,conductor,1,0.0925,3589.63,3556.36,3809.09,4113.71
Copy of IMG00494.JPG,conductor,1,0.0876,3588.42,3540.88,3834.06,4453.87
Copy of IMG00494.JPG,conductor,1,0.0815,8869.78,1958.16,9503.72,2368.02
Copy of IMG00494.JPG,conductor,1,0.0804,3594.76,3543.19,3827.51,5325.65
Copy of IMG00494.JPG,conductor,1,0.0711,8324.99,1728.07,9180.61,2043.64
Copy of IMG00494.JPG,conductor,1,0.0704,3371.5,5516.64,3637.14,6250.6
Copy of IMG00494.JPG,conductor,1,0.0633,6956.76,1226.02,8104.28,1579.67
Copy of IMG00494.JPG,conductor,1,0.0608,6217.21,1001.44,7290.33,1309.14
Copy of IMG00494.JPG,conductor,1,0.0606,8582.07,1821.81,9480.33,2236.49
Copy of IMG00494.JPG,conductor,1,0.0583,8464.87,1780.64,9416.33,2125.36
Copy of IMG00494.JPG,conductor,1,0.0579,7904.66,2230.71,9306.06,2946.31
Copy of IMG00494.JPG,conductor,1,0.0573,8389.33,1743.71,9332.8,2070.4
Copy of IMG00494.JPG,conductor,1,0.0549,6882.4,1186.45,8035.16,1522.21
Copy of IMG00494.JPG,conductor,1,0.0516,6950.04,1289.54,8390.85,1754.2
Copy of IMG00494.JPG,conductor,1,0.0503,6036.03,900.94,6886.68,1165.46
Copy of IMG00494.JPG,conductor,1,0.05,7974.8,1654.35,9099.4,2065.43
Copy of IMG00227.JPG,conductor,1,0.8445,6025.31,4376.35,7943.64,6324.01
Copy of IMG00227.JPG,conductor,1,0.802,5527.2,5302.24,6189.91,6336.0
Copy of IMG00227.JPG,insulator,2,0.7692,4564.32,3276.55,4823.82,3545.01
Copy of IMG00227.JPG,insulator,2,0.6071,5258.44,3066.64,5474.33,3339.86
Copy of IMG00227.JPG,conductor,1,0.5249,5536.58,2335.41,8256.34,3232.47
Copy of IMG00227.JPG,conductor,1,0.5108,6377.78,3477.37,8547.46,4294.84
Copy of IMG00227.JPG,pylon,0,0.4094,5159.3,3502.93,5623.02,6320.73
Copy of IMG00227.JPG,conductor,1,0.382,7981.95,4388.51,9459.1,5318.46
Copy of IMG00227.JPG,conductor,1,0.3223,6148.1,3629.88,8635.3,4442.89
Copy of IMG00227.JPG,conductor,1,0.2729,3537.86,5130.26,5005.09,5892.91
Copy of IMG00227.JPG,insulator,2,0.2599,8422.88,2187.99,8771.83,2507.22
Copy of IMG00227.JPG,insulator,2,0.2341,8402.88,2170.16,8716.47,2475.29
Copy of IMG00227.JPG,insulator,2,0.2243,56.8,4694.49,339.68,5115.92
Copy of IMG00227.JPG,conductor,1,0.1799,3365.38,3805.4,4878.47,4815.58
Copy of IMG00227.JPG,conductor,1,0.136,6748.12,3453.07,8563.43,4178.09
Copy of IMG00227.JPG,insulator,2,0.1139,5869.21,3086.85,6233.73,3483.41
Copy of IMG00227.JPG,insulator,2,0.107,5194.48,1736.97,5500.3,2117.64
Copy of IMG00227.JPG,insulator,2,0.0876,41.51,4569.37,350.63,4934.31
Copy of IMG00227.JPG,conductor,1,0.0788,2603.87,5149.34,4961.47,5945.44
Copy of IMG00227.JPG,conductor,1,0.0758,6175.1,3982.08,8702.81,4463.97
Copy of IMG00227.JPG,conductor,1,0.075,9211.63,3053.49,9504.0,4658.65
Copy of IMG00227.JPG,insulator,2,0.0701,8244.21,2181.89,8689.7,2555.95
Copy of IMG00227.JPG,conductor,1,0.0692,8923.57,3078.03,9504.0,5177.52
Copy of IMG00227.JPG,conductor,1,0.0678,9151.42,3062.25,9504.0,3735.09
Copy of IMG00227.JPG,insulator,2,0.0625,8198.99,2251.86,8538.85,2659.24
Copy of IMG00227.JPG,conductor,1,0.0604,7045.13,5384.15,7971.22,6336.0
Copy of IMG00227.JPG,conductor,1,0.0571,6123.79,4776.49,7069.15,6336.0
Copy of IMG00227.JPG,insulator,2,0.0535,8469.69,2227.74,8804.23,2556.6
Copy of IMG00227.JPG,insulator,2,0.0515,5202.39,1733.79,5664.31,2145.3
Copy of IMG00515.JPG,insulator,2,0.9027,4473.21,3243.21,4793.65,3557.34
Copy of IMG00515.JPG,insulator,2,0.7957,4766.45,2187.89,5146.06,2511.64
Copy of IMG00515.JPG,insulator,2,0.7935,5898.49,2735.49,6260.9,3041.29
Copy of IMG00515.JPG,insulator,2,0.7597,4380.88,2410.85,4785.9,2788.8
Copy of IMG00515.JPG,pylon,0,0.7147,5013.15,3401.59,5470.0,6253.65
Copy of IMG00515.JPG,insulator,2,0.6458,5364.64,2443.99,5717.01,2777.43
Copy of IMG00515.JPG,insulator,2,0.5723,4969.46,2682.47,5301.33,3023.5
Copy of IMG00515.JPG,insulator,2,0.4454,5628.81,3004.38,5895.08,3278.73
Copy of IMG00515.JPG,conductor,1,0.3881,2924.91,5261.59,3567.77,5876.25
Copy of IMG00515.JPG,conductor,1,0.3844,4266.84,4511.81,4974.13,5406.54
Copy of IMG00515.JPG,conductor,1,0.3664,4558.91,4169.5,5058.04,5029.43
Copy of IMG00515.JPG,conductor,1,0.3503,3763.01,3973.46,4463.08,4654.57
Copy of IMG00515.JPG,conductor,1,0.3239,3292.45,3447.1,3988.76,4171.7
Copy of IMG00515.JPG,conductor,1,0.3216,2267.33,4886.47,2856.01,5485.57
Copy of IMG00515.JPG,insulator,2,0.2822,4879.08,3064.03,5210.9,3300.63
Copy of IMG00515.JPG,conductor,1,0.2361,5.52,4237.68,1230.76,5079.92
Copy of IMG00515.JPG,conductor,1,0.2346,3697.71,5583.7,4310.31,6243.55
Copy of IMG00515.JPG,conductor,1,0.2285,4018.47,4721.46,4849.12,5665.24
Copy of IMG00515.JPG,conductor,1,0.2265,2969.45,4978.4,3770.38,5733.25
Copy of IMG00515.JPG,conductor,1,0.2254,2848.32,4190.74,3452.89,4648.64
Copy of IMG00515.JPG,conductor,1,0.2229,4068.32,3691.06,4571.24,4362.98
Copy of IMG00515.JPG,conductor,1,0.2184,4197.86,3633.0,4638.72,4193.05
Copy of IMG00515.JPG,conductor,1,0.216,3203.07,4807.81,3853.61,5508.84
Copy of IMG00515.JPG,conductor,1,0.215,3955.88,4985.96,4755.27,5727.04
Copy of IMG00515.JPG,conductor,1,0.2121,3963.15,3731.24,4569.33,4486.15
Copy of IMG00515.JPG,conductor,1,0.2082,2272.03,4788.63,2938.64,5391.19
Copy of IMG00515.JPG,conductor,1,0.1966,845.46,4910.84,2223.94,5633.09
Copy of IMG00515.JPG,conductor,1,0.1806,4369.9,4339.63,5037.01,5222.2
Copy of IMG00515.JPG,conductor,1,0.1704,2247.88,4984.36,2755.29,5508.11
Copy of IMG00515.JPG,conductor,1,0.1644,4140.05,3654.15,4603.99,4293.78
Copy of IMG00515.JPG,conductor,1,0.1578,2937.81,5173.24,3639.67,5795.29
Copy of IMG00515.JPG,insulator,2,0.1543,5401.67,2901.03,5625.3,3126.09
Copy of IMG00515.JPG,conductor,1,0.1448,3735.67,5526.48,4371.05,6153.89
Copy of IMG00515.JPG,conductor,1,0.1359,3838.19,5293.81,4470.29,6004.17
Copy of IMG00515.JPG,conductor,1,0.1245,2673.15,5940.98,3179.38,6308.27
Copy of IMG00515.JPG,conductor,1,0.1238,4262.05,3582.36,4698.26,4054.87
Copy of IMG00515.JPG,conductor,1,0.1234,3827.45,3833.97,4534.97,4611.48
Copy of IMG00515.JPG,conductor,1,0.1202,4103.41,4567.92,4889.31,5581.54
Copy of IMG00515.JPG,conductor,1,0.1185,3922.33,5130.74,4649.07,5766.82
Copy of IMG00515.JPG,conductor,1,0.1174,3803.44,5488.83,4343.89,6038.29
Copy of IMG00515.JPG,conductor,1,0.1106,3312.65,3374.63,4010.02,4024.3
Copy of IMG00515.JPG,conductor,1,0.1068,3717.81,3252.29,4108.59,3681.27
Copy of IMG00515.JPG,conductor,1,0.1062,4648.18,4104.17,5099.61,4918.41
Copy of IMG00515.JPG,conductor,1,0.1028,3886.47,5281.48,4464.48,5797.8
Copy of IMG00515.JPG,conductor,1,0.0958,3535.06,4496.61,4075.83,5004.75
Copy of IMG00515.JPG,conductor,1,0.094,3863.09,5393.86,4376.26,5900.83
Copy of IMG00515.JPG,conductor,1,0.0922,5035.12,3420.75,5458.76,6254.17
Copy of IMG00515.JPG,insulator,2,0.0863,4819.04,3050.71,5170.31,3294.59
Copy of IMG00515.JPG,conductor,1,0.0851,2960.29,5341.88,3467.72,5910.55
Copy of IMG00515.JPG,conductor,1,0.0832,0.78,4190.13,1033.31,4946.18
Copy of IMG00515.JPG,conductor,1,0.0819,3582.14,4440.91,4102.71,4941.5
Copy of IMG00515.JPG,conductor,1,0.0817,3695.15,4109.06,4390.2,4804.93
Copy of IMG00515.JPG,conductor,1,0.079,3590.13,3295.25,4074.09,3820.4
Copy of IMG00515.JPG,conductor,1,0.0731,3684.23,5714.46,4056.28,6287.53
Copy of IMG00515.JPG,conductor,1,0.0722,4344.75,3555.15,4774.81,3998.83
Copy of IMG00515.JPG,conductor,1,0.0719,3885.35,5194.17,4531.41,5723.68
Copy of IMG00515.JPG,conductor,1,0.0704,3689.5,5667.71,4173.5,6288.87
Copy of IMG00515.JPG,conductor,1,0.0695,3625.09,4315.12,4262.95,4922.08
Copy of IMG00515.JPG,conductor,1,0.0668,2208.78,5110.92,2699.85,5581.03
Copy of IMG00515.JPG,conductor,1,0.0658,3359.37,4706.11,3910.72,5384.55
Copy of IMG00515.JPG,conductor,1,0.0638,1.17,5181.13,231.73,5973.19
Copy of IMG00515.JPG,conductor,1,0.0611,1652.94,5788.6,2139.32,6295.95
Copy of IMG00515.JPG,conductor,1,0.0597,2772.75,4519.58,3388.05,4936.18
Copy of IMG00515.JPG,conductor,1,0.0563,2825.89,4282.8,3313.54,4672.78
Copy of IMG00515.JPG,conductor,1,0.0551,1049.08,5046.95,2230.35,5648.69
Copy of IMG00515.JPG,conductor,1,0.0533,3456.63,4539.83,4062.55,5094.64
Copy of IMG00515.JPG,conductor,1,0.0528,3416.49,3310.09,4068.25,3934.12
Copy of IMG00515.JPG,conductor,1,0.0517,3406.43,4613.9,3993.4,5197.1
Copy of IMG00515.JPG,conductor,1,0.0502,2931.22,5422.2,3370.45,5970.32
Copy of IMG00152.JPG,insulator,2,0.8206,2929.33,1288.46,3501.09,1913.55
Copy of IMG00152.JPG,conductor,1,0.747,13.93,1433.49,2409.79,2615.35
Copy of IMG00152.JPG,conductor,1,0.6422,0.0,0.0,2363.34,740.35
Copy of IMG00152.JPG,conductor,1,0.6085,3491.53,75.95,5180.21,720.41
Copy of IMG00152.JPG,conductor,1,0.5859,4105.36,0.0,5581.57,529.77
Copy of IMG00152.JPG,insulator,2,0.3272,2371.14,1404.88,2837.19,1873.38
Copy of IMG00152.JPG,conductor,1,0.3254,4818.24,367.25,6466.7,1168.4
Copy of IMG00152.JPG,conductor,1,0.2948,3531.88,0.0,5408.42,662.19
Copy of IMG00152.JPG,insulator,2,0.2615,2675.36,544.42,3201.45,1067.0
Copy of IMG00152.JPG,insulator,2,0.2176,2519.87,0.0,3028.28,402.88
Copy of IMG00152.JPG,conductor,1,0.1721,6092.76,76.82,7709.37,733.43
Copy of IMG00152.JPG,conductor,1,0.1376,3680.96,781.95,5636.44,1731.51
Copy of IMG00152.JPG,conductor,1,0.1289,3406.83,124.65,4902.5,762.21
Copy of IMG00152.JPG,insulator,2,0.1254,2502.14,0.0,2986.96,348.24
Copy of IMG00152.JPG,conductor,1,0.1171,3677.36,640.73,6238.05,1697.14
Copy of IMG00152.JPG,conductor,1,0.1077,5929.64,127.72,7370.53,775.46
Copy of IMG00152.JPG,conductor,1,0.1064,7.28,546.53,2439.34,1405.92
Copy of IMG00152.JPG,insulator,2,0.0848,2334.6,1291.64,2885.23,1921.0
Copy of IMG00152.JPG,conductor,1,0.064,0.0,778.29,2401.16,1517.88
Copy of IMG00152.JPG,conductor,1,0.0506,0.0,0.0,2596.06,543.11
Copy of IMG03536.JPG,pylon,0,0.7517,4502.12,2583.53,4931.5,5242.69
Copy of IMG03536.JPG,conductor,1,0.7446,2306.74,3078.74,3426.39,3670.6
Copy of IMG03536.JPG,conductor,1,0.64,1240.38,3748.33,2635.31,4579.63
Copy of IMG03536.JPG,insulator,2,0.4983,4447.29,2437.83,4656.48,2719.32
Copy of IMG03536.JPG,conductor,1,0.4071,129.2,4576.94,1701.81,5366.93
Copy of IMG03536.JPG,conductor,1,0.4068,10.5,5114.04,1169.68,5764.73
Copy of IMG03536.JPG,insulator,2,0.4039,4935.85,2196.84,5249.27,2706.41
Copy of IMG03536.JPG,conductor,1,0.3213,3271.5,2479.66,4064.32,3015.61
Copy of IMG03536.JPG,conductor,1,0.3147,3371.15,2497.81,4047.1,2913.68
Copy of IMG03536.JPG,insulator,2,0.3045,4436.43,2066.96,4671.66,2367.44
Copy of IMG03536.JPG,conductor,1,0.2921,55.96,4672.57,1670.94,5543.36
Copy of IMG03536.JPG,conductor,1,0.2146,3454.87,2459.47,4071.91,2833.86
Copy of IMG03536.JPG,conductor,1,0.1755,8965.09,0.0,9503.57,235.18
Copy of IMG03536.JPG,conductor,1,0.1635,2.08,5222.18,1065.23,6002.26
Copy of IMG03536.JPG,conductor,1,0.1623,0.0,5557.71,808.99,6269.19
Copy of IMG03536.JPG,insulator,2,0.1545,4421.51,1780.92,4698.66,2039.88
Copy of IMG03536.JPG,conductor,1,0.114,1420.28,3652.09,2726.3,4412.82
Copy of IMG03536.JPG,conductor,1,0.1052,1.65,5764.5,620.23,6288.28
Copy of IMG03536.JPG,conductor,1,0.101,32.11,4937.05,1382.89,5681.89
Copy of IMG03536.JPG,conductor,1,0.1007,2354.85,2976.55,3536.46,3558.19
Copy of IMG03536.JPG,conductor,1,0.098,1065.44,3845.08,2566.51,4694.75
Copy of IMG03536.JPG,insulator,2,0.0909,3181.36,1824.43,3515.94,2150.2
Copy of IMG03536.JPG,conductor,1,0.0829,0.0,5382.73,1034.63,6256.93
Copy of IMG03536.JPG,conductor,1,0.0651,210.23,4532.06,2189.5,5416.38
Copy of IMG03536.JPG,conductor,1,0.0647,0.0,4249.66,436.06,5101.84
Copy of IMG03536.JPG,conductor,1,0.064,5591.4,1058.22,6646.61,1372.96
Copy of IMG03536.JPG,conductor,1,0.054,3076.95,2727.07,3767.54,3126.62
Copy of IMG03536.JPG,conductor,1,0.0528,1147.8,3982.53,2469.31,4611.96
Copy of IMG03536.JPG,conductor,1,0.0524,1619.77,3764.19,2699.74,4365.32
Copy of IMG00426.JPG,insulator,2,0.7274,4153.9,1394.88,4488.26,1779.37
Copy of IMG00426.JPG,insulator,2,0.6625,5140.08,1588.71,5448.07,1880.54
Copy of IMG00426.JPG,insulator,2,0.5052,4732.32,1075.54,5055.71,1463.05
Copy of IMG00426.JPG,conductor,1,0.3301,4997.67,2028.92,5358.12,2861.63
Copy of IMG00426.JPG,conductor,1,0.2875,3538.97,1870.18,4417.74,3993.09
Copy of IMG00426.JPG,conductor,1,0.1773,4911.71,2060.05,5373.68,3034.43
Copy of IMG00426.JPG,conductor,1,0.1456,4202.45,2451.47,5183.03,4330.05
Copy of IMG00426.JPG,insulator,2,0.0964,4750.65,1074.11,5122.52,1515.63
Copy of IMG00426.JPG,conductor,1,0.0948,4525.68,1729.08,4948.21,2607.05
Copy of IMG00426.JPG,conductor,1,0.0859,5048.9,1975.85,5333.64,2673.28
Copy of IMG00426.JPG,conductor,1,0.0789,3970.89,1816.35,4366.83,2490.16
Copy of IMG00426.JPG,conductor,1,0.068,0.88,2348.33,422.05,2600.14
Copy of IMG00426.JPG,conductor,1,0.0579,4594.23,1679.97,4952.55,2103.24
Copy of IMG00130.JPG,pylon,0,0.8676,4441.83,2746.66,5110.88,5906.08
Copy of IMG00130.JPG,insulator,2,0.7187,5511.59,2301.59,5841.33,2655.48
Copy of IMG00130.JPG,insulator,2,0.6793,4020.83,2085.08,4316.56,2370.57
Copy of IMG00130.JPG,insulator,2,0.59,4981.67,2433.94,5272.49,2700.93
Copy of IMG00130.JPG,insulator,2,0.5795,4382.26,2508.7,4679.92,2786.54
Copy of IMG00130.JPG,insulator,2,0.5317,4346.16,1355.74,4670.1,1615.06
Copy of IMG00130.JPG,conductor,1,0.5201,5213.71,4944.58,6211.79,6275.57
Copy of IMG00130.JPG,insulator,2,0.3773,5088.58,1891.56,5390.44,2171.75
Copy of IMG00130.JPG,insulator,2,0.2545,4497.84,1932.12,4784.72,2193.43
Copy of IMG00130.JPG,insulator,2,0.2512,4377.49,1396.36,4717.23,1661.12
Copy of IMG00130.JPG,insulator,2,0.2423,4983.07,1187.16,5308.27,1521.89
Copy of IMG00130.JPG,insulator,2,0.2036,4996.61,1247.16,5397.31,1641.98
Copy of IMG00130.JPG,insulator,2,0.1623,5108.78,1407.18,5430.37,1662.07
Copy of IMG00130.JPG,insulator,2,0.1401,4680.54,1387.55,4949.68,1622.83
Copy of IMG00130.JPG,insulator,2,0.1065,4495.4,1509.07,4797.46,1714.97
Copy of IMG00130.JPG,conductor,1,0.0958,7496.61,5541.57,8269.04,6065.06
Copy of IMG00130.JPG,insulator,2,0.0703,4972.67,1340.62,5267.3,1612.76
Copy of IMG00130.JPG,insulator,2,0.0685,4327.88,2493.31,4653.86,2768.42
Copy of IMG00130.JPG,insulator,2,0.0653,4702.84,1258.51,4947.03,1548.1
Copy of IMG00130.JPG,conductor,1,0.0644,5483.89,5475.1,6191.49,6272.66
Copy of IMG00130.JPG,conductor,1,0.0592,7578.94,5648.86,8349.47,6194.65
Copy of IMG00130.JPG,insulator,2,0.0566,5273.99,2039.57,5555.48,2260.34
Copy of IMG00400.JPG,pylon,0,0.3777,4979.21,3510.74,5435.13,6261.84
Copy of IMG00400.JPG,insulator,2,0.1263,5953.34,3706.56,6376.04,4159.29
Copy of IMG00400.JPG,conductor,1,0.1156,4960.24,4051.66,5349.73,6309.3
Copy of IMG00246.JPG,insulator,2,0.8137,3403.7,0.0,3702.1,246.91
Copy of IMG00246.JPG,pylon,0,0.5703,3587.51,814.47,3972.14,3198.08
Copy of IMG00246.JPG,conductor,1,0.4921,5579.87,1851.07,6187.77,2301.43
Copy of IMG00246.JPG,conductor,1,0.4306,7804.72,3627.98,8505.66,4117.58
Copy of IMG00246.JPG,conductor,1,0.3628,1852.83,956.47,2901.72,1522.77
Copy of IMG00246.JPG,conductor,1,0.3546,4815.15,1203.16,5726.91,1903.98
Copy of IMG00246.JPG,insulator,2,0.2893,3765.73,7.35,3960.5,228.64
Copy of IMG00246.JPG,conductor,1,0.2823,3113.25,647.18,3598.09,968.67
Copy of IMG00246.JPG,conductor,1,0.2673,3237.36,733.46,3677.7,1034.8
Copy of IMG00246.JPG,conductor,1,0.2245,5668.08,1908.59,6232.3,2337.31
Copy of IMG00246.JPG,conductor,1,0.2108,8355.46,3973.89,8967.94,4489.94
Copy of IMG00246.JPG,conductor,1,0.2052,5770.73,1976.24,6326.23,2362.42
Copy of IMG00246.JPG,conductor,1,0.1978,3281.02,778.43,3674.05,1069.27
Copy of IMG00246.JPG,insulator,2,0.1882,4071.27,314.22,4360.2,586.19
Copy of IMG00246.JPG,conductor,1,0.1712,8866.07,4395.03,9429.57,4881.96
Copy of IMG00246.JPG,conductor,1,0.1611,2355.86,258.94,3107.14,615.61
Copy of IMG00246.JPG,conductor,1,0.1536,2032.83,975.68,2873.66,1424.06
Copy of IMG00246.JPG,conductor,1,0.1514,5861.61,2010.23,6389.41,2381.2
Copy of IMG00246.JPG,pylon,0,0.1466,3494.39,829.08,4037.65,3162.24
Copy of IMG00246.JPG,conductor,1,0.143,8274.58,3932.55,8912.22,4397.82
Copy of IMG00246.JPG,conductor,1,0.1419,2958.14,558.82,3504.19,915.14
Copy of IMG00246.JPG,conductor,1,0.1384,5551.11,1816.68,6103.39,2235.49
Copy of IMG00246.JPG,conductor,1,0.128,8906.2,4425.26,9491.49,4991.78
Copy of IMG00246.JPG,conductor,1,0.1211,8536.08,4152.31,9118.59,4616.83
Copy of IMG00246.JPG,conductor,1,0.1211,1547.55,962.93,2883.45,1640.57
Copy of IMG00246.JPG,conductor,1,0.1101,1937.1,71.84,2547.4,342.02
Copy of IMG00246.JPG,conductor,1,0.1084,2120.77,173.5,2811.98,458.13
Copy of IMG00246.JPG,conductor,1,0.108,3148.75,662.14,3678.35,1023.65
Copy of IMG00246.JPG,conductor,1,0.1073,8407.22,4068.22,9068.89,4586.74
Copy of IMG00246.JPG,conductor,1,0.1036,2263.84,204.55,3079.65,571.46
Copy of IMG00246.JPG,conductor,1,0.1035,4335.72,737.08,4841.93,1141.44
Copy of IMG00246.JPG,conductor,1,0.1031,8788.61,4347.04,9377.97,4847.17
Copy of IMG00246.JPG,conductor,1,0.0972,2020.69,134.46,2721.17,408.0
Copy of IMG00246.JPG,conductor,1,0.0969,9101.05,4676.93,9504.0,5325.36
Copy of IMG00246.JPG,conductor,1,0.0968,7080.04,3162.59,7998.65,3667.48
Copy of IMG00246.JPG,conductor,1,0.0961,2433.75,316.03,3022.12,596.25
Copy of IMG00246.JPG,conductor,1,0.0955,9003.49,4511.67,9504.0,5114.89
Copy of IMG00246.JPG,conductor,1,0.0916,2641.71,393.18,3225.29,704.43
Copy of IMG00246.JPG,conductor,1,0.0852,8606.18,4207.94,9175.86,4664.56
Copy of IMG00246.JPG,conductor,1,0.0832,2518.72,340.75,3104.92,633.6
Copy of IMG00246.JPG,conductor,1,0.0812,7782.46,3596.79,8431.73,4031.23
Copy of IMG00246.JPG,conductor,1,0.0811,8678.2,3492.44,9234.2,3941.16
Copy of IMG00246.JPG,conductor,1,0.0802,2355.53,253.73,2991.25,555.22
Copy of IMG00246.JPG,conductor,1,0.0789,5084.5,1504.77,5757.39,1958.85
Copy of IMG00246.JPG,conductor,1,0.0775,3861.18,1372.2,4346.52,1841.48
Copy of IMG00246.JPG,insulator,2,0.0765,4063.48,245.42,4339.11,477.81
Copy of IMG00246.JPG,insulator,2,0.0734,3677.39,392.69,3875.97,634.47
Copy of IMG00246.JPG,conductor,1,0.0731,4205.41,1212.28,4720.94,1598.26
Copy of IMG00246.JPG,conductor,1,0.0708,8988.81,4457.24,9498.71,5334.78
Copy of IMG00246.JPG,conductor,1,0.0688,2701.07,451.23,3334.08,763.87
Copy of IMG00246.JPG,conductor,1,0.0687,9176.87,3930.2,9504.0,4381.85
Copy of IMG00246.JPG,conductor,1,0.068,2849.74,504.91,3420.57,831.84
Copy of IMG00246.JPG,conductor,1,0.0679,3349.01,833.87,3715.72,1122.23
Copy of IMG00246.JPG,conductor,1,0.0667,3052.01,596.54,3570.64,943.35
Copy of IMG00246.JPG,conductor,1,0.0667,2461.05,290.95,3195.97,598.77
Copy of IMG00246.JPG,conductor,1,0.0659,9292.72,4890.45,9503.98,5486.68
Copy of IMG00246.JPG,conductor,1,0.0647,9260.46,3944.23,9503.3,4395.06
Copy of IMG00246.JPG,conductor,1,0.0647,2644.46,253.3,3262.89,539.21
Copy of IMG00246.JPG,conductor,1,0.0645,8832.38,3607.98,9320.27,4016.56
Copy of IMG00246.JPG,conductor,1,0.0644,9320.54,5022.05,9504.0,5591.67
Copy of IMG00246.JPG,conductor,1,0.0642,9285.99,4000.35,9503.47,4470.39
Copy of IMG00246.JPG,conductor,1,0.0634,9073.8,3837.41,9503.63,4243.52
Copy of IMG00246.JPG,conductor,1,0.0634,2320.19,239.46,2899.37,515.88
Copy of IMG00246.JPG,conductor,1,0.0631,9011.31,3719.3,9494.58,4129.58
Copy of IMG00246.JPG,conductor,1,0.0628,8667.34,4242.75,9327.32,4766.24
Copy of IMG00246.JPG,conductor,1,0.0628,9154.23,4731.05,9504.0,5432.27
Copy of IMG00246.JPG,conductor,1,0.0627,9078.05,4605.53,9504.0,5198.9
Copy of IMG00246.JPG,conductor,1,0.0621,2804.14,222.86,3322.56,490.4
Copy of IMG00246.JPG,conductor,1,0.0618,9264.87,4801.92,9503.36,5393.44
Copy of IMG00246.JPG,insulator,2,0.0606,3775.71,0.0,4024.2,189.54
Copy of IMG00246.JPG,conductor,1,0.0602,7904.8,3713.37,8664.91,4199.1
Copy of IMG00246.JPG,conductor,1,0.0595,4380.63,671.73,4940.31,1103.1
Copy of IMG00246.JPG,conductor,1,0.0589,4532.75,1581.14,5192.96,2023.1
Copy of IMG00246.JPG,conductor,1,0.0582,8128.59,3884.46,8812.33,4358.39
Copy of IMG00246.JPG,conductor,1,0.058,2587.85,378.02,3141.34,681.02
Copy of IMG00246.JPG,conductor,1,0.0574,3798.24,1401.49,4273.46,2145.18
Copy of IMG00246.JPG,conductor,1,0.0561,9222.04,5467.99,9504.0,6255.77
Copy of IMG00246.JPG,conductor,1,0.0553,2204.38,204.19,2957.62,500.6
Copy of IMG00246.JPG,conductor,1,0.0552,1911.98,39.4,2482.2,304.6
Copy of IMG00246.JPG,conductor,1,0.0545,3765.52,1476.46,4150.63,2212.71
Copy of IMG00246.JPG,conductor,1,0.0535,9195.63,4841.23,9504.0,5532.61
Copy of IMG00246.JPG,conductor,1,0.0516,8970.94,3632.74,9490.33,4066.94
Copy of IMG00246.JPG,conductor,1,0.0512,9158.18,3863.63,9504.0,4309.37
Copy of IMG00246.JPG,conductor,1,0.051,4385.13,790.4,4943.04,1186.49
Copy of IMG00246.JPG,conductor,1,0.0507,9213.46,5275.04,9504.0,5995.28
Copy of IMG00246.JPG,conductor,1,0.0504,2697.64,189.51,3277.63,458.54
Copy of IMG00246.JPG,conductor,1,0.0503,3541.29,922.1,3761.97,1334.14
Copy of IMG00185.JPG,insulator,2,0.5788,4771.79,3113.24,5070.23,3345.8
Copy of IMG00185.JPG,conductor,1,0.296,228.82,3790.15,4563.07,4354.0
Copy of IMG00185.JPG,insulator,2,0.2453,4670.93,3603.31,5000.96,3926.57
Copy of IMG00185.JPG,conductor,1,0.1665,80.26,2608.27,4448.71,3207.39
Copy of IMG00185.JPG,pylon,0,0.166,4544.95,3353.85,4865.08,4673.69
Copy of IMG00185.JPG,conductor,1,0.1416,375.51,2210.27,4039.05,3031.9
Copy of IMG00185.JPG,conductor,1,0.0861,3404.08,291.53,4553.17,1012.96
Copy of IMG00185.JPG,conductor,1,0.0772,0.0,2327.91,4421.19,3144.07
Copy of IMG00185.JPG,conductor,1,0.0626,6.21,5608.81,715.22,6023.46
Copy of IMG00185.JPG,conductor,1,0.0601,0.0,5661.22,649.44,6216.55
Copy of IMG00464.JPG,insulator,2,0.6091,3698.49,2323.99,4119.96,2664.34
Copy of IMG00464.JPG,pylon,0,0.5809,4391.22,2682.36,5060.68,6285.67
Copy of IMG00464.JPG,insulator,2,0.5686,4265.18,2142.28,4635.15,2437.59
Copy of IMG00464.JPG,conductor,1,0.5375,208.67,1877.53,3712.1,2443.62
Copy of IMG00464.JPG,conductor,1,0.4789,352.15,1980.45,3710.09,2521.33
Copy of IMG00464.JPG,insulator,2,0.4149,4623.56,2286.15,4958.94,2603.62
Copy of IMG00464.JPG,conductor,1,0.3829,3773.73,3017.48,4151.6,6317.89
Copy of IMG00464.JPG,insulator,2,0.3727,5126.13,2067.72,5458.44,2395.48
Copy of IMG00464.JPG,insulator,2,0.3647,3984.2,2477.12,4239.99,2712.69
Copy of IMG00464.JPG,conductor,1,0.2683,0.0,1450.62,4310.92,1951.11
Copy of IMG00464.JPG,conductor,1,0.2462,0.0,1535.14,3859.65,2031.7
Copy of IMG00464.JPG,conductor,1,0.2264,3881.9,2840.22,4207.64,4261.89
Copy of IMG00464.JPG,conductor,1,0.1876,3826.41,2947.47,4235.47,6044.49
Copy of IMG00464.JPG,conductor,1,0.1676,43.36,1736.24,3668.16,2324.47
Copy of IMG00464.JPG,insulator,2,0.1666,4871.75,1963.86,5185.0,2251.18
Copy of IMG00464.JPG,conductor,1,0.1393,0.46,1228.3,894.42,1629.32
Copy of IMG00464.JPG,insulator,2,0.1313,3939.01,2447.94,4204.6,2699.49
Copy of IMG00464.JPG,conductor,1,0.1168,3878.67,2873.39,4214.51,4797.55
Copy of IMG00464.JPG,insulator,2,0.0719,3762.5,2335.16,4202.38,2676.23
Copy of IMG00464.JPG,conductor,1,0.0678,0.0,1259.85,1365.16,1642.18
Copy of IMG00464.JPG,conductor,1,0.0649,3924.03,3151.64,4200.61,4300.84
Copy of IMG00464.JPG,conductor,1,0.0561,5164.91,2867.49,9373.05,3385.76
Copy of IMG00464.JPG,conductor,1,0.0528,3774.28,2772.15,4281.6,6336.0
Copy of IMG00464.JPG,conductor,1,0.0501,4.09,1723.74,670.05,2173.91
Copy of IMG03514.JPG,insulator,2,0.8877,2517.07,3974.46,2949.73,4514.96
Copy of IMG03514.JPG,insulator,2,0.8654,2503.56,1733.36,2913.96,2234.64
Copy of IMG03514.JPG,insulator,2,0.7979,2577.94,2916.57,2994.92,3440.93
Copy of IMG03514.JPG,conductor,1,0.7379,37.26,3087.27,2391.9,4180.85
Copy of IMG03514.JPG,pylon,0,0.7135,2651.58,3379.86,3445.72,6285.25
Copy of IMG03514.JPG,conductor,1,0.4397,6075.73,3963.08,9504.0,4402.26
Copy of IMG03514.JPG,conductor,1,0.3911,1042.88,1369.1,2351.76,2057.07
Copy of IMG03514.JPG,conductor,1,0.3362,6111.33,3801.6,9504.0,4514.46
Copy of IMG03514.JPG,conductor,1,0.311,3350.61,3942.36,5494.82,4435.05
Copy of IMG03514.JPG,conductor,1,0.2609,28.82,1134.02,2090.14,1707.73
Copy of IMG03514.JPG,conductor,1,0.2498,0.0,2751.34,2222.8,4061.86
Copy of IMG03514.JPG,conductor,1,0.2192,41.45,2069.74,1909.74,2717.28
Copy of IMG03514.JPG,conductor,1,0.2163,268.34,1291.96,2346.6,2018.52
Copy of IMG03514.JPG,conductor,1,0.2095,162.14,2193.83,2073.99,2918.95
Copy of IMG03514.JPG,conductor,1,0.1887,3.19,1013.04,1430.13,1550.86
Copy of IMG03514.JPG,conductor,1,0.1867,3413.24,3819.08,6238.52,4543.7
Copy of IMG03514.JPG,conductor,1,0.1772,4071.84,2889.26,7339.82,3281.27
Copy of IMG03514.JPG,insulator,2,0.159,2117.35,2774.73,2378.7,3042.33
Copy of IMG03514.JPG,conductor,1,0.1499,12.18,2012.34,1538.45,2613.75
Copy of IMG03514.JPG,pylon,0,0.1429,2650.31,4594.98,3459.13,6287.64
Copy of IMG03514.JPG,conductor,1,0.1379,4081.15,2908.32,5462.48,3262.72
Copy of IMG03514.JPG,conductor,1,0.1244,1218.32,1456.82,2352.68,2002.22
Copy of IMG03514.JPG,conductor,1,0.1065,1.25,2688.24,1047.39,3573.0
Copy of IMG03514.JPG,conductor,1,0.0959,1.62,911.08,1202.41,1508.65
Copy of IMG03514.JPG,conductor,1,0.0942,70.05,1108.46,1682.99,1561.34
Copy of IMG03514.JPG,conductor,1,0.0925,6.58,2724.34,1311.54,3706.63
Copy of IMG03514.JPG,conductor,1,0.0906,3267.76,3987.42,6639.62,4408.21
Copy of IMG03514.JPG,conductor,1,0.0845,3227.47,1687.61,8008.5,2037.69
Copy of IMG03514.JPG,conductor,1,0.0823,2.05,907.43,843.9,1479.29
Copy of IMG03514.JPG,conductor,1,0.0805,607.99,2292.79,2133.91,2981.4
Copy of IMG03514.JPG,conductor,1,0.0768,53.96,1125.98,2268.69,1920.22
Copy of IMG03514.JPG,conductor,1,0.0732,5094.95,1772.14,9504.0,2086.26
Copy of IMG03514.JPG,conductor,1,0.0693,1.74,1740.76,711.37,2398.57
Copy of IMG03514.JPG,conductor,1,0.0664,0.73,1902.56,717.99,2359.4
Copy of IMG03514.JPG,conductor,1,0.0586,171.63,2100.97,1328.06,2580.89
Copy of IMG03514.JPG,conductor,1,0.0585,1.88,1817.58,988.21,2464.71
Copy of IMG03514.JPG,conductor,1,0.0549,0.0,1078.99,909.39,1461.37
Copy of IMG03514.JPG,conductor,1,0.0508,4148.08,1727.03,9312.95,2074.74
Copy of IMG03514.JPG,conductor,1,0.0501,1.26,1596.2,319.86,2284.03
Copy of IMG00019.JPG,conductor,1,0.2537,1.07,2303.08,852.16,2940.47
Copy of IMG00019.JPG,conductor,1,0.1978,11.87,1769.91,786.66,2366.12
Copy of IMG00089.JPG,pylon,0,0.8165,4767.7,3696.81,5106.74,6328.44
Copy of IMG00089.JPG,insulator,2,0.8121,5171.31,3565.23,5469.82,3839.9
Copy of IMG00089.JPG,conductor,1,0.6327,5430.67,3879.05,6110.2,4418.88
Copy of IMG00089.JPG,conductor,1,0.5363,5214.67,4699.53,5963.01,5359.2
Copy of IMG00089.JPG,conductor,1,0.4734,5701.5,5346.38,6450.47,6165.58
Copy of IMG00089.JPG,conductor,1,0.4694,5163.96,4464.32,5743.6,5053.85
Copy of IMG00089.JPG,conductor,1,0.4499,6026.58,4512.28,6624.39,5048.92
Copy of IMG00089.JPG,conductor,1,0.4394,2763.74,1371.09,3416.77,1924.57
Copy of IMG00089.JPG,conductor,1,0.4269,3783.68,2965.91,4334.8,3453.21
Copy of IMG00089.JPG,insulator,2,0.383,4522.76,3617.26,4748.78,3860.35
Copy of IMG00089.JPG,conductor,1,0.3767,5162.95,4495.37,5797.38,5244.1
Copy of IMG00089.JPG,conductor,1,0.3744,3680.38,2218.67,4493.26,2855.6
Copy of IMG00089.JPG,conductor,1,0.3318,6322.01,5060.45,6928.43,5503.91
Copy of IMG00089.JPG,conductor,1,0.3139,6612.76,5357.96,7231.97,5863.34
Copy of IMG00089.JPG,insulator,2,0.2802,4857.42,3248.23,5149.89,3476.54
Copy of IMG00089.JPG,conductor,1,0.2659,5142.71,4346.68,5647.7,4999.13
Copy of IMG00089.JPG,conductor,1,0.2463,6043.33,5578.28,6561.2,6264.59
Copy of IMG00089.JPG,conductor,1,0.2253,5706.66,4235.43,6266.73,4673.41
Copy of IMG00089.JPG,conductor,1,0.2012,5660.91,4158.58,6236.52,4619.29
Copy of IMG00089.JPG,conductor,1,0.1963,5945.46,5507.87,6504.4,6160.84
Copy of IMG00089.JPG,conductor,1,0.1776,3603.11,2158.65,4426.62,2750.1
Copy of IMG00089.JPG,conductor,1,0.1659,5127.77,4296.02,5532.91,4944.4
Copy of IMG00089.JPG,conductor,1,0.1596,5670.29,5293.89,6361.66,6010.13
Copy of IMG00089.JPG,conductor,1,0.1456,3232.07,1804.1,3905.34,2277.72
Copy of IMG00089.JPG,conductor,1,0.1411,5343.91,4837.91,5981.9,5364.66
Copy of IMG00089.JPG,conductor,1,0.1335,6091.1,4572.65,6695.12,5109.97
Copy of IMG00089.JPG,conductor,1,0.1316,5824.07,5424.45,6481.44,6114.56
Copy of IMG00089.JPG,conductor,1,0.1251,3159.99,2343.63,3694.17,2893.41
Copy of IMG00089.JPG,conductor,1,0.1249,6989.48,5580.49,7436.66,6053.01
Copy of IMG00089.JPG,conductor,1,0.1244,5534.16,3960.84,6194.48,4546.41
Copy of IMG00089.JPG,conductor,1,0.1208,4354.12,2765.45,4867.13,3183.89
Copy of IMG00089.JPG,conductor,1,0.1166,3764.08,2307.3,4555.67,2910.22
Copy of IMG00089.JPG,conductor,1,0.1126,6670.77,5401.09,7329.17,5959.62
Copy of IMG00089.JPG,conductor,1,0.1079,6527.95,5317.59,7192.68,5805.92
Copy of IMG00089.JPG,conductor,1,0.1046,5740.91,4288.12,6339.94,4750.21
Copy of IMG00089.JPG,conductor,1,0.097,6822.17,5474.38,7390.97,6023.73
Copy of IMG00089.JPG,conductor,1,0.0961,2488.45,1222.18,3328.23,1852.54
Copy of IMG00089.JPG,conductor,1,0.0945,5387.49,3841.31,5963.51,4314.4
Copy of IMG00089.JPG,conductor,1,0.0926,3199.98,2430.85,3747.34,3009.79
Copy of IMG00089.JPG,conductor,1,0.0902,6263.06,4948.02,6865.85,5400.44
Copy of IMG00089.JPG,conductor,1,0.0891,7073.47,5673.89,7514.63,6214.28
Copy of IMG00089.JPG,conductor,1,0.089,3604.77,2850.77,4277.0,3433.68
Copy of IMG00089.JPG,conductor,1,0.0857,5639.9,5204.9,6248.08,5770.17
Copy of IMG00089.JPG,conductor,1,0.0821,7022.3,5650.8,7467.52,6133.16
Copy of IMG00089.JPG,conductor,1,0.0819,5863.97,4415.2,6526.6,4890.27
Copy of IMG00089.JPG,conductor,1,0.0816,3271.02,2501.58,3865.2,3139.64
Copy of IMG00089.JPG,conductor,1,0.0805,6445.7,5189.07,7127.14,5735.58
Copy of IMG00089.JPG,conductor,1,0.0789,2631.53,1301.75,3359.51,1865.07
Copy of IMG00089.JPG,conductor,1,0.0787,3449.28,2102.51,4274.03,2640.29
Copy of IMG00089.JPG,conductor,1,0.0762,3408.73,2662.04,3987.55,3187.26
Copy of IMG00089.JPG,conductor,1,0.0751,2916.37,2150.91,3394.91,2611.35
Copy of IMG00089.JPG,conductor,1,0.0724,2371.97,1101.62,3157.53,1585.5
Copy of IMG00089.JPG,conductor,1,0.0718,2294.29,1494.41,2805.0,2021.27
Copy of IMG00089.JPG,conductor,1,0.0717,6174.88,4724.01,6756.57,5149.29
Copy of IMG00089.JPG,conductor,1,0.0709,5568.7,5076.61,6169.79,5631.67
Copy of IMG00089.JPG,conductor,1,0.0698,3123.57,1755.0,3837.66,2264.46
Copy of IMG00089.JPG,conductor,1,0.0648,2004.74,718.92,2505.9,1118.0
Copy of IMG00089.JPG,conductor,1,0.0645,2326.84,1036.54,2898.21,1465.33
Copy of IMG00089.JPG,conductor,1,0.0638,3883.4,2372.43,4659.56,2976.05
Copy of IMG00089.JPG,conductor,1,0.0589,7183.57,5889.32,7606.26,6284.18
Copy of IMG00089.JPG,conductor,1,0.0567,5440.24,4962.5,6120.75,5547.67
Copy of IMG00089.JPG,conductor,1,0.0565,2340.02,1048.78,3027.84,1527.98
Copy of IMG00089.JPG,conductor,1,0.0556,7141.83,5734.93,7553.77,6206.94
Copy of IMG00089.JPG,conductor,1,0.0534,7120.57,5816.86,7558.47,6280.89
Copy of IMG00089.JPG,conductor,1,0.0511,2803.04,1468.41,3478.39,1961.44
Copy of IMG03456.JPG,insulator,2,0.9525,5895.2,2244.02,6236.05,2655.25
Copy of IMG03456.JPG,insulator,2,0.8624,4630.3,1362.22,5020.88,1733.42
Copy of IMG03456.JPG,insulator,2,0.7702,6667.48,3730.66,7054.15,4226.87
Copy of IMG03456.JPG,pylon,0,0.7639,4509.12,3096.35,5437.89,6282.83
Copy of IMG03456.JPG,insulator,2,0.7294,3976.48,1750.91,4408.32,2233.15
Copy of IMG03456.JPG,conductor,1,0.6549,1880.53,4970.82,3249.91,6270.19
Copy of IMG03456.JPG,insulator,2,0.628,7200.69,3274.41,7665.77,3776.88
Copy of IMG03456.JPG,insulator,2,0.5114,5292.99,2704.88,5656.62,3134.7
Copy of IMG03456.JPG,conductor,1,0.4842,5547.15,4702.75,6798.65,6286.87
Copy of IMG03456.JPG,conductor,1,0.4744,8063.09,1372.87,9504.0,1851.95
Copy of IMG03456.JPG,conductor,1,0.4088,3778.5,4930.85,4744.75,6275.84
Copy of IMG03456.JPG,conductor,1,0.3896,8500.05,183.16,9504.0,653.58
Copy of IMG03456.JPG,conductor,1,0.3871,6463.34,1767.67,8241.37,2332.3
Copy of IMG03456.JPG,conductor,1,0.3551,2045.51,3929.62,3740.09,5837.97
Copy of IMG03456.JPG,conductor,1,0.3467,2237.48,3845.4,3840.36,5422.14
Copy of IMG03456.JPG,conductor,1,0.3448,1857.9,2756.77,3419.65,3325.28
Copy of IMG03456.JPG,conductor,1,0.3188,5885.62,582.27,8768.11,1119.78
Copy of IMG03456.JPG,conductor,1,0.2387,8450.6,2460.35,9504.0,3139.77
Copy of IMG03456.JPG,conductor,1,0.2262,1873.85,4468.59,3454.68,6261.99
Copy of IMG03456.JPG,conductor,1,0.2247,5583.57,3724.32,6747.92,6260.16
Copy of IMG03456.JPG,conductor,1,0.2023,6506.14,525.14,8837.47,1110.53
Copy of IMG03456.JPG,conductor,1,0.1876,2244.88,4048.05,3618.27,5237.96
Copy of IMG03456.JPG,conductor,1,0.1847,7620.79,1414.22,9477.72,1952.06
Copy of IMG03456.JPG,conductor,1,0.1578,8214.12,2556.78,9504.0,3204.82
Copy of IMG03456.JPG,conductor,1,0.1505,5596.49,634.67,8612.5,1320.15
Copy of IMG03456.JPG,conductor,1,0.1477,7246.27,1437.83,9446.15,2033.25
Copy of IMG03456.JPG,conductor,1,0.1444,8584.9,2192.81,9504.0,3100.12
Copy of IMG03456.JPG,conductor,1,0.134,6574.63,1665.27,8320.22,2264.92
Copy of IMG03456.JPG,conductor,1,0.1329,5122.29,842.09,6903.76,1508.87
Copy of IMG03456.JPG,conductor,1,0.1313,2768.93,3103.9,4100.04,3772.53
Copy of IMG03456.JPG,pylon,0,0.1293,5585.2,3738.55,6735.55,6275.77
Copy of IMG03456.JPG,conductor,1,0.1163,2931.94,2560.72,4263.21,3094.56
Copy of IMG03456.JPG,conductor,1,0.1102,1966.88,2700.69,3481.3,3229.57
Copy of IMG03456.JPG,insulator,2,0.1088,6090.58,2656.4,6578.04,3018.54
Copy of IMG03456.JPG,conductor,1,0.1044,8196.27,1172.81,9502.78,1725.11
Copy of IMG03456.JPG,conductor,1,0.1005,8674.65,226.1,9499.35,626.16
Copy of IMG03456.JPG,conductor,1,0.0996,7652.36,2765.51,9480.2,3518.2
Copy of IMG03456.JPG,conductor,1,0.0934,8646.67,2522.43,9504.0,3076.07
Copy of IMG03456.JPG,conductor,1,0.0862,6714.6,2508.2,7827.66,3019.07
Copy of IMG03456.JPG,conductor,1,0.0851,8150.13,2076.49,9504.0,2645.89
Copy of IMG03456.JPG,conductor,1,0.0846,8600.22,2103.87,9502.77,2634.41
Copy of IMG03456.JPG,conductor,1,0.0835,6812.67,1589.47,8700.63,2192.45
Copy of IMG03456.JPG,conductor,1,0.0809,1697.64,2843.27,3349.03,3430.34
Copy of IMG03456.JPG,conductor,1,0.0785,5143.29,762.03,7856.88,1459.98
Copy of IMG03456.JPG,conductor,1,0.0782,8230.23,2182.08,9504.0,3294.9
Copy of IMG03456.JPG,insulator,2,0.0653,6344.44,2880.66,6803.28,3350.64
Copy of IMG03456.JPG,conductor,1,0.0647,1760.18,2942.84,3183.92,3412.04
Copy of IMG03456.JPG,conductor,1,0.0625,763.89,3388.36,2842.08,4027.73
Copy of IMG03456.JPG,conductor,1,0.0608,8568.02,1007.04,9502.76,1654.3
Copy of IMG03456.JPG,conductor,1,0.0563,3076.95,2485.45,4347.36,3055.87
Copy of IMG03456.JPG,conductor,1,0.0553,8173.05,1341.35,9493.47,1729.76
Copy of IMG03456.JPG,conductor,1,0.055,7826.79,1471.44,9504.0,1909.56
Copy of IMG03456.JPG,conductor,1,0.0522,2968.35,2602.1,4296.58,3304.54
Copy of IMG03456.JPG,conductor,1,0.0518,9088.69,5095.11,9504.0,6293.68
Copy of IMG03456.JPG,conductor,1,0.0512,6540.57,1847.04,7890.02,2299.72
Copy of IMG00431.JPG,conductor,1,0.7688,3822.98,5114.73,4774.15,6315.34
Copy of IMG00431.JPG,insulator,2,0.754,6955.96,3874.74,7434.61,4300.63
Copy of IMG00431.JPG,insulator,2,0.716,4635.08,4536.69,5138.98,4973.85
Copy of IMG00431.JPG,conductor,1,0.7064,4782.6,5251.47,5602.66,6288.75
Copy of IMG00431.JPG,conductor,1,0.6934,7911.85,4493.2,9503.01,5320.81
Copy of IMG00431.JPG,insulator,2,0.6792,4408.3,4039.29,4945.52,4475.37
Copy of IMG00431.JPG,conductor,1,0.6309,8060.41,5530.1,9504.0,6296.37
Copy of IMG00431.JPG,conductor,1,0.6128,1.78,2006.06,967.7,2859.31
Copy of IMG00431.JPG,conductor,1,0.6084,7685.1,5430.26,9504.0,6277.15
Copy of IMG00431.JPG,insulator,2,0.6027,7115.11,4354.55,7701.7,4833.86
Copy of IMG00431.JPG,conductor,1,0.5519,2410.07,2541.78,3402.16,3111.0
Copy of IMG00431.JPG,insulator,2,0.5443,5733.0,3959.23,6150.31,4299.12
Copy of IMG00431.JPG,insulator,2,0.5424,5392.42,4238.61,5800.78,4697.09
Copy of IMG00431.JPG,conductor,1,0.5279,4358.78,2744.4,5958.97,3482.27
Copy of IMG00431.JPG,insulator,2,0.5268,6424.64,5015.23,6923.22,5408.83
Copy of IMG00431.JPG,conductor,1,0.5085,1730.63,1671.86,3238.25,2279.38
Copy of IMG00431.JPG,conductor,1,0.5068,639.04,1185.84,2017.4,1773.35
Copy of IMG00431.JPG,conductor,1,0.4633,2156.76,3120.74,3636.81,4062.41
Copy of IMG00431.JPG,conductor,1,0.4339,8155.89,4611.79,9504.0,5445.19
Copy of IMG00431.JPG,insulator,2,0.4118,6186.26,4020.47,6587.67,4371.37
Copy of IMG00431.JPG,conductor,1,0.3853,3977.34,3241.77,4939.86,3785.44
Copy of IMG00431.JPG,conductor,1,0.3692,3437.14,2367.69,4945.19,3005.18
Copy of IMG00431.JPG,conductor,1,0.3691,3.53,1305.79,680.31,1861.77
Copy of IMG00431.JPG,conductor,1,0.3548,1585.34,2174.71,2552.46,2701.77
Copy of IMG00431.JPG,conductor,1,0.3432,361.56,1599.25,1214.26,2132.99
Copy of IMG00431.JPG,conductor,1,0.3011,6.21,1376.23,784.22,1916.78
Copy of IMG00431.JPG,conductor,1,0.2992,968.26,1891.07,1840.25,2423.67
Copy of IMG00431.JPG,conductor,1,0.2947,7387.69,5260.39,9412.91,6214.01
Copy of IMG00431.JPG,conductor,1,0.2934,3351.49,2928.14,4439.74,3546.2
Copy of IMG00431.JPG,conductor,1,0.2657,3899.09,3180.42,4855.74,3721.58
Copy of IMG00431.JPG,conductor,1,0.234,8433.92,5591.75,9502.37,6305.1
Copy of IMG00431.JPG,conductor,1,0.2336,763.34,2491.93,2017.46,3363.09
Copy of IMG00431.JPG,insulator,2,0.2324,6116.42,5522.41,6633.97,6067.55
Copy of IMG00431.JPG,conductor,1,0.228,3216.78,2844.85,4186.12,3413.85
Copy of IMG00431.JPG,conductor,1,0.2224,4050.8,2620.83,5740.65,3450.05
Copy of IMG00431.JPG,conductor,1,0.2128,985.81,2608.66,2523.42,3594.88
Copy of IMG00431.JPG,conductor,1,0.2119,4491.87,2830.11,6186.28,3617.42
Copy of IMG00431.JPG,conductor,1,0.2084,2809.3,2109.11,4245.55,2707.81
Copy of IMG00431.JPG,conductor,1,0.2081,2516.35,2576.28,3559.68,3163.53
Copy of IMG00431.JPG,conductor,1,0.2064,3819.34,2555.63,5683.97,3329.09
Copy of IMG00431.JPG,conductor,1,0.2013,3489.44,3030.04,4598.54,3629.46
Copy of IMG00431.JPG,conductor,1,0.1954,4083.25,3275.74,5102.65,3846.95
Copy of IMG00431.JPG,conductor,1,0.1929,2588.24,2036.67,3969.59,2658.25
Copy of IMG00431.JPG,conductor,1,0.1873,2909.46,2730.53,3958.25,3330.96
Copy of IMG00431.JPG,conductor,1,0.1831,776.02,1827.24,1805.12,2374.62
Copy of IMG00431.JPG,conductor,1,0.1805,1444.66,2113.94,2457.1,2670.01
Copy of IMG00431.JPG,conductor,1,0.178,1431.08,1528.29,2917.17,2086.2
Copy of IMG00431.JPG,conductor,1,0.1774,64.95,984.34,1629.31,1563.82
Copy of IMG00431.JPG,conductor,1,0.1753,4446.22,2715.9,6744.15,3669.55
Copy of IMG00431.JPG,conductor,1,0.1732,3687.41,3115.29,4773.79,3699.83
Copy of IMG00431.JPG,conductor,1,0.1728,3015.22,2790.21,4059.3,3374.79
Copy of IMG00431.JPG,conductor,1,0.1703,1895.0,1743.28,3615.86,2450.65
Copy of IMG00431.JPG,conductor,1,0.1683,2255.32,2462.88,3332.95,3041.72
Copy of IMG00431.JPG,conductor,1,0.1642,3613.82,2474.2,5459.66,3182.02
Copy of IMG00431.JPG,conductor,1,0.1589,1730.44,2224.17,2714.19,2793.62
Copy of IMG00431.JPG,conductor,1,0.1573,357.93,1061.85,1717.37,1654.86
Copy of IMG00431.JPG,conductor,1,0.1561,6968.64,4932.7,7420.0,5572.71
Copy of IMG00431.JPG,conductor,1,0.1533,5545.74,5370.26,6006.45,6177.62
Copy of IMG00431.JPG,conductor,1,0.153,1987.32,3046.36,3468.51,3989.09
Copy of IMG00431.JPG,conductor,1,0.152,0.92,779.03,1000.33,1399.33
Copy of IMG00431.JPG,insulator,2,0.1503,5926.63,4791.77,6478.22,5142.37
Copy of IMG00431.JPG,conductor,1,0.1502,2320.05,1896.7,3753.45,2486.72
Copy of IMG00431.JPG,conductor,1,0.1487,729.76,1265.34,2253.6,1820.54
Copy of IMG00431.JPG,insulator,2,0.1475,6816.74,3866.66,7153.17,4234.46
Copy of IMG00431.JPG,conductor,1,0.1447,1659.46,1595.59,2990.75,2180.43
Copy of IMG00431.JPG,conductor,1,0.1426,2519.64,1980.12,3873.58,2562.28
Copy of IMG00431.JPG,conductor,1,0.1419,662.87,1773.48,1719.05,2328.27
Copy of IMG00431.JPG,conductor,1,0.1374,5260.87,3134.11,6707.42,3802.3
Copy of IMG00431.JPG,conductor,1,0.1324,0.7,1251.16,463.25,1795.47
Copy of IMG00431.JPG,conductor,1,0.1322,1251.47,2031.22,2320.62,2603.52
Copy of IMG00431.JPG,conductor,1,0.1314,2480.72,3292.17,4093.93,4213.78
Copy of IMG00431.JPG,conductor,1,0.1308,442.2,1635.38,1394.09,2202.35
Copy of IMG00431.JPG,conductor,1,0.1274,2711.14,2074.4,4514.8,2756.16
Copy of IMG00431.JPG,conductor,1,0.125,2773.92,2688.12,3834.01,3274.1
Copy of IMG00431.JPG,conductor,1,0.1221,1016.7,5488.84,2114.39,6225.08
Copy of IMG00431.JPG,conductor,1,0.1221,471.04,1130.81,1819.68,1712.06
Copy of IMG00431.JPG,conductor,1,0.1219,1811.89,2278.53,2835.24,2849.83
Copy of IMG00431.JPG,conductor,1,0.1219,4601.93,2907.09,6575.63,3690.73
Copy of IMG00431.JPG,conductor,1,0.1194,6731.45,5451.38,7192.16,6119.2
Copy of IMG00431.JPG,conductor,1,0.118,1230.15,2759.4,2666.85,3652.58
Copy of IMG00431.JPG,insulator,2,0.1153,5901.13,4526.44,6441.04,4844.27
Copy of IMG00431.JPG,conductor,1,0.1118,102.22,1505.61,1100.87,2066.74
Copy of IMG00431.JPG,conductor,1,0.1106,2055.68,1843.29,3827.06,2527.23
Copy of IMG00431.JPG,insulator,2,0.1081,6764.15,3863.0,7040.95,4191.98
Copy of IMG00431.JPG,conductor,1,0.1074,1985.61,2363.98,3044.19,2916.84
Copy of IMG00431.JPG,conductor,1,0.1024,3147.6,2227.23,4831.16,2934.94
Copy of IMG00431.JPG,conductor,1,0.1004,7373.8,5124.19,8953.41,6067.33
Copy of IMG00431.JPG,conductor,1,0.0995,4787.81,3049.58,6704.54,3788.03
Copy of IMG00431.JPG,conductor,1,0.0992,2993.43,2180.17,4549.41,2797.65
Copy of IMG00431.JPG,conductor,1,0.0967,505.59,1700.33,1555.68,2221.39
Copy of IMG00431.JPG,conductor,1,0.0954,1203.44,1989.19,2161.29,2539.16
Copy of IMG00431.JPG,conductor,1,0.0943,2111.93,2411.52,3155.41,2966.65
Copy of IMG00431.JPG,insulator,2,0.0902,6846.34,3883.81,7302.78,4252.72
Copy of IMG00431.JPG,conductor,1,0.0895,8646.27,4731.0,9504.0,5452.88
Copy of IMG00431.JPG,conductor,1,0.0844,1113.38,1961.01,2018.0,2489.66
Copy of IMG00431.JPG,conductor,1,0.084,8621.15,5682.52,9504.0,6334.35
Copy of IMG00431.JPG,conductor,1,0.0822,2798.14,3453.84,4243.47,4243.41
Copy of IMG00431.JPG,conductor,1,0.0804,2857.42,2125.56,4720.97,2888.5
Copy of IMG00431.JPG,conductor,1,0.0797,1743.66,2940.91,3257.5,3913.27
Copy of IMG00431.JPG,conductor,1,0.0788,845.94,2568.63,2249.65,3493.58
Copy of IMG00431.JPG,conductor,1,0.0751,1465.7,2789.06,2984.32,3829.1
Copy of IMG00431.JPG,conductor,1,0.0715,8985.25,5817.45,9504.0,6336.0
Copy of IMG00431.JPG,insulator,2,0.0698,5906.46,4599.65,6494.13,4975.1
Copy of IMG00431.JPG,conductor,1,0.068,3495.17,2430.52,5186.23,3114.49
Copy of IMG00431.JPG,conductor,1,0.0667,4310.18,3380.85,5236.2,3874.34
Copy of IMG00431.JPG,conductor,1,0.0663,1.31,1798.65,477.57,2718.17
Copy of IMG00431.JPG,conductor,1,0.0598,0.0,855.78,1240.85,1422.27
Copy of IMG00431.JPG,conductor,1,0.0579,16.11,895.86,1468.35,1486.51
Copy of IMG00431.JPG,conductor,1,0.0564,0.49,1698.4,262.15,2507.95
Copy of IMG00431.JPG,insulator,2,0.0539,5480.72,4117.85,5908.71,4443.06
Copy of IMG00107.JPG,insulator,2,0.7912,3473.5,4683.41,3890.71,5141.47
Copy of IMG00107.JPG,pylon,0,0.7134,4918.49,0.0,5586.74,4297.06
Copy of IMG00107.JPG,conductor,1,0.3789,8769.58,5375.73,9494.69,6234.21
Copy of IMG00107.JPG,conductor,1,0.207,7916.04,4161.48,9089.2,5380.45
Copy of IMG00107.JPG,conductor,1,0.1787,8624.93,5202.01,9488.13,6206.4
Copy of IMG00107.JPG,conductor,1,0.159,5562.84,447.78,6446.51,1282.52
Copy of IMG00107.JPG,conductor,1,0.147,3256.97,5270.58,3684.4,6234.45
Copy of IMG00107.JPG,insulator,2,0.1352,3985.93,4491.45,4391.22,4825.38
Copy of IMG00107.JPG,conductor,1,0.1222,7801.25,4031.03,8955.05,5150.18
Copy of IMG00107.JPG,conductor,1,0.1159,6005.34,1446.34,7119.51,2307.64
Copy of IMG00107.JPG,conductor,1,0.1066,7232.03,3239.28,8362.18,4309.4
Copy of IMG00107.JPG,conductor,1,0.0867,7281.86,3268.95,8513.78,4514.4
Copy of IMG00107.JPG,conductor,1,0.0829,7156.19,3062.36,8191.75,4118.85
Copy of IMG00107.JPG,conductor,1,0.081,9042.26,3885.23,9504.0,5103.61
Copy of IMG00107.JPG,conductor,1,0.0768,8076.19,4266.52,9254.5,5544.53
Copy of IMG00107.JPG,conductor,1,0.0745,8369.69,4979.24,9485.35,6197.95
Copy of IMG00107.JPG,conductor,1,0.0686,3279.45,5325.06,3705.46,6060.0
Copy of IMG00107.JPG,conductor,1,0.0659,6620.62,2248.2,7727.59,3247.72
Copy of IMG00107.JPG,conductor,1,0.0637,5919.81,1273.8,7074.49,2235.6
Copy of IMG00107.JPG,conductor,1,0.0623,3354.23,5265.97,3650.97,5678.78
Copy of IMG00107.JPG,pylon,0,0.0589,4975.42,952.5,5540.53,4254.84
Copy of IMG00107.JPG,conductor,1,0.0585,5535.14,319.31,6382.2,1155.82
Copy of IMG00107.JPG,conductor,1,0.0526,6504.75,2112.26,7614.28,3143.03
Copy of IMG00107.JPG,conductor,1,0.0506,7157.98,4580.14,8068.63,6189.28
Copy of IMG00107.JPG,conductor,1,0.0504,7691.22,3900.7,8794.19,4887.81
Copy of IMG00142.JPG,insulator,2,0.7261,4703.77,2627.53,5014.7,2953.31
Copy of IMG00142.JPG,insulator,2,0.6788,3998.47,2539.87,4343.09,2838.5
Copy of IMG00142.JPG,insulator,2,0.6738,4375.29,2137.71,4734.91,2469.16
Copy of IMG00142.JPG,insulator,2,0.6413,4865.93,2188.33,5213.9,2521.57
Copy of IMG00142.JPG,conductor,1,0.5865,5145.94,2945.87,5720.57,3413.28
Copy of IMG00142.JPG,conductor,1,0.5247,4866.41,3403.71,5517.67,3994.07
Copy of IMG00142.JPG,insulator,2,0.5036,3946.68,3036.3,4278.26,3290.35
Copy of IMG00142.JPG,conductor,1,0.4768,7864.91,4815.05,8604.03,5361.08
Copy of IMG00142.JPG,conductor,1,0.4051,5992.09,4339.31,6938.63,4943.68
Copy of IMG00142.JPG,conductor,1,0.3949,6329.96,3838.58,7171.52,4357.21
Copy of IMG00142.JPG,conductor,1,0.3888,6948.23,5013.94,7912.44,5620.85
Copy of IMG00142.JPG,insulator,2,0.387,4416.25,3074.57,4773.49,3376.35
Copy of IMG00142.JPG,conductor,1,0.3859,5339.76,2522.39,6042.22,3005.96
Copy of IMG00142.JPG,conductor,1,0.3717,5219.73,3803.31,6087.57,4399.86
Copy of IMG00142.JPG,conductor,1,0.3594,8275.25,5857.92,9005.93,6304.65
Copy of IMG00142.JPG,insulator,2,0.3459,4325.74,2534.24,4542.62,2779.55
Copy of IMG00142.JPG,conductor,1,0.3044,6634.48,3385.83,7818.29,4042.24
Copy of IMG00142.JPG,insulator,2,0.2966,4015.34,2537.18,4488.52,2819.68
Copy of IMG00142.JPG,conductor,1,0.2791,8933.66,5476.69,9503.29,6077.73
Copy of IMG00142.JPG,conductor,1,0.279,8186.08,4417.19,9089.44,4943.66
Copy of IMG00142.JPG,pylon,0,0.2535,4270.47,3413.68,4741.69,6331.51
Copy of IMG00142.JPG,conductor,1,0.2437,7628.76,4044.62,8680.88,4622.7
Copy of IMG00142.JPG,conductor,1,0.2137,8178.1,5777.4,8960.01,6286.58
Copy of IMG00142.JPG,conductor,1,0.2114,6206.43,3780.98,7069.23,4338.3
Copy of IMG00142.JPG,conductor,1,0.2107,7757.04,4760.42,8548.58,5306.09
Copy of IMG00142.JPG,conductor,1,0.2093,7912.65,4876.1,8660.15,5436.36
Copy of IMG00142.JPG,conductor,1,0.2054,5544.16,3246.92,6163.32,3759.42
Copy of IMG00142.JPG,conductor,1,0.1979,4934.88,3498.77,5632.24,4064.26
Copy of IMG00142.JPG,conductor,1,0.1813,7034.32,5081.57,7962.49,5701.87
Copy of IMG00142.JPG,conductor,1,0.1759,7465.45,3927.6,8513.08,4535.84
Copy of IMG00142.JPG,conductor,1,0.1746,7654.5,5446.51,8462.5,6019.92
Copy of IMG00142.JPG,conductor,1,0.1738,5264.08,3884.88,6153.63,4460.82
Copy of IMG00142.JPG,conductor,1,0.1665,8426.57,5933.59,9061.43,6326.17
Copy of IMG00142.JPG,conductor,1,0.1635,4827.53,3358.11,5428.75,3892.63
Copy of IMG00142.JPG,conductor,1,0.1625,5174.23,2999.69,5805.27,3500.22
Copy of IMG00142.JPG,conductor,1,0.1574,5021.23,3572.72,5768.89,4173.71
Copy of IMG00142.JPG,conductor,1,0.1495,5914.63,3544.29,6583.48,4035.43
Copy of IMG00142.JPG,conductor,1,0.1473,5839.62,4248.15,6894.01,4884.29
Copy of IMG00142.JPG,conductor,1,0.1472,5866.37,2865.98,6931.24,3473.34
Copy of IMG00142.JPG,conductor,1,0.1447,8498.1,5223.53,9200.36,5722.81
Copy of IMG00142.JPG,conductor,1,0.1417,7315.85,4464.08,7958.35,4956.96
Copy of IMG00142.JPG,conductor,1,0.1396,6723.38,4788.05,7573.39,5437.97
Copy of IMG00142.JPG,conductor,1,0.1376,8888.76,4830.38,9498.21,5373.16
Copy of IMG00142.JPG,conductor,1,0.1371,6830.23,4158.69,7655.98,4708.09
Copy of IMG00142.JPG,conductor,1,0.1344,8234.43,5128.63,9118.69,5651.38
Copy of IMG00142.JPG,conductor,1,0.1318,7189.77,4361.45,7880.33,4835.79
Copy of IMG00142.JPG,conductor,1,0.1279,8759.82,4757.7,9503.31,5328.79
Copy of IMG00142.JPG,conductor,1,0.1273,7382.4,3854.28,8398.72,4419.09
Copy of IMG00142.JPG,conductor,1,0.1245,6812.51,4864.82,7757.2,5512.06
Copy of IMG00142.JPG,conductor,1,0.1244,8160.39,5058.26,8983.54,5608.31
Copy of IMG00142.JPG,conductor,1,0.1219,6129.51,4404.68,7055.36,5000.15
Copy of IMG00142.JPG,conductor,1,0.1187,5747.89,2797.55,6761.82,3419.44
Copy of IMG00142.JPG,conductor,1,0.1159,5684.96,2739.28,6591.13,3296.61
Copy of IMG00142.JPG,conductor,1,0.1147,8091.14,5012.47,8868.52,5554.31
Copy of IMG00142.JPG,conductor,1,0.1146,6838.08,3515.76,8044.39,4174.78
Copy of IMG00142.JPG,conductor,1,0.1122,7003.2,4273.7,7710.84,4776.46
Copy of IMG00142.JPG,conductor,1,0.1106,8627.1,4680.51,9464.98,5237.65
Copy of IMG00142.JPG,conductor,1,0.1062,8265.76,4475.44,9218.61,5069.99
Copy of IMG00142.JPG,conductor,1,0.1051,8774.33,5452.65,9504.0,5965.93
Copy of IMG00142.JPG,conductor,1,0.1041,6453.97,3294.68,7724.39,3935.35
Copy of IMG00142.JPG,conductor,1,0.1041,6564.53,4708.88,7441.27,5282.63
Copy of IMG00142.JPG,conductor,1,0.1025,7593.38,4652.03,8444.43,5214.6
Copy of IMG00142.JPG,conductor,1,0.1002,8067.57,5710.32,8882.54,6257.56
Copy of IMG00142.JPG,conductor,1,0.0974,8009.31,4934.82,8824.78,5513.56
Copy of IMG00142.JPG,conductor,1,0.0961,8371.01,4537.57,9325.11,5130.9
Copy of IMG00142.JPG,conductor,1,0.0953,7854.94,5556.0,8709.9,6160.34
Copy of IMG00142.JPG,conductor,1,0.0913,7454.98,5368.55,8393.73,5945.74
Copy of IMG00142.JPG,conductor,1,0.0903,8992.03,5540.79,9504.0,6186.67
Copy of IMG00142.JPG,conductor,1,0.0899,6454.27,3894.14,7288.45,4456.47
Copy of IMG00142.JPG,conductor,1,0.0899,5153.12,3704.92,5948.82,4339.34
Copy of IMG00142.JPG,conductor,1,0.0881,5963.29,2898.74,7000.98,3583.73
Copy of IMG00142.JPG,conductor,1,0.087,7947.64,5622.25,8787.31,6225.1
Copy of IMG00142.JPG,conductor,1,0.0858,7300.34,5246.91,8244.47,5861.65
Copy of IMG00142.JPG,conductor,1,0.0853,9024.27,4876.75,9504.0,5489.93
Copy of IMG00142.JPG,conductor,1,0.0813,8476.28,4608.77,9414.45,5191.98
Copy of IMG00142.JPG,conductor,1,0.0805,8039.49,4332.47,9106.16,4918.24
Copy of IMG00142.JPG,conductor,1,0.0802,5090.52,3607.92,5870.56,4253.57
Copy of IMG00142.JPG,conductor,1,0.0762,4789.71,3324.3,5278.71,3812.61
Copy of IMG00142.JPG,conductor,1,0.0753,5332.11,3142.12,6085.46,3683.64
Copy of IMG00142.JPG,conductor,1,0.074,5115.4,2889.57,5568.77,3328.01
Copy of IMG00142.JPG,conductor,1,0.0734,6008.84,3615.72,6910.31,4231.3
Copy of IMG00142.JPG,conductor,1,0.0712,5244.42,3052.24,5896.76,3585.02
Copy of IMG00142.JPG,conductor,1,0.0686,7820.37,4196.33,8883.08,4776.82
Copy of IMG00142.JPG,conductor,1,0.0679,8689.99,5379.58,9503.04,5889.02
Copy of IMG00142.JPG,conductor,1,0.0676,5748.59,3430.98,6545.95,3978.64
Copy of IMG00142.JPG,conductor,1,0.0657,6366.18,4627.82,7390.12,5205.16
Copy of IMG00142.JPG,conductor,1,0.064,6709.35,4064.9,7543.16,4654.22
Copy of IMG00142.JPG,conductor,1,0.0626,5435.51,2631.89,6488.25,3250.71
Copy of IMG00142.JPG,conductor,1,0.0622,5708.78,3387.75,6409.84,3876.99
Copy of IMG00142.JPG,conductor,1,0.061,5564.75,3277.45,6310.26,3856.56
Copy of IMG00142.JPG,conductor,1,0.0603,4750.07,3278.96,5118.59,3686.26
Copy of IMG00142.JPG,conductor,1,0.0602,7490.6,4593.4,8343.88,5146.28
Copy of IMG00142.JPG,conductor,1,0.0593,7414.82,4555.65,8238.48,5089.71
Copy of IMG00142.JPG,conductor,1,0.059,5355.49,3952.6,6268.07,4521.12
Copy of IMG00142.JPG,conductor,1,0.0583,8603.88,5292.5,9416.12,5846.84
Copy of IMG00142.JPG,conductor,1,0.0582,5920.17,3547.77,6744.24,4133.56
Copy of IMG00142.JPG,conductor,1,0.0579,9213.82,5013.09,9502.95,5537.81
Copy of IMG00142.JPG,conductor,1,0.0563,7206.97,3680.5,8213.73,4318.5
Copy of IMG00142.JPG,conductor,1,0.0534,6625.96,4004.22,7435.24,4586.82
Copy of IMG00142.JPG,conductor,1,0.0528,6113.53,3715.15,6971.44,4265.1
Copy of IMG00142.JPG,conductor,1,0.0524,5769.27,4193.4,6802.9,4791.49
Copy of IMG00142.JPG,conductor,1,0.0523,7358.02,4484.28,8125.06,5028.99
Copy of IMG00142.JPG,conductor,1,0.0519,7168.53,5157.56,8168.25,5822.89
Copy of IMG00142.JPG,conductor,1,0.0519,9099.6,4963.36,9503.71,5515.45
Copy of IMG00065.JPG,conductor,1,0.6309,3689.93,4515.0,4957.95,6210.47
Copy of IMG00065.JPG,insulator,2,0.547,5002.71,3500.93,5451.09,3918.84
Copy of IMG00065.JPG,insulator,2,0.4775,4345.65,2907.27,4742.5,3329.75
Copy of IMG00065.JPG,conductor,1,0.4721,5576.01,2969.49,7533.18,3735.97
Copy of IMG00065.JPG,conductor,1,0.3298,2171.02,3022.86,4108.96,3880.79
Copy of IMG00065.JPG,conductor,1,0.3268,8044.23,1676.82,9429.2,2222.48
Copy of IMG00065.JPG,conductor,1,0.2863,6924.61,1928.78,8380.19,2528.23
Copy of IMG00065.JPG,conductor,1,0.2788,2426.96,2994.04,4211.68,3767.99
Copy of IMG00065.JPG,conductor,1,0.2603,1361.19,3511.82,2710.12,4191.89
Copy of IMG00065.JPG,insulator,2,0.245,4871.86,2829.77,5205.42,3172.84
Copy of IMG00065.JPG,conductor,1,0.2413,8853.77,2118.32,9503.2,2833.99
Copy of IMG00065.JPG,conductor,1,0.2309,7170.16,2551.07,9170.82,3282.96
Copy of IMG00065.JPG,conductor,1,0.229,7503.15,2488.68,9117.77,3215.54
Copy of IMG00065.JPG,conductor,1,0.2184,1773.96,4091.69,3740.77,5130.17
Copy of IMG00065.JPG,conductor,1,0.1925,5548.62,2136.54,7358.76,2789.5
Copy of IMG00065.JPG,insulator,2,0.1618,4833.19,2842.16,5180.43,3280.29
Copy of IMG00065.JPG,conductor,1,0.1604,6451.11,1967.55,8308.32,2605.59
Copy of IMG00065.JPG,conductor,1,0.1586,0.94,4111.26,930.2,4850.82
Copy of IMG00065.JPG,conductor,1,0.1363,1051.6,3532.64,2620.38,4234.81
Copy of IMG00065.JPG,conductor,1,0.1336,2264.02,4007.35,3861.53,4959.29
Copy of IMG00065.JPG,conductor,1,0.1298,0.26,4168.75,827.86,5011.67
Copy of IMG00065.JPG,conductor,1,0.1215,8280.43,1748.1,9435.17,2170.17
Copy of IMG00065.JPG,conductor,1,0.1177,120.72,3810.76,1750.62,4550.53
Copy of IMG00065.JPG,conductor,1,0.101,622.97,4511.19,2361.95,5508.73
Copy of IMG00065.JPG,conductor,1,0.0975,142.17,4806.71,1592.78,5686.82
Copy of IMG00065.JPG,conductor,1,0.0917,5379.71,2229.68,7176.67,2903.65
Copy of IMG00065.JPG,conductor,1,0.0909,9039.02,2062.09,9504.0,2798.16
Copy of IMG00065.JPG,conductor,1,0.0902,8274.82,1493.94,9499.84,2149.19
Copy of IMG00065.JPG,conductor,1,0.0837,5992.89,2040.62,7873.1,2720.32
Copy of IMG00065.JPG,conductor,1,0.0825,8804.01,2349.7,9501.4,2849.85
Copy of IMG00065.JPG,conductor,1,0.0802,1532.96,4219.13,3413.19,5173.23
Copy of IMG00065.JPG,conductor,1,0.0755,1863.15,3103.4,3864.55,3950.84
Copy of IMG00065.JPG,conductor,1,0.0754,30.86,3929.44,1595.87,4649.27
Copy of IMG00065.JPG,conductor,1,0.0742,7329.1,2004.41,8478.98,2462.33
Copy of IMG00065.JPG,conductor,1,0.0681,389.21,3672.93,2063.28,4454.42
Copy of IMG00065.JPG,conductor,1,0.0655,2516.3,3969.98,3947.51,4835.4
Copy of IMG00065.JPG,conductor,1,0.0617,6922.09,2640.53,8451.26,3365.51
Copy of IMG00065.JPG,conductor,1,0.0602,8466.94,1714.76,9484.22,2115.08
Copy of IMG00065.JPG,conductor,1,0.0593,8496.45,2256.25,9499.55,2954.75
Copy of IMG00065.JPG,conductor,1,0.0584,7058.91,2026.56,8322.79,2478.93
Copy of IMG00065.JPG,conductor,1,0.0566,0.0,4092.56,1129.99,4613.67
Copy of IMG00065.JPG,conductor,1,0.0561,1.04,4150.76,1003.02,4692.72
Copy of IMG00065.JPG,conductor,1,0.0558,1.26,5449.03,179.85,6229.76
Copy of IMG00065.JPG,conductor,1,0.0554,7051.36,2600.05,8781.88,3307.86
Copy of IMG00065.JPG,conductor,1,0.0551,7637.54,1698.77,9332.67,2300.39
Copy of IMG00065.JPG,conductor,1,0.0541,568.14,3577.55,2512.77,4374.94
Copy of IMG00065.JPG,conductor,1,0.053,8081.82,1791.89,9311.17,2186.66
Copy of IMG00065.JPG,insulator,2,0.0523,4865.41,2865.39,5201.02,3381.11
Copy of IMG00065.JPG,conductor,1,0.0504,6769.76,2695.91,8215.74,3475.47
Copy of IMG00480.JPG,pylon,0,0.798,4582.09,2806.27,4992.56,4975.15
Copy of IMG00480.JPG,conductor,1,0.3654,5520.16,3412.08,9504.0,4336.7
Copy of IMG00480.JPG,conductor,1,0.2628,3748.87,2988.65,4525.34,4382.35
Copy of IMG00480.JPG,conductor,1,0.2174,5623.33,3232.96,9504.0,4009.12
Copy of IMG00480.JPG,conductor,1,0.1425,5521.34,3617.57,9504.0,4644.23
Copy of IMG00480.JPG,conductor,1,0.1341,5405.05,3333.71,9504.0,4104.26
Copy of IMG00480.JPG,insulator,2,0.1253,5069.25,2753.49,5269.13,2969.69
Copy of IMG00480.JPG,conductor,1,0.0791,5920.67,122.34,6311.28,954.79
Copy of IMG00480.JPG,conductor,1,0.0575,6006.44,2224.83,9503.74,2802.63
Copy of IMG00480.JPG,conductor,1,0.0524,0.84,1909.44,1249.08,3016.43
Copy of IMG03511.JPG,pylon,0,0.4767,5505.54,1900.7,5840.15,4555.04
Copy of IMG03511.JPG,insulator,2,0.1496,5716.17,1790.46,5922.62,2041.83
Copy of IMG03511.JPG,conductor,1,0.0882,7215.14,592.03,8726.19,1025.06
Copy of IMG03511.JPG,conductor,1,0.0793,7264.15,647.05,8334.02,986.38
Copy of IMG03511.JPG,insulator,2,0.0758,5736.55,2575.07,5919.15,2796.28
Copy of IMG03511.JPG,conductor,1,0.064,435.9,3287.44,2174.15,3699.49
Copy of IMG03511.JPG,conductor,1,0.0624,6.2,3475.59,662.68,3808.61
Copy of IMG03511.JPG,conductor,1,0.0596,3927.87,2283.14,4744.99,2708.62
Copy of IMG03511.JPG,insulator,2,0.0535,5764.16,2173.22,5920.34,2393.39
Copy of IMG00113.JPG,insulator,2,0.8602,4328.55,1377.78,4708.39,1698.4
Copy of IMG00113.JPG,conductor,1,0.8061,5686.44,3777.87,6439.17,4764.48
Copy of IMG00113.JPG,insulator,2,0.8055,3670.71,1473.58,4015.59,1788.11
Copy of IMG00113.JPG,pylon,0,0.776,4352.62,2360.76,4979.66,6286.92
Copy of IMG00113.JPG,insulator,2,0.7639,3877.72,1793.54,4213.13,2062.72
Copy of IMG00113.JPG,insulator,2,0.7185,5034.67,1323.26,5387.21,1646.2
Copy of IMG00113.JPG,conductor,1,0.5691,5366.31,4808.67,6204.11,6299.93
Copy of IMG00113.JPG,conductor,1,0.4503,4893.42,2280.97,5328.5,2811.64
Copy of IMG00113.JPG,insulator,2,0.3931,4623.04,1766.02,4877.27,2015.34
Copy of IMG00113.JPG,conductor,1,0.3746,6403.55,3632.44,7515.57,4973.54
Copy of IMG00113.JPG,conductor,1,0.3468,5409.19,2009.0,6108.81,2722.71
Copy of IMG00113.JPG,insulator,2,0.301,5230.57,1614.04,5532.44,1912.46
Copy of IMG00113.JPG,conductor,1,0.2959,4900.25,2315.1,5420.18,2936.01
Copy of IMG00113.JPG,pylon,0,0.1623,4299.53,2351.1,5256.78,6294.08
Copy of IMG00113.JPG,pylon,0,0.1486,4382.72,2326.19,4875.26,4761.26
Copy of IMG00113.JPG,pylon,0,0.1458,4384.34,2977.73,4898.48,6282.73
Copy of IMG00113.JPG,conductor,1,0.1006,4944.79,3204.78,5361.28,6284.38
Copy of IMG00113.JPG,insulator,2,0.0932,4636.14,1775.27,4912.13,2056.42
Copy of IMG00113.JPG,insulator,2,0.0845,4441.26,1977.43,4652.68,2165.64
Copy of IMG00113.JPG,conductor,1,0.0714,7325.34,5460.4,8280.08,6199.96
Copy of IMG00113.JPG,conductor,1,0.0535,4869.85,2242.47,5261.31,2672.08
Copy of IMG03397.JPG,pylon,0,0.8486,5124.27,3136.76,5820.13,6275.08
Copy of IMG03397.JPG,insulator,2,0.795,7049.0,3186.86,7376.76,3530.79
Copy of IMG03397.JPG,insulator,2,0.7872,5846.88,2832.06,6168.23,3180.74
Copy of IMG03397.JPG,insulator,2,0.7703,4701.88,2457.38,5031.81,2801.36
Copy of IMG03397.JPG,conductor,1,0.7435,4148.17,5192.03,5039.74,6278.94
Copy of IMG03397.JPG,pylon,0,0.6964,6010.16,3727.26,6821.51,6299.26
Copy of IMG03397.JPG,insulator,2,0.6941,6164.78,2297.04,6457.35,2602.64
Copy of IMG03397.JPG,conductor,1,0.5013,3400.68,3629.09,4547.39,4663.93
Copy of IMG03397.JPG,insulator,2,0.4983,7329.03,2659.42,7596.45,2939.84
Copy of IMG03397.JPG,conductor,1,0.2061,2645.84,4615.48,3980.02,5654.25
Copy of IMG03397.JPG,conductor,1,0.1434,4442.98,4760.53,5144.15,5545.63
Copy of IMG03397.JPG,conductor,1,0.1257,5982.35,3797.18,6789.55,6281.04
Copy of IMG03397.JPG,conductor,1,0.1249,5180.05,1681.03,5668.73,2009.5
Copy of IMG03397.JPG,conductor,1,0.1129,4624.58,4613.77,5239.29,5414.64
Copy of IMG03397.JPG,conductor,1,0.0942,1.94,3867.38,518.01,4260.13
Copy of IMG03397.JPG,insulator,2,0.092,5008.9,1986.18,5348.31,2259.52
Copy of IMG03397.JPG,conductor,1,0.077,4328.37,4789.9,5143.73,5879.4
Copy of IMG03397.JPG,conductor,1,0.0753,42.55,3917.05,1163.25,4419.17
Copy of IMG03397.JPG,conductor,1,0.0679,5395.14,1121.16,6107.34,1612.32
Copy of IMG03397.JPG,conductor,1,0.0669,2.02,3814.95,392.21,4233.43
Copy of IMG03397.JPG,insulator,2,0.0627,9181.34,1414.16,9504.0,1978.2
Copy of IMG03397.JPG,conductor,1,0.0574,6068.63,3742.31,6990.86,6275.97
Copy of IMG03397.JPG,conductor,1,0.0558,5415.17,992.07,6180.76,1653.92
Copy of IMG03397.JPG,conductor,1,0.054,4129.05,5455.5,4932.28,6266.87
Copy of IMG03397.JPG,conductor,1,0.052,2646.93,5006.57,3928.56,5829.83
Copy of IMG03493.JPG,pylon,0,0.9608,5028.28,3725.35,5755.65,6283.97
Copy of IMG03493.JPG,insulator,2,0.8787,6852.61,4406.83,7351.02,4867.15
Copy of IMG03493.JPG,insulator,2,0.8689,4116.94,3792.53,4578.67,4155.42
Copy of IMG03493.JPG,conductor,1,0.83,1980.91,3955.41,4004.08,4932.67
Copy of IMG03493.JPG,insulator,2,0.7572,4609.45,2280.14,5120.1,2738.5
Copy of IMG03493.JPG,insulator,2,0.7235,4752.57,5153.72,5187.47,5519.33
Copy of IMG03493.JPG,conductor,1,0.6621,2230.36,5582.01,3847.05,6253.29
Copy of IMG03493.JPG,conductor,1,0.5841,7338.29,3765.76,9467.54,4753.95
Copy of IMG03493.JPG,insulator,2,0.563,6321.7,3139.84,6717.86,3501.52
Copy of IMG03493.JPG,insulator,2,0.5292,6070.47,2956.86,6441.24,3505.5
Copy of IMG03493.JPG,conductor,1,0.5058,802.59,4506.81,2390.22,5305.07
Copy of IMG03493.JPG,insulator,2,0.4965,4892.12,2843.06,5303.93,3204.23
Copy of IMG03493.JPG,conductor,1,0.4912,1.62,4930.84,960.42,6285.64
Copy of IMG03493.JPG,conductor,1,0.4442,7710.83,3729.38,9472.79,4481.51
Copy of IMG03493.JPG,conductor,1,0.4105,3.53,3478.62,1788.57,4217.78
Copy of IMG03493.JPG,conductor,1,0.4038,7659.92,1279.45,9206.07,1750.7
Copy of IMG03493.JPG,conductor,1,0.3901,8608.21,2333.58,9502.73,2725.49
Copy of IMG03493.JPG,insulator,2,0.3242,6045.94,4598.54,6386.64,4904.69
Copy of IMG03493.JPG,insulator,2,0.3205,3728.9,2642.06,4187.02,2950.04
Copy of IMG03493.JPG,conductor,1,0.2931,7032.61,2616.83,8800.83,3307.25
Copy of IMG03493.JPG,conductor,1,0.2876,6133.0,1595.51,8169.47,2224.53
Copy of IMG03493.JPG,conductor,1,0.2805,6157.02,1707.42,7379.7,2271.07
Copy of IMG03493.JPG,insulator,2,0.264,6121.96,2989.5,6555.42,3509.05
Copy of IMG03493.JPG,conductor,1,0.2522,0.0,4938.25,971.2,5785.47
Copy of IMG03493.JPG,conductor,1,0.2406,8379.99,2303.08,9504.0,2794.82
Copy of IMG03493.JPG,insulator,2,0.2321,5135.42,3386.42,5580.68,3703.44
Copy of IMG03493.JPG,conductor,1,0.2269,0.0,3671.91,1105.6,4026.45
Copy of IMG03493.JPG,conductor,1,0.2068,0.0,3518.59,1584.68,4385.71
Copy of IMG03493.JPG,conductor,1,0.1985,8659.1,1182.03,9502.07,1524.7
Copy of IMG03493.JPG,conductor,1,0.1864,2889.33,2641.29,4206.84,3139.95
Copy of IMG03493.JPG,conductor,1,0.1819,7692.97,1195.47,9430.23,1723.17
Copy of IMG03493.JPG,conductor,1,0.1693,6360.8,1614.03,8166.17,2016.56
Copy of IMG03493.JPG,conductor,1,0.1681,8427.87,2112.99,9502.69,2762.88
Copy of IMG03493.JPG,insulator,2,0.1655,5761.24,2091.2,6134.0,2427.49
Copy of IMG03493.JPG,conductor,1,0.1534,2057.53,5637.72,3650.3,6297.92
Copy of IMG03493.JPG,insulator,2,0.1471,5232.52,2155.21,5653.71,2527.32
Copy of IMG03493.JPG,conductor,1,0.1468,1218.58,3864.96,3974.77,5114.22
Copy of IMG03493.JPG,insulator,2,0.1452,5722.67,2421.79,6256.59,2968.72
Copy of IMG03493.JPG,conductor,1,0.138,6791.54,1597.94,8345.9,1985.8
Copy of IMG03493.JPG,insulator,2,0.1377,6251.8,3044.3,6648.91,3506.85
Copy of IMG03493.JPG,conductor,1,0.1345,7891.86,1101.06,9503.6,1552.37
Copy of IMG03493.JPG,conductor,1,0.1334,7603.63,1357.76,8807.62,1761.4
Copy of IMG03493.JPG,conductor,1,0.1228,2893.25,2733.52,4026.42,3088.35
Copy of IMG03493.JPG,insulator,2,0.1201,3609.87,2632.25,4207.32,2981.41
Copy of IMG03493.JPG,conductor,1,0.1163,7847.93,1264.61,9306.82,1670.9
Copy of IMG03493.JPG,insulator,2,0.1148,5943.76,2996.2,6396.39,3514.0
Copy of IMG03493.JPG,conductor,1,0.1124,9030.08,3345.3,9503.77,4098.52
Copy of IMG03493.JPG,insulator,2,0.1091,5754.71,3066.17,6178.79,3514.38
Copy of IMG03493.JPG,conductor,1,0.0958,8194.4,1213.39,9504.0,1568.81
Copy of IMG03493.JPG,conductor,1,0.0916,99.5,3551.55,1611.97,3865.96
Copy of IMG03493.JPG,conductor,1,0.0915,8590.22,1066.47,9502.17,1529.79
Copy of IMG03493.JPG,insulator,2,0.0912,6392.6,3143.17,6766.1,3485.56
Copy of IMG03493.JPG,conductor,1,0.0899,7294.14,4049.18,8491.46,4811.64
Copy of IMG03493.JPG,insulator,2,0.0894,4034.22,3812.08,4528.1,4184.48
Copy of IMG03493.JPG,conductor,1,0.0819,795.28,4200.73,3641.04,5334.12
Copy of IMG03493.JPG,conductor,1,0.0796,9099.26,3222.09,9504.0,4033.1
Copy of IMG03493.JPG,conductor,1,0.0795,1922.55,3109.98,2956.01,3447.78
Copy of IMG03493.JPG,conductor,1,0.0774,8744.99,2291.8,9502.28,2673.73
Copy of IMG03493.JPG,conductor,1,0.0763,0.0,3695.86,940.08,4105.71
Copy of IMG03493.JPG,conductor,1,0.0682,7525.62,1417.13,8611.6,1778.34
Copy of IMG03493.JPG,insulator,2,0.0681,5677.01,2473.4,6175.86,2985.8
Copy of IMG03493.JPG,conductor,1,0.0676,1286.71,3295.19,2216.13,3614.03
Copy of IMG03493.JPG,conductor,1,0.0663,8857.3,2362.83,9504.0,2710.39
Copy of IMG03493.JPG,conductor,1,0.0653,1344.98,3241.93,2515.83,3525.05
Copy of IMG03493.JPG,conductor,1,0.0644,3126.22,2624.32,4211.39,3038.06
Copy of IMG03493.JPG,conductor,1,0.0631,8910.76,3459.75,9504.0,4176.4
Copy of IMG03493.JPG,conductor,1,0.0605,7239.66,3956.85,9191.91,4797.33
Copy of IMG03493.JPG,insulator,2,0.0599,5706.84,4781.44,6013.31,5022.27
Copy of IMG03493.JPG,conductor,1,0.0596,1606.73,3237.16,2611.06,3504.33
Copy of IMG03493.JPG,conductor,1,0.0574,8685.31,1885.2,9500.0,2716.82
Copy of IMG03493.JPG,conductor,1,0.0563,1818.08,3152.74,2839.42,3501.73
Copy of IMG03493.JPG,insulator,2,0.0562,5506.78,3051.33,5824.96,3376.02
Copy of IMG03493.JPG,conductor,1,0.0558,2835.71,2691.15,4005.07,3267.99
Copy of IMG03493.JPG,conductor,1,0.0554,1.64,3589.01,1469.59,3914.51
Copy of IMG03493.JPG,conductor,1,0.0547,8259.99,772.0,9502.07,1514.61
Copy of IMG03493.JPG,conductor,1,0.0526,1290.94,3349.43,2113.31,3649.88
Copy of IMG03493.JPG,conductor,1,0.0524,9140.5,2894.76,9504.0,3988.44
Copy of IMG03493.JPG,conductor,1,0.0519,0.0,5201.53,383.77,6272.25
Copy of IMG03493.JPG,conductor,1,0.0502,7245.85,1479.29,8551.15,1811.29
Copy of IMG03401.JPG,pylon,0,0.8937,4678.56,4642.0,5447.85,6304.56
Copy of IMG03401.JPG,conductor,1,0.8796,6182.99,4523.75,7820.23,6300.14
Copy of IMG03401.JPG,conductor,1,0.7437,3380.43,4976.99,4340.05,5913.7
Copy of IMG03401.JPG,insulator,2,0.7237,4273.55,4436.26,4703.06,4913.43
Copy of IMG03401.JPG,conductor,1,0.6877,8665.94,5427.14,9500.69,6329.06
Copy of IMG03401.JPG,insulator,2,0.6602,6638.91,3007.63,7097.02,3525.1
Copy of IMG03401.JPG,conductor,1,0.5915,7743.76,5439.71,8450.49,6334.58
Copy of IMG03401.JPG,conductor,1,0.5721,6157.05,4474.38,7592.96,5940.45
Copy of IMG03401.JPG,insulator,2,0.3762,5787.31,4051.63,6127.71,4473.52
Copy of IMG03401.JPG,insulator,2,0.334,4704.24,2630.31,5140.64,3133.81
Copy of IMG03401.JPG,pylon,0,0.2462,4644.04,5275.84,5442.61,6303.72
Copy of IMG03401.JPG,conductor,1,0.2139,7552.33,4079.88,8715.26,5472.63
Copy of IMG03401.JPG,insulator,2,0.1838,5659.83,3781.79,6101.16,4312.53
Copy of IMG03401.JPG,insulator,2,0.1748,5641.6,3770.82,6048.41,4168.18
Copy of IMG03401.JPG,conductor,1,0.169,5447.62,5224.8,6342.49,6300.98
Copy of IMG03401.JPG,insulator,2,0.1592,8317.89,1980.03,8658.25,2245.41
Copy of IMG03401.JPG,insulator,2,0.1465,4895.07,4124.63,5265.85,4589.36
Copy of IMG03401.JPG,insulator,2,0.126,5738.14,3915.42,6099.91,4454.17
Copy of IMG03401.JPG,insulator,2,0.1176,4329.57,2893.77,4590.37,3190.18
Copy of IMG03401.JPG,insulator,2,0.1136,8448.59,2403.71,9090.58,3069.98
Copy of IMG03401.JPG,conductor,1,0.1078,7164.84,3670.08,7942.13,4654.17
Copy of IMG03401.JPG,conductor,1,0.0889,1990.97,187.6,3390.18,1594.11
Copy of IMG03401.JPG,conductor,1,0.0866,2662.04,5576.39,3638.38,6297.26
Copy of IMG03401.JPG,insulator,2,0.0816,4596.9,4897.36,4875.92,5154.0
Copy of IMG03401.JPG,insulator,2,0.0766,5610.92,3749.06,5955.75,4153.68
Copy of IMG03401.JPG,insulator,2,0.0766,5245.15,3923.23,5594.39,4245.49
Copy of IMG03401.JPG,conductor,1,0.074,7274.14,3709.24,8644.57,5398.54
Copy of IMG03401.JPG,conductor,1,0.0654,5469.06,5161.96,6206.87,5972.11
Copy of IMG03401.JPG,insulator,2,0.0645,4314.84,4528.87,4739.74,4919.72
Copy of IMG03401.JPG,insulator,2,0.0643,5557.68,3729.8,5855.84,3987.99
Copy of IMG03401.JPG,conductor,1,0.0633,3242.37,4959.29,4330.3,6140.27
Copy of IMG03401.JPG,conductor,1,0.0606,7196.69,3680.49,8106.48,4868.07
Copy of IMG03401.JPG,conductor,1,0.06,5045.05,277.93,6606.64,1870.15
Copy of IMG03401.JPG,insulator,2,0.0575,5569.54,3743.11,5905.46,4057.28
Copy of IMG03401.JPG,conductor,1,0.0567,8767.29,5567.6,9476.98,6297.73
Copy of IMG03401.JPG,insulator,2,0.0547,5227.58,3791.14,5575.92,4213.38
Copy of IMG03401.JPG,insulator,2,0.0535,7972.44,1634.43,8356.76,1969.59
Copy of IMG03476.JPG,insulator,2,0.8461,7152.67,2916.61,7532.01,3396.65
Copy of IMG03476.JPG,pylon,0,0.7607,5857.69,4066.42,6608.9,6296.09
Copy of IMG03476.JPG,insulator,2,0.7556,6072.05,2314.81,6403.52,2749.21
Copy of IMG03476.JPG,conductor,1,0.7342,4216.66,4225.54,5692.69,5506.63
Copy of IMG03476.JPG,insulator,2,0.7252,4985.87,2403.76,5410.69,2901.03
Copy of IMG03476.JPG,conductor,1,0.5884,3346.2,5171.07,4356.1,5905.77
Copy of IMG03476.JPG,conductor,1,0.5866,6915.98,1651.14,8712.75,2431.44
Copy of IMG03476.JPG,conductor,1,0.4862,3634.68,2938.64,4849.53,3431.51
Copy of IMG03476.JPG,conductor,1,0.4768,7989.82,2452.71,9453.64,3168.29
Copy of IMG03476.JPG,conductor,1,0.4514,97.58,5106.18,1232.99,5781.75
Copy of IMG03476.JPG,conductor,1,0.4157,5.5,4487.81,1275.87,5138.0
Copy of IMG03476.JPG,conductor,1,0.3719,974.04,3857.54,2503.67,4535.71
Copy of IMG03476.JPG,conductor,1,0.3518,22.24,4291.37,1614.95,5083.9
Copy of IMG03476.JPG,conductor,1,0.3249,6789.35,4930.66,9504.0,6078.49
Copy of IMG03476.JPG,conductor,1,0.3095,64.42,4191.24,1828.82,4908.24
Copy of IMG03476.JPG,conductor,1,0.2584,8073.93,2130.54,9504.0,3110.29
Copy of IMG03476.JPG,conductor,1,0.2354,8288.24,2071.92,9504.0,2946.26
Copy of IMG03476.JPG,conductor,1,0.2344,6997.51,5091.28,9491.6,5936.87
Copy of IMG03476.JPG,conductor,1,0.2124,1.65,5359.15,406.22,5973.43
Copy of IMG03476.JPG,pylon,0,0.1955,5882.19,3063.71,6565.54,6309.83
Copy of IMG03476.JPG,conductor,1,0.1765,8316.84,1098.72,9504.0,1863.47
Copy of IMG03476.JPG,conductor,1,0.1734,8741.18,1989.82,9504.0,2865.62
Copy of IMG03476.JPG,conductor,1,0.1558,1.31,4560.9,1032.01,5205.98
Copy of IMG03476.JPG,conductor,1,0.1472,0.0,4694.3,875.14,5276.78
Copy of IMG03476.JPG,conductor,1,0.1465,0.55,5379.65,530.58,6015.1
Copy of IMG03476.JPG,conductor,1,0.1312,3584.95,3055.01,4630.02,3464.34
Copy of IMG03476.JPG,conductor,1,0.1156,1061.46,4677.34,2184.77,5446.43
Copy of IMG03476.JPG,conductor,1,0.1143,1874.98,4393.44,2783.71,5054.03
Copy of IMG03476.JPG,conductor,1,0.0985,344.29,5919.47,2916.33,6336.0
Copy of IMG03476.JPG,conductor,1,0.0885,1251.7,3765.09,2731.04,4386.13
Copy of IMG03476.JPG,conductor,1,0.0855,121.55,6070.24,3177.46,6336.0
Copy of IMG03476.JPG,conductor,1,0.0805,10.91,5278.05,973.11,5926.83
Copy of IMG03476.JPG,conductor,1,0.0761,211.2,5045.09,1391.39,5677.01
Copy of IMG03476.JPG,conductor,1,0.0761,871.54,4713.85,2132.65,5548.87
Copy of IMG03476.JPG,conductor,1,0.0752,3359.85,5014.62,4507.95,5891.25
Copy of IMG03476.JPG,conductor,1,0.0742,0.94,5428.19,436.43,6125.22
Copy of IMG03476.JPG,conductor,1,0.0722,90.02,3864.52,2306.38,4704.85
Copy of IMG03476.JPG,conductor,1,0.0702,289.6,4968.87,1577.43,5706.15
Copy of IMG03476.JPG,conductor,1,0.0697,3983.78,2873.44,5004.85,3328.47
Copy of IMG03476.JPG,insulator,2,0.0646,6723.98,2422.69,6980.09,2678.46
Copy of IMG03476.JPG,conductor,1,0.0635,37.52,5211.3,1095.97,5812.91
Copy of IMG03476.JPG,conductor,1,0.062,541.81,3899.58,2513.7,4586.56
Copy of IMG03476.JPG,conductor,1,0.0617,1.06,5422.25,311.89,6067.93
Copy of IMG03476.JPG,conductor,1,0.0569,6102.52,6102.91,9504.0,6336.0
Copy of IMG03476.JPG,conductor,1,0.0526,725.06,4810.62,2002.1,5630.81
Copy of IMG03476.JPG,conductor,1,0.0504,3.49,4794.83,492.82,5318.67
Copy of IMG03390.JPG,conductor,1,0.8659,6011.38,4451.49,9504.0,5069.83
Copy of IMG03390.JPG,pylon,0,0.8297,4747.54,5067.07,5422.07,6292.07
Copy of IMG03390.JPG,conductor,1,0.7814,0.0,3880.28,4369.38,4675.19
Copy of IMG03390.JPG,insulator,2,0.7122,4319.66,3280.16,4722.86,3747.83
Copy of IMG03390.JPG,insulator,2,0.682,5350.94,4321.56,5842.72,4933.77
Copy of IMG03390.JPG,insulator,2,0.6611,4902.4,3357.3,5251.48,3787.69
Copy of IMG03390.JPG,conductor,1,0.6348,5721.33,3328.51,9504.0,4087.85
Copy of IMG03390.JPG,conductor,1,0.485,1041.81,4949.6,4594.41,5636.52
Copy of IMG03390.JPG,conductor,1,0.4491,12.28,5034.64,4604.07,5826.43
Copy of IMG03390.JPG,conductor,1,0.3742,132.14,5188.77,4317.47,5913.75
Copy of IMG03390.JPG,conductor,1,0.3411,0.0,4006.21,4552.6,4837.7
Copy of IMG03390.JPG,conductor,1,0.1452,237.8,3797.64,4485.65,4477.78
Copy of IMG03390.JPG,conductor,1,0.1382,6568.69,3367.27,9504.0,4047.44
Copy of IMG03390.JPG,insulator,2,0.0914,4917.14,3429.83,5237.6,3835.78
Copy of IMG03390.JPG,conductor,1,0.0823,2.03,5730.07,398.64,6301.5
Copy of IMG03390.JPG,conductor,1,0.0779,4169.08,2281.22,4873.99,3059.9
Copy of IMG03390.JPG,conductor,1,0.0643,2.49,5642.31,346.97,6235.67
Copy of IMG03390.JPG,conductor,1,0.0569,5.01,5654.02,550.43,6277.39
Copy of IMG00147.JPG,insulator,2,0.8513,3856.19,1987.28,4241.48,2386.15
Copy of IMG00147.JPG,insulator,2,0.7703,5159.63,2270.62,5575.75,2679.31
Copy of IMG00147.JPG,insulator,2,0.6603,4572.47,1726.37,4985.4,2160.74
Copy of IMG00147.JPG,conductor,1,0.531,3643.04,2555.5,3994.66,3436.47
Copy of IMG00147.JPG,pylon,0,0.284,4235.93,2451.28,4824.22,5990.0
Copy of IMG00147.JPG,conductor,1,0.2787,2797.32,4912.68,3495.75,6249.34
Copy of IMG00147.JPG,conductor,1,0.2541,3671.0,2582.52,4015.91,3196.41
Copy of IMG00147.JPG,conductor,1,0.2397,4113.83,2453.17,4745.59,6004.62
Copy of IMG00147.JPG,conductor,1,0.1764,4994.73,2767.13,5356.63,3457.55
Copy of IMG00147.JPG,conductor,1,0.1043,4945.5,2754.77,5378.28,4307.34
Copy of IMG00147.JPG,conductor,1,0.0912,5979.91,2952.44,9504.0,3909.25
Copy of IMG00147.JPG,conductor,1,0.0766,4018.87,2577.3,4369.8,3059.52
Copy of IMG00147.JPG,conductor,1,0.0638,3723.74,2532.16,4020.99,3112.41
Copy of IMG00147.JPG,conductor,1,0.0606,4927.26,2814.34,5331.55,3746.22
Copy of IMG00147.JPG,conductor,1,0.0596,4853.69,2756.25,5388.28,4621.95
Copy of IMG00147.JPG,conductor,1,0.0596,3969.9,2537.59,4252.45,3003.14
Copy of IMG00207.JPG,insulator,2,0.8305,3909.86,646.74,4141.01,974.91
Copy of IMG00207.JPG,insulator,2,0.7962,4759.96,255.25,5058.83,624.92
Copy of IMG00207.JPG,insulator,2,0.6956,3019.5,1525.97,3308.21,1866.52
Copy of IMG00207.JPG,conductor,1,0.6525,7697.55,3272.41,8784.97,4109.58
Copy of IMG00207.JPG,conductor,1,0.6479,5539.12,889.21,6389.92,1541.18
Copy of IMG00207.JPG,conductor,1,0.4886,6772.15,2728.35,7839.22,3505.8
Copy of IMG00207.JPG,conductor,1,0.4778,6687.13,1655.72,7765.52,2317.73
Copy of IMG00207.JPG,conductor,1,0.4672,6408.51,4027.38,7826.59,4957.31
Copy of IMG00207.JPG,conductor,1,0.4641,4809.83,2936.84,5981.24,3824.62
Copy of IMG00207.JPG,conductor,1,0.4362,8675.5,5435.38,9478.34,6183.62
Copy of IMG00207.JPG,conductor,1,0.4017,4372.88,1031.58,4910.12,1591.58
Copy of IMG00207.JPG,conductor,1,0.3943,2752.14,191.77,3583.36,675.86
Copy of IMG00207.JPG,conductor,1,0.3678,8845.54,2993.26,9502.17,3608.75
Copy of IMG00207.JPG,conductor,1,0.3496,7707.69,4782.6,8784.47,5608.51
Copy of IMG00207.JPG,conductor,1,0.3409,5103.02,564.89,5733.47,1110.19
Copy of IMG00207.JPG,conductor,1,0.3229,7993.72,2485.05,9027.59,3140.54
Copy of IMG00207.JPG,conductor,1,0.2965,1999.36,1071.86,2871.83,1627.05
Copy of IMG00207.JPG,conductor,1,0.2773,7736.26,2347.0,8860.69,3025.9
Copy of IMG00207.JPG,conductor,1,0.2749,3308.99,1860.51,3928.72,2363.76
Copy of IMG00207.JPG,conductor,1,0.2678,5430.13,1771.04,6379.79,2513.99
Copy of IMG00207.JPG,conductor,1,0.2557,5342.1,1738.1,6223.07,2433.44
Copy of IMG00207.JPG,conductor,1,0.2333,4373.56,2511.52,5244.13,3234.08
Copy of IMG00207.JPG,conductor,1,0.2291,4491.13,1118.88,5291.38,1810.44
Copy of IMG00207.JPG,conductor,1,0.2285,4506.1,2760.45,5818.12,3706.85
Copy of IMG00207.JPG,conductor,1,0.2232,5911.36,2122.52,6823.46,2789.08
Copy of IMG00207.JPG,conductor,1,0.2181,5236.79,1674.95,6153.94,2351.24
Copy of IMG00207.JPG,conductor,1,0.2181,7488.33,2186.88,8552.47,2832.72
Copy of IMG00207.JPG,conductor,1,0.208,4653.15,1233.93,5421.97,1904.31
Copy of IMG00207.JPG,conductor,1,0.2075,6582.06,2584.6,7608.31,3378.12
Copy of IMG00207.JPG,conductor,1,0.2062,4334.06,1000.07,4848.43,1524.9
Copy of IMG00207.JPG,conductor,1,0.1892,4878.93,2988.69,6178.13,3979.99
Copy of IMG00207.JPG,conductor,1,0.1884,8899.23,3952.58,9504.0,4863.82
Copy of IMG00207.JPG,conductor,1,0.1831,6573.05,1562.58,7649.43,2230.96
Copy of IMG00207.JPG,pylon,0,0.1742,3956.0,1177.54,4393.81,4403.45
Copy of IMG00207.JPG,conductor,1,0.1715,5666.04,3475.47,6987.96,4371.76
Copy of IMG00207.JPG,pylon,0,0.1675,3916.47,967.0,4206.5,2033.74
Copy of IMG00207.JPG,conductor,1,0.1647,7381.41,4621.74,8633.35,5503.02
Copy of IMG00207.JPG,conductor,1,0.1629,4429.26,2605.17,5610.67,3457.17
Copy of IMG00207.JPG,conductor,1,0.1567,1876.17,961.88,2819.5,1492.45
Copy of IMG00207.JPG,conductor,1,0.1366,6147.61,2298.83,7087.72,3006.85
Copy of IMG00207.JPG,conductor,1,0.1356,4314.21,975.14,4773.21,1453.59
Copy of IMG00207.JPG,conductor,1,0.134,7755.03,3376.56,8890.53,4194.59
Copy of IMG00207.JPG,conductor,1,0.1319,6282.65,3873.63,7746.38,4870.78
Copy of IMG00207.JPG,conductor,1,0.1292,7557.51,2249.62,8750.65,2949.37
Copy of IMG00207.JPG,conductor,1,0.1264,590.03,162.03,1113.33,518.51
Copy of IMG00207.JPG,conductor,1,0.1227,5519.68,1874.91,6518.71,2601.47
Copy of IMG00207.JPG,conductor,1,0.1191,5744.93,2041.32,6690.03,2694.37
Copy of IMG00207.JPG,conductor,1,0.1188,6276.06,2382.19,7279.6,3099.62
Copy of IMG00207.JPG,conductor,1,0.118,9070.03,4037.17,9504.0,5087.77
Copy of IMG00207.JPG,conductor,1,0.1154,150.62,0.0,689.81,307.51
Copy of IMG00207.JPG,conductor,1,0.1124,5987.6,1160.5,6776.98,1800.18
Copy of IMG00207.JPG,conductor,1,0.108,7459.27,2114.17,8406.38,2700.3
Copy of IMG00207.JPG,conductor,1,0.1072,3244.94,1821.44,3795.43,2255.4
Copy of IMG00207.JPG,conductor,1,0.1071,4736.93,1308.54,5514.77,1964.83
Copy of IMG00207.JPG,conductor,1,0.1069,5988.9,2197.08,6896.46,2893.71
Copy of IMG00207.JPG,conductor,1,0.1032,2994.11,311.32,3621.42,701.29
Copy of IMG00207.JPG,conductor,1,0.0993,4413.85,1055.53,5043.09,1653.0
Copy of IMG00207.JPG,conductor,1,0.0992,5576.34,921.65,6608.8,1667.25
Copy of IMG00207.JPG,pylon,0,0.0991,3916.58,1014.87,4494.08,5488.3
Copy of IMG00207.JPG,conductor,1,0.099,8813.03,3910.03,9504.0,4681.66
Copy of IMG00207.JPG,conductor,1,0.0959,1336.02,1010.53,1693.22,1358.19
Copy of IMG00207.JPG,conductor,1,0.0913,5098.42,1586.83,6046.24,2283.58
Copy of IMG00207.JPG,conductor,1,0.0891,505.99,113.34,1023.86,492.83
Copy of IMG00207.JPG,conductor,1,0.0834,6710.37,4263.5,8122.17,5187.61
Copy of IMG00207.JPG,conductor,1,0.0811,6445.59,1438.15,7413.33,2087.87
Copy of IMG00207.JPG,conductor,1,0.0796,7247.49,4506.69,8295.97,5285.89
Copy of IMG00207.JPG,pylon,0,0.079,3919.45,999.77,4237.7,2516.65
Copy of IMG00207.JPG,conductor,1,0.0786,6105.59,1257.57,6980.13,1861.73
Copy of IMG00207.JPG,conductor,1,0.0778,7019.06,2825.67,7909.15,3538.26
Copy of IMG00207.JPG,conductor,1,0.0777,6460.48,2476.95,7407.7,3221.39
Copy of IMG00207.JPG,conductor,1,0.0742,9123.3,4431.62,9504.0,5275.67
Copy of IMG00207.JPG,conductor,1,0.0712,7872.45,2412.58,8941.38,3097.01
Copy of IMG00207.JPG,conductor,1,0.0698,9112.64,4628.87,9504.0,5351.64
Copy of IMG00207.JPG,conductor,1,0.0672,2169.78,1161.86,2863.07,1560.0
Copy of IMG00207.JPG,conductor,1,0.0671,1464.94,663.88,2004.23,1038.89
Copy of IMG00207.JPG,conductor,1,0.0646,6808.85,1750.45,7826.33,2358.03
Copy of IMG00207.JPG,conductor,1,0.0642,7495.66,3120.55,8361.2,3826.97
Copy of IMG00207.JPG,conductor,1,0.064,552.67,136.45,1219.78,563.36
Copy of IMG00207.JPG,conductor,1,0.0635,4984.64,1523.43,5945.37,2190.03
Copy of IMG00207.JPG,conductor,1,0.0631,4241.28,936.85,4668.21,1418.43
Copy of IMG00207.JPG,pylon,0,0.0626,3899.16,1005.02,4307.14,5484.52
Copy of IMG00207.JPG,conductor,1,0.0626,5311.65,840.57,6264.01,1444.41
Copy of IMG00207.JPG,conductor,1,0.0593,287.1,14.78,790.66,377.14
Copy of IMG00207.JPG,pylon,0,0.0589,3947.1,1021.49,4271.52,4103.91
Copy of IMG00207.JPG,conductor,1,0.0579,2887.51,267.54,3593.33,676.72
Copy of IMG00207.JPG,conductor,1,0.0575,8742.75,2970.22,9503.21,3498.29
Copy of IMG00207.JPG,conductor,1,0.0573,1476.59,689.62,2106.39,1079.23
Copy of IMG00207.JPG,conductor,1,0.0552,1038.73,387.81,1523.71,759.87
Copy of IMG00207.JPG,conductor,1,0.0549,4394.35,1064.35,5157.29,1774.14
Copy of IMG00207.JPG,conductor,1,0.0549,2307.22,89.76,3535.98,609.32
Copy of IMG00207.JPG,conductor,1,0.0543,1396.24,1075.81,1778.7,1466.57
Copy of IMG00207.JPG,conductor,1,0.0542,5016.35,3044.67,6306.15,4135.17
Copy of IMG00207.JPG,conductor,1,0.0537,3932.89,1124.55,4191.79,2076.96
Copy of IMG00207.JPG,conductor,1,0.0528,1509.65,1173.65,1926.24,1632.14
Copy of IMG00207.JPG,conductor,1,0.0516,5408.28,3393.29,6817.77,4318.33
Copy of IMG00207.JPG,conductor,1,0.0511,9260.65,4366.5,9503.02,5105.86
Copy of IMG00207.JPG,conductor,1,0.0504,8937.2,4034.06,9503.04,4622.17
Copy of IMG00207.JPG,conductor,1,0.0503,7565.72,3175.9,8506.62,3909.6
Copy of IMG00207.JPG,conductor,1,0.0502,2359.93,1.78,3168.46,343.82
Copy of IMG00213.JPG,insulator,2,0.7311,4071.42,2676.85,4379.69,3024.54
Copy of IMG00213.JPG,conductor,1,0.6746,5355.82,4450.28,6211.78,5247.27
Copy of IMG00213.JPG,pylon,0,0.6124,4893.03,2773.14,5205.77,6336.0
Copy of IMG00213.JPG,conductor,1,0.5412,5959.4,5197.32,6761.53,5834.9
Copy of IMG00213.JPG,conductor,1,0.5264,5772.49,2691.16,6355.35,3249.76
Copy of IMG00213.JPG,conductor,1,0.5176,4031.89,1255.46,4829.93,1808.33
Copy of IMG00213.JPG,conductor,1,0.4653,6409.1,4322.85,7142.94,4979.45
Copy of IMG00213.JPG,insulator,2,0.3293,5490.41,2321.91,5802.04,2622.73
Copy of IMG00213.JPG,conductor,1,0.2935,5394.06,3107.3,5994.99,3714.38
Copy of IMG00213.JPG,conductor,1,0.2893,8560.99,5661.46,9408.47,6293.45
Copy of IMG00213.JPG,pylon,0,0.2769,4939.85,2962.49,5280.31,6265.06
Copy of IMG00213.JPG,conductor,1,0.2183,5146.65,2797.95,5476.61,3285.89
Copy of IMG00213.JPG,conductor,1,0.189,5426.56,3189.39,6104.56,3992.74
Copy of IMG00213.JPG,conductor,1,0.1855,3796.08,1592.05,4382.28,2140.12
Copy of IMG00213.JPG,conductor,1,0.1781,5710.29,2614.62,6253.89,3147.42
Copy of IMG00213.JPG,insulator,2,0.1714,4815.36,2339.79,5007.33,2612.49
Copy of IMG00213.JPG,conductor,1,0.1658,5518.46,3283.0,6214.18,4031.57
Copy of IMG00213.JPG,conductor,1,0.1631,4264.4,3031.52,4683.38,3496.99
Copy of IMG00213.JPG,conductor,1,0.1568,5624.46,3390.65,6243.2,4083.27
Copy of IMG00213.JPG,conductor,1,0.1548,8673.28,5765.59,9364.9,6302.48
Copy of IMG00213.JPG,conductor,1,0.1453,7689.59,5663.06,8358.82,6289.44
Copy of IMG00213.JPG,conductor,1,0.1383,5332.69,3058.87,5907.17,3684.52
Copy of IMG00213.JPG,conductor,1,0.138,5725.46,3518.92,6378.23,4224.94
Copy of IMG00213.JPG,conductor,1,0.1343,6239.99,3191.98,6940.34,3824.99
Copy of IMG00213.JPG,conductor,1,0.1269,4350.1,3103.92,4775.31,3596.4
Copy of IMG00213.JPG,conductor,1,0.1199,6936.98,4887.16,7608.34,5482.83
Copy of IMG00213.JPG,pylon,0,0.116,4852.3,2598.05,5313.83,6272.65
Copy of IMG00213.JPG,conductor,1,0.1109,3677.32,1484.77,4326.96,2080.36
Copy of IMG00213.JPG,conductor,1,0.109,5138.77,2749.98,5428.54,3224.42
Copy of IMG00213.JPG,conductor,1,0.1087,5835.97,2761.9,6464.28,3368.67
Copy of IMG00213.JPG,conductor,1,0.1081,3941.03,1223.63,4681.83,1705.83
Copy of IMG00213.JPG,conductor,1,0.1064,3880.34,1695.63,4438.54,2176.58
Copy of IMG00213.JPG,conductor,1,0.1057,6306.83,4181.92,7046.46,4843.68
Copy of IMG00213.JPG,conductor,1,0.0948,2211.49,160.97,2778.65,725.05
Copy of IMG00213.JPG,conductor,1,0.0946,5829.6,5057.92,6647.32,5738.86
Copy of IMG00213.JPG,conductor,1,0.0889,5875.86,3737.94,6559.96,4395.47
Copy of IMG00213.JPG,conductor,1,0.0846,5940.48,3823.64,6602.58,4455.54
Copy of IMG00213.JPG,conductor,1,0.0842,5280.34,2967.43,5760.07,3528.58
Copy of IMG00213.JPG,conductor,1,0.0768,5900.78,2838.8,6566.93,3486.4
Copy of IMG00213.JPG,conductor,1,0.076,5321.98,4355.65,6062.64,5101.67
Copy of IMG00213.JPG,conductor,1,0.0758,6691.07,4652.34,7437.83,5236.06
Copy of IMG00213.JPG,conductor,1,0.074,8461.83,5479.35,9325.87,6259.87
Copy of IMG00213.JPG,conductor,1,0.0735,6212.63,4106.35,7018.31,4763.55
Copy of IMG00213.JPG,conductor,1,0.0715,6523.29,4525.44,7323.86,5154.07
Copy of IMG00213.JPG,conductor,1,0.071,5395.63,4527.92,6371.75,5439.27
Copy of IMG00213.JPG,conductor,1,0.07,7821.46,5741.79,8371.03,6293.37
Copy of IMG00213.JPG,conductor,1,0.0691,8779.01,5878.99,9379.69,6311.62
Copy of IMG00213.JPG,conductor,1,0.0662,4151.76,1351.94,4911.49,1921.76
Copy of IMG00213.JPG,conductor,1,0.0657,4335.23,1488.87,4971.22,1972.44
Copy of IMG00213.JPG,conductor,1,0.0639,6452.4,4412.84,7273.88,5097.78
Copy of IMG00213.JPG,conductor,1,0.0626,5178.85,2899.48,5638.85,3388.17
Copy of IMG00213.JPG,conductor,1,0.0617,5853.82,3673.96,6489.23,4286.66
Copy of IMG00213.JPG,conductor,1,0.0606,6962.65,4966.04,7708.98,5548.64
Copy of IMG00213.JPG,conductor,1,0.0593,5973.85,2957.78,6600.7,3517.96
Copy of IMG00213.JPG,conductor,1,0.0583,8269.71,5303.51,8981.39,5866.54
Copy of IMG00213.JPG,conductor,1,0.0576,6153.53,4069.78,6921.16,4679.67
Copy of IMG00213.JPG,conductor,1,0.0574,5968.95,3932.11,6746.95,4565.02
Copy of IMG00213.JPG,conductor,1,0.0571,4449.4,3180.05,4802.03,3654.96
Copy of IMG00213.JPG,conductor,1,0.0557,3533.79,1393.17,4190.56,1953.69
Copy of IMG00213.JPG,conductor,1,0.0554,6793.27,4701.24,7489.2,5299.23
Copy of IMG00213.JPG,conductor,1,0.054,6855.26,4780.91,7538.59,5363.15
Copy of IMG00213.JPG,conductor,1,0.0537,7549.79,5581.33,8315.17,6237.09
Copy of IMG00213.JPG,conductor,1,0.0526,5667.43,4894.69,6543.42,5619.49
Copy of IMG00213.JPG,conductor,1,0.0513,6322.8,3289.84,7004.58,3857.54
Copy of IMG00393.JPG,conductor,1,0.4482,6004.23,1153.9,7239.61,2117.74
Copy of IMG00393.JPG,conductor,1,0.3648,4677.38,3378.05,5619.23,4507.46
Copy of IMG00393.JPG,conductor,1,0.3494,4699.07,2118.77,6012.52,3097.07
Copy of IMG00393.JPG,conductor,1,0.2936,2318.55,5374.34,3062.25,6256.81
Copy of IMG00393.JPG,conductor,1,0.2862,3407.5,3005.22,4832.66,4029.05
Copy of IMG00393.JPG,conductor,1,0.2688,1232.85,2845.79,4907.03,4401.65
Copy of IMG00393.JPG,conductor,1,0.2686,2527.19,5038.43,3541.59,6193.77
Copy of IMG00393.JPG,conductor,1,0.261,8464.7,366.83,9346.19,1556.51
Copy of IMG00393.JPG,conductor,1,0.2529,3830.59,4137.36,4727.35,5093.82
Copy of IMG00393.JPG,conductor,1,0.2224,2476.87,5108.93,3339.94,6235.02
Copy of IMG00393.JPG,conductor,1,0.2168,2196.0,5513.22,2992.44,6274.36
Copy of IMG00393.JPG,conductor,1,0.2036,719.51,5115.73,1946.91,6205.81
Copy of IMG00393.JPG,conductor,1,0.1906,2186.02,3923.86,3668.6,4796.22
Copy of IMG00393.JPG,conductor,1,0.1845,2541.45,2907.75,4814.31,4368.1
Copy of IMG00393.JPG,conductor,1,0.1617,3631.39,2968.3,4942.59,3803.5
Copy of IMG00393.JPG,conductor,1,0.1461,4823.39,2041.24,6160.56,2854.04
Copy of IMG00393.JPG,conductor,1,0.1417,0.0,2794.57,4939.45,4498.08
Copy of IMG00393.JPG,conductor,1,0.1357,3514.14,4281.15,4552.77,5275.44
Copy of IMG00393.JPG,conductor,1,0.1279,4655.37,2286.04,5961.49,3237.41
Copy of IMG00393.JPG,conductor,1,0.119,731.49,4988.48,2131.03,6003.07
Copy of IMG00393.JPG,conductor,1,0.1179,3556.8,4203.38,4700.48,5446.79
Copy of IMG00393.JPG,conductor,1,0.1046,7914.06,88.53,8770.93,784.17
Copy of IMG00393.JPG,conductor,1,0.0987,335.06,5857.52,1104.91,6327.55
Copy of IMG00393.JPG,conductor,1,0.0965,9168.02,55.65,9504.0,843.07
Copy of IMG00393.JPG,conductor,1,0.0959,5734.45,2545.69,6959.75,3756.47
Copy of IMG00393.JPG,conductor,1,0.0957,9265.09,35.37,9504.0,755.27
Copy of IMG00393.JPG,conductor,1,0.0931,2774.21,5010.11,3628.1,5724.57
Copy of IMG00393.JPG,conductor,1,0.0927,3319.52,4537.17,4191.34,5415.14
Copy of IMG00393.JPG,conductor,1,0.0829,1371.89,4441.18,2950.22,5405.63
Copy of IMG00393.JPG,conductor,1,0.0823,1870.93,3975.53,3593.96,4977.59
Copy of IMG00393.JPG,conductor,1,0.0809,381.65,5954.1,960.14,6336.0
Copy of IMG00393.JPG,conductor,1,0.0737,8620.25,274.62,9392.97,1453.46
Copy of IMG00393.JPG,conductor,1,0.0725,7467.84,1163.32,8466.92,2176.81
Copy of IMG00393.JPG,conductor,1,0.0699,3399.43,4402.82,4464.23,5420.64
Copy of IMG00393.JPG,conductor,1,0.0693,1962.11,5785.95,2595.65,6292.48
Copy of IMG00393.JPG,conductor,1,0.0645,2448.65,5222.66,3142.18,6234.9
Copy of IMG00393.JPG,conductor,1,0.0594,1611.65,4201.53,3239.25,5207.92
Copy of IMG00393.JPG,conductor,1,0.0591,5833.83,2347.13,7343.96,3702.44
Copy of IMG00393.JPG,conductor,1,0.0525,1966.28,5723.26,2830.06,6284.69
Copy of IMG00393.JPG,conductor,1,0.0506,8951.64,114.58,9504.0,993.19
Copy of IMG00163.JPG,insulator,2,0.8041,4357.77,3918.08,4596.75,4125.01
Copy of IMG00163.JPG,insulator,2,0.7976,5177.62,3974.39,5408.74,4207.87
Copy of IMG00163.JPG,insulator,2,0.5155,4810.24,3562.88,5115.13,3836.52
Copy of IMG00163.JPG,conductor,1,0.3819,4259.84,4121.22,4936.42,6248.96
Copy of IMG00163.JPG,insulator,2,0.2598,4739.58,3585.28,5030.9,3852.8
Copy of IMG00163.JPG,insulator,2,0.2595,4904.15,836.96,5150.09,1117.19
Copy of IMG00163.JPG,conductor,1,0.1412,4367.78,4170.9,4622.71,4767.43
Copy of IMG00163.JPG,conductor,1,0.135,4420.76,4100.92,5003.42,6238.86
Copy of IMG00163.JPG,conductor,1,0.0745,4748.01,4058.48,4948.98,4520.7
Copy of IMG00163.JPG,conductor,1,0.0667,4362.9,4128.46,4596.21,4637.44
Copy of IMG00163.JPG,conductor,1,0.0603,1678.35,3005.24,2278.09,6237.38
Copy of IMG00163.JPG,conductor,1,0.0581,4246.83,4194.93,4515.22,4707.64
Copy of IMG00163.JPG,conductor,1,0.0553,4183.51,4159.63,4453.31,4548.63
Copy of IMG00154.JPG,insulator,2,0.9387,5023.49,2271.72,5427.47,2682.26
Copy of IMG00154.JPG,insulator,2,0.815,6311.4,1543.49,6730.78,1973.28
Copy of IMG00154.JPG,insulator,2,0.6906,5705.95,1663.89,6190.98,2142.81
Copy of IMG00154.JPG,conductor,1,0.6573,6748.13,5144.23,7917.98,6143.89
Copy of IMG00154.JPG,conductor,1,0.5936,3093.81,4795.32,4442.65,5679.75
Copy of IMG00154.JPG,conductor,1,0.2995,7604.14,4149.74,9298.94,5203.92
Copy of IMG00154.JPG,conductor,1,0.2114,8148.16,5367.69,8847.02,6245.45
Copy of IMG00154.JPG,conductor,1,0.1554,8809.72,5238.62,9497.84,6168.76
Copy of IMG00154.JPG,conductor,1,0.126,8275.44,5545.6,8876.98,6156.08
Copy of IMG00154.JPG,conductor,1,0.1098,7613.59,4104.08,9317.23,4850.33
Copy of IMG00154.JPG,conductor,1,0.0927,8771.85,5235.65,9471.26,5864.68
Copy of IMG00154.JPG,conductor,1,0.0757,5779.16,3481.22,6474.47,4144.08
Copy of IMG00154.JPG,conductor,1,0.0644,2790.13,5496.66,3619.07,6130.07
Copy of IMG00154.JPG,conductor,1,0.0611,5726.58,3481.53,6564.03,4286.07
Copy of IMG00154.JPG,insulator,2,0.0595,5628.91,1217.79,5890.47,1473.15
Copy of IMG00154.JPG,conductor,1,0.0593,8335.63,5658.86,8892.22,6203.45
Copy of IMG00154.JPG,conductor,1,0.0538,5794.95,3578.19,6707.52,4390.73
Copy of IMG00154.JPG,insulator,2,0.0507,6152.8,2159.92,6422.04,2515.46
Copy of IMG00154.JPG,conductor,1,0.0501,5233.18,2711.68,5772.01,3256.94
Copy of IMG00247.JPG,pylon,0,0.3511,4960.66,2820.23,5494.48,6283.04
Copy of IMG00247.JPG,conductor,1,0.1723,767.85,4625.53,5107.12,5239.05
Copy of IMG00247.JPG,conductor,1,0.1571,6533.16,4488.09,9317.23,5084.4
Copy of IMG00247.JPG,conductor,1,0.1059,0.0,4545.94,5010.63,5172.31
Copy of IMG03508.JPG,insulator,2,0.8262,4415.98,2957.96,4790.22,3429.81
Copy of IMG03508.JPG,insulator,2,0.7839,4477.61,3837.91,4873.45,4324.91
Copy of IMG03508.JPG,insulator,2,0.7798,4419.23,2053.18,4823.01,2541.39
Copy of IMG03508.JPG,pylon,0,0.6627,4057.2,3069.83,4684.57,6287.06
Copy of IMG03508.JPG,conductor,1,0.6552,26.52,3414.15,2613.39,4159.36
Copy of IMG03508.JPG,conductor,1,0.647,310.68,4214.01,3506.89,5288.64
Copy of IMG03508.JPG,conductor,1,0.5241,0.0,2440.95,3016.8,3151.54
Copy of IMG03508.JPG,conductor,1,0.3714,58.6,2413.05,2948.61,2967.39
Copy of IMG03508.JPG,conductor,1,0.2792,1901.94,1156.8,3273.21,1553.31
Copy of IMG03508.JPG,conductor,1,0.2549,1619.69,3191.78,3871.83,3739.57
Copy of IMG03508.JPG,conductor,1,0.2365,219.97,2340.38,2997.0,2870.34
Copy of IMG03508.JPG,conductor,1,0.2335,5008.35,2011.91,6137.59,2399.13
Copy of IMG03508.JPG,conductor,1,0.215,604.8,4036.64,3622.68,5196.04
Copy of IMG03508.JPG,conductor,1,0.2119,0.0,4680.34,1574.34,5734.58
Copy of IMG03508.JPG,conductor,1,0.1881,1412.25,1545.1,3085.21,2013.94
Copy of IMG03508.JPG,conductor,1,0.1793,1118.82,4140.06,3464.45,5087.71
Copy of IMG03508.JPG,conductor,1,0.1779,1027.68,3212.11,3862.34,3792.99
Copy of IMG03508.JPG,conductor,1,0.1697,339.71,3375.34,2678.13,4044.09
Copy of IMG03508.JPG,conductor,1,0.1595,2686.03,2020.78,3962.21,2477.82
Copy of IMG03508.JPG,conductor,1,0.1501,2675.81,1925.23,3839.41,2391.57
Copy of IMG03508.JPG,conductor,1,0.1444,0.0,2569.45,2606.53,3239.71
Copy of IMG03508.JPG,conductor,1,0.1398,0.0,4518.67,2010.19,5581.97
Copy of IMG03508.JPG,pylon_fissure,3,0.1385,4252.54,4973.63,4418.77,6279.19
Copy of IMG03508.JPG,insulator,2,0.1351,0.17,1712.6,157.02,2122.85
Copy of IMG03508.JPG,conductor,1,0.1119,1212.89,1420.48,2294.63,1812.9
Copy of IMG03508.JPG,insulator,2,0.1117,87.21,1394.23,381.3,1834.18
Copy of IMG03508.JPG,conductor,1,0.1083,2627.22,2094.61,3812.62,2491.78
Copy of IMG03508.JPG,conductor,1,0.1069,1957.66,1075.74,3245.81,1459.58
Copy of IMG03508.JPG,conductor,1,0.098,1182.26,1364.8,2266.77,1738.62
Copy of IMG03508.JPG,conductor,1,0.0906,1271.2,1462.88,2992.66,1939.48
Copy of IMG03508.JPG,conductor,1,0.0717,2316.62,3151.08,3921.29,3686.06
Copy of IMG03508.JPG,insulator,2,0.0715,3786.41,2392.67,4015.22,2626.09
Copy of IMG03508.JPG,conductor,1,0.0708,0.0,2608.42,1694.77,3257.59
Copy of IMG03508.JPG,conductor,1,0.0708,1593.0,1246.46,3316.78,1744.53
Copy of IMG03508.JPG,conductor,1,0.0701,2016.96,923.06,3212.4,1315.69
Copy of IMG03508.JPG,conductor,1,0.0694,622.5,3332.24,3881.55,3916.88
Copy of IMG03508.JPG,insulator,2,0.0653,0.0,1670.66,213.43,2162.62
Copy of IMG03508.JPG,conductor,1,0.0641,604.21,999.98,1469.84,1443.75
Copy of IMG03508.JPG,conductor,1,0.0624,2585.86,2134.93,3981.07,2564.49
Copy of IMG03508.JPG,insulator,2,0.0593,34.96,1451.04,373.02,2115.36
Copy of IMG03508.JPG,conductor,1,0.0567,7002.89,3510.31,9504.0,3843.12
Copy of IMG03508.JPG,conductor,1,0.0565,1274.94,1478.21,2644.02,1886.03
Copy of IMG03508.JPG,conductor,1,0.0545,8.74,4418.59,3360.48,5542.98
Copy of IMG03508.JPG,pylon_fissure,3,0.0544,4247.88,5330.34,4435.07,6283.18
Copy of IMG03508.JPG,conductor,1,0.0509,750.68,607.97,1725.41,988.76
Copy of IMG03508.JPG,conductor,1,0.0507,1780.98,1610.45,3122.7,2048.06
Copy of IMG00080.JPG,insulator,2,0.9191,7116.89,3235.95,7605.4,3688.11
Copy of IMG00080.JPG,insulator,2,0.8534,4896.91,2344.74,5400.25,2733.23
Copy of IMG00080.JPG,insulator,2,0.789,6772.78,1456.13,7249.16,1941.66
Copy of IMG00080.JPG,insulator,2,0.758,6906.71,2285.71,7436.87,2715.16
Copy of IMG00080.JPG,conductor,1,0.7103,2107.99,3325.09,4883.62,3842.61
Copy of IMG00080.JPG,insulator,2,0.7041,4985.58,3292.44,5515.44,3750.85
Copy of IMG00080.JPG,pylon,0,0.6736,5340.62,3878.22,6141.9,6305.51
Copy of IMG00080.JPG,conductor,1,0.5851,2019.43,1619.9,4724.13,1931.92
Copy of IMG00080.JPG,conductor,1,0.558,7516.94,2270.8,9495.45,2708.56
Copy of IMG00080.JPG,insulator,2,0.5327,6258.5,1070.83,6664.09,1399.69
Copy of IMG00080.JPG,insulator,2,0.5161,5783.47,1097.74,6125.14,1425.81
Copy of IMG00080.JPG,insulator,2,0.4987,4821.55,1574.9,5286.45,1932.79
Copy of IMG00080.JPG,conductor,1,0.477,1370.32,2337.02,4796.68,2907.58
Copy of IMG00080.JPG,conductor,1,0.4415,1137.52,3211.89,4855.95,3928.53
Copy of IMG00080.JPG,conductor,1,0.3859,7394.77,1409.7,9499.63,1771.53
Copy of IMG00080.JPG,conductor,1,0.3307,0.0,3206.26,4902.16,3980.46
Copy of IMG00080.JPG,insulator,2,0.3107,5850.24,1494.65,6244.6,1820.69
Copy of IMG00080.JPG,insulator,2,0.2818,6273.19,1060.4,6772.34,1437.05
Copy of IMG00080.JPG,conductor,1,0.2598,7782.2,3247.21,9502.71,3656.09
Copy of IMG00080.JPG,insulator,2,0.2272,5908.09,1926.96,6256.74,2191.19
Copy of IMG00080.JPG,insulator,2,0.2197,6297.72,1467.96,6695.48,1808.13
Copy of IMG00080.JPG,insulator,2,0.2066,6382.84,1864.36,6915.6,2245.73
Copy of IMG00080.JPG,insulator,2,0.1921,5666.52,1099.98,6109.58,1414.21
Copy of IMG00080.JPG,conductor,1,0.1034,1158.36,2318.07,5462.13,2815.35
Copy of IMG00080.JPG,pylon,0,0.0995,5378.8,2633.95,6224.95,6298.3
Copy of IMG00080.JPG,conductor,1,0.0866,2081.04,3197.92,4867.8,3977.26
Copy of IMG00080.JPG,conductor,1,0.074,5308.23,3921.47,6090.48,6298.88
Copy of IMG00080.JPG,insulator,2,0.0617,5886.93,1829.53,6245.53,2175.97
Copy of IMG00080.JPG,insulator,2,0.0579,5782.36,1149.0,6160.0,1470.83
Copy of IMG00387.JPG,insulator,2,0.7631,4983.12,3618.05,5316.88,3942.49
Copy of IMG00387.JPG,insulator,2,0.718,4593.85,3356.78,4918.17,3635.39
Copy of IMG00387.JPG,pylon,0,0.5489,4575.36,3917.74,4941.69,6272.15
Copy of IMG00387.JPG,insulator,2,0.33,4274.59,3754.21,4486.12,3996.8
Copy of IMG00387.JPG,conductor,1,0.3114,8724.58,5290.88,9488.49,6151.02
Copy of IMG00387.JPG,conductor,1,0.2578,5095.38,5399.04,5704.08,6288.19
Copy of IMG00387.JPG,conductor,1,0.1933,8716.84,5254.21,9483.38,5896.08
Copy of IMG00387.JPG,conductor,1,0.1766,8769.54,4613.59,9436.98,5141.82
Copy of IMG00387.JPG,conductor,1,0.1383,9125.44,4863.76,9504.0,5357.89
Copy of IMG00387.JPG,conductor,1,0.1155,5312.88,4047.93,6440.26,5208.27
Copy of IMG00387.JPG,conductor,1,0.1113,9210.07,4938.83,9502.87,5409.51
Copy of IMG00387.JPG,conductor,1,0.1072,8838.09,5599.2,9503.88,6262.46
Copy of IMG00387.JPG,conductor,1,0.1034,5276.69,4061.91,6614.52,5530.49
Copy of IMG00387.JPG,conductor,1,0.0942,349.78,36.73,948.79,614.53
Copy of IMG00387.JPG,conductor,1,0.0932,8810.64,4664.91,9502.81,5261.77
Copy of IMG00387.JPG,conductor,1,0.0801,2231.25,43.46,2886.9,597.43
Copy of IMG00387.JPG,conductor,1,0.0704,9097.45,5822.96,9504.0,6294.17
Copy of IMG00387.JPG,conductor,1,0.0703,8646.43,5141.04,9264.75,5796.25
Copy of IMG00387.JPG,conductor,1,0.0651,8939.29,4788.41,9503.55,5316.0
Copy of IMG00387.JPG,conductor,1,0.0635,8457.72,5001.25,9047.98,5463.67
Copy of IMG00387.JPG,conductor,1,0.0617,9284.7,5003.5,9504.0,5483.08
Copy of IMG00387.JPG,conductor,1,0.0614,8540.02,5056.3,9166.08,5550.26
Copy of IMG00387.JPG,conductor,1,0.0576,8029.23,4683.2,8716.02,5280.6
Copy of IMG00387.JPG,conductor,1,0.0552,5141.78,5598.79,5732.55,6283.17
Copy of IMG00387.JPG,conductor,1,0.0526,8932.12,5717.2,9503.48,6291.2
Copy of IMG00245.JPG,insulator,2,0.9686,3601.23,2019.95,3958.36,2364.82
Copy of IMG00245.JPG,insulator,2,0.7871,4326.94,1805.96,4639.21,2073.95
Copy of IMG00245.JPG,insulator,2,0.7837,4946.65,1622.65,5323.46,1973.3
Copy of IMG00245.JPG,pylon,0,0.77,3871.0,2886.06,4338.69,5344.68
Copy of IMG00245.JPG,conductor,1,0.6296,6208.23,3806.76,6886.22,4417.64
Copy of IMG00245.JPG,conductor,1,0.5799,5481.06,3042.73,6207.54,3645.45
Copy of IMG00245.JPG,conductor,1,0.3857,5276.5,3966.44,6022.17,4547.63
Copy of IMG00245.JPG,conductor,1,0.3611,6779.18,5531.96,7403.47,6068.63
Copy of IMG00245.JPG,conductor,1,0.3497,1918.42,1598.14,2881.45,2223.75
Copy of IMG00245.JPG,conductor,1,0.3378,4893.42,2516.76,5419.65,2960.12
Copy of IMG00245.JPG,conductor,1,0.2803,5697.88,3393.55,6373.76,3938.73
Copy of IMG00245.JPG,conductor,1,0.2309,5067.75,3657.76,5890.41,4232.11
Copy of IMG00245.JPG,conductor,1,0.2237,5402.16,4088.91,6051.73,4566.29
Copy of IMG00245.JPG,conductor,1,0.2196,2592.13,2631.22,3335.64,3082.95
Copy of IMG00245.JPG,conductor,1,0.2066,2475.0,2645.94,3268.93,3161.88
Copy of IMG00245.JPG,conductor,1,0.2052,4559.32,3019.29,5117.6,3732.36
Copy of IMG00245.JPG,conductor,1,0.1964,6331.39,3931.63,6946.5,4440.22
Copy of IMG00245.JPG,conductor,1,0.1818,6564.35,3281.82,7209.34,3783.91
Copy of IMG00245.JPG,conductor,1,0.1721,6989.11,3613.9,7787.83,4148.59
Copy of IMG00245.JPG,conductor,1,0.1702,4471.86,2977.49,4917.25,3704.28
Copy of IMG00245.JPG,conductor,1,0.1663,6162.27,3746.03,6797.09,4317.64
Copy of IMG00245.JPG,insulator,2,0.1598,4024.79,2045.43,4231.85,2274.13
Copy of IMG00245.JPG,conductor,1,0.1588,5110.26,3760.95,5942.22,4433.63
Copy of IMG00245.JPG,conductor,1,0.156,4877.18,2366.71,5388.73,2976.84
Copy of IMG00245.JPG,conductor,1,0.1549,4620.93,3110.73,5205.88,3695.31
Copy of IMG00245.JPG,conductor,1,0.1534,4793.54,2195.2,5219.87,2606.43
Copy of IMG00245.JPG,conductor,1,0.1488,4839.07,2256.75,5318.58,2701.41
Copy of IMG00245.JPG,conductor,1,0.1487,5560.37,3188.87,6320.65,3888.58
Copy of IMG00245.JPG,conductor,1,0.1474,6462.71,5214.51,6998.23,5642.76
Copy of IMG00245.JPG,conductor,1,0.1466,6911.9,3534.5,7679.06,4102.68
Copy of IMG00245.JPG,conductor,1,0.1444,4677.64,3189.8,5278.89,3763.12
Copy of IMG00245.JPG,conductor,1,0.1302,2302.92,2676.64,3175.15,3321.88
Copy of IMG00245.JPG,conductor,1,0.1109,6845.32,5614.14,7428.02,6137.47
Copy of IMG00245.JPG,conductor,1,0.1051,4301.74,2963.17,4668.51,3622.85
Copy of IMG00245.JPG,conductor,1,0.1024,4433.08,2945.51,4818.13,3455.18
Copy of IMG00245.JPG,conductor,1,0.1008,4522.84,2991.33,5064.21,3547.03
Copy of IMG00245.JPG,insulator,2,0.098,4357.2,2279.56,4646.88,2507.71
Copy of IMG00245.JPG,insulator,2,0.098,3971.77,2469.65,4185.25,2697.86
Copy of IMG00245.JPG,conductor,1,0.0858,6755.23,5437.69,7354.06,5948.62
Copy of IMG00245.JPG,insulator,2,0.0826,4308.04,1859.43,4650.11,2190.6
Copy of IMG00245.JPG,conductor,1,0.0812,5967.62,3651.94,6655.87,4149.96
Copy of IMG00245.JPG,conductor,1,0.0809,4774.17,3331.99,5399.14,3866.44
Copy of IMG00245.JPG,conductor,1,0.0792,4759.56,2153.82,5134.33,2538.26
Copy of IMG00245.JPG,conductor,1,0.0764,4456.19,2964.87,4923.11,3501.53
Copy of IMG00245.JPG,conductor,1,0.0716,5762.42,3467.37,6461.86,3964.42
Copy of IMG00245.JPG,conductor,1,0.071,4998.66,3581.73,5703.57,4179.21
Copy of IMG00245.JPG,conductor,1,0.0664,6468.27,3185.84,7135.32,3674.45
Copy of IMG00245.JPG,conductor,1,0.0664,4862.33,2295.5,5384.28,2757.89
Copy of IMG00245.JPG,conductor,1,0.0657,4345.14,2987.75,4765.09,3645.76
Copy of IMG00245.JPG,conductor,1,0.0635,7028.64,3704.27,7730.46,4181.76
Copy of IMG00245.JPG,conductor,1,0.0619,6435.18,5189.56,6930.46,5579.66
Copy of IMG00245.JPG,conductor,1,0.0588,6844.92,3487.72,7546.67,3992.54
Copy of IMG00245.JPG,conductor,1,0.0587,6392.13,3138.45,7085.57,3617.31
Copy of IMG00245.JPG,conductor,1,0.0578,6758.56,3435.22,7451.89,3920.97
Copy of IMG00245.JPG,conductor,1,0.056,7350.02,5148.74,7874.29,5481.29
Copy of IMG00245.JPG,conductor,1,0.056,6107.28,3707.19,6691.32,4221.48
Copy of IMG00245.JPG,conductor,1,0.0558,4826.31,2373.8,5293.74,2823.92
Copy of IMG00245.JPG,conductor,1,0.0543,2741.67,2616.98,3373.63,2997.57
Copy of IMG00245.JPG,conductor,1,0.0537,6705.72,5396.85,7291.6,5878.94
Copy of IMG00245.JPG,conductor,1,0.0527,4842.68,3381.53,5529.14,3926.28
Copy of IMG00245.JPG,conductor,1,0.0523,6536.35,5292.45,7181.9,5760.43
Copy of IMG00245.JPG,conductor,1,0.0519,6490.6,5292.19,7029.14,5681.47
Copy of IMG00245.JPG,conductor,1,0.0511,6644.61,3356.49,7383.99,3867.74
Copy of IMG00245.JPG,pylon_fissure,3,0.0505,4025.5,3889.81,4153.67,5302.89
Copy of IMG00093.JPG,pylon,0,0.4641,4522.75,0.0,4948.42,2289.94
Copy of IMG00093.JPG,insulator,2,0.3459,5242.85,3444.12,5505.57,3778.89
Copy of IMG03477.JPG,conductor,1,0.8147,949.21,4981.35,3008.79,6336.0
Copy of IMG03477.JPG,insulator,2,0.7351,5998.28,561.49,6200.79,839.94
Copy of IMG03477.JPG,conductor,1,0.6724,4205.49,2810.61,5184.64,3677.67
Copy of IMG03477.JPG,conductor,1,0.6291,7303.81,320.54,8178.31,876.03
Copy of IMG03477.JPG,conductor,1,0.6149,0.0,4653.06,906.91,5518.97
Copy of IMG03477.JPG,conductor,1,0.6127,876.52,5136.87,2160.55,6303.83
Copy of IMG03477.JPG,insulator,2,0.6074,5255.62,710.63,5489.65,1081.18
Copy of IMG03477.JPG,conductor,1,0.5099,4474.13,1120.38,5163.52,1527.66
Copy of IMG03477.JPG,conductor,1,0.4897,1059.2,4708.95,3301.52,6308.21
Copy of IMG03477.JPG,insulator,2,0.4409,6721.99,803.7,6954.69,1159.77
Copy of IMG03477.JPG,conductor,1,0.3562,7401.06,265.62,8310.04,808.16
Copy of IMG03477.JPG,conductor,1,0.3045,3463.85,1655.59,4364.87,2171.59
Copy of IMG03477.JPG,conductor,1,0.3034,616.65,3290.04,1793.6,3922.18
Copy of IMG03477.JPG,conductor,1,0.2988,5158.19,2064.71,5806.63,2613.53
Copy of IMG03477.JPG,conductor,1,0.2974,798.0,3147.33,2081.45,3762.32
Copy of IMG03477.JPG,conductor,1,0.2842,0.0,4031.58,737.3,4707.85
Copy of IMG03477.JPG,conductor,1,0.2765,3958.85,1944.61,4796.38,2445.3
Copy of IMG03477.JPG,conductor,1,0.2676,907.12,3093.54,2231.32,3703.5
Copy of IMG03477.JPG,conductor,1,0.2661,1167.4,3871.11,2002.79,4317.1
Copy of IMG03477.JPG,conductor,1,0.256,7485.02,215.97,8423.19,743.12
Copy of IMG03477.JPG,conductor,1,0.2488,2706.59,2768.44,3718.73,3315.92
Copy of IMG03477.JPG,conductor,1,0.2468,1666.04,3565.06,2406.66,4066.35
Copy of IMG03477.JPG,conductor,1,0.2434,4560.24,1574.67,5246.87,2090.15
Copy of IMG03477.JPG,conductor,1,0.241,5073.89,1314.25,5518.27,1664.31
Copy of IMG03477.JPG,conductor,1,0.2333,3196.15,1768.2,4247.59,2293.84
Copy of IMG03477.JPG,conductor,1,0.228,7822.22,71.48,8588.6,600.9
Copy of IMG03477.JPG,conductor,1,0.2224,1.01,4098.47,591.52,4746.55
Copy of IMG03477.JPG,conductor,1,0.2118,3874.21,2075.5,4690.65,2599.92
Copy of IMG03477.JPG,conductor,1,0.211,1274.53,3805.58,2075.17,4281.04
Copy of IMG03477.JPG,conductor,1,0.2075,8060.73,14.68,8595.05,363.46
Copy of IMG03477.JPG,conductor,1,0.2018,3614.41,2173.34,4507.82,2659.76
Copy of IMG03477.JPG,conductor,1,0.1986,4616.15,1528.75,5269.2,2010.97
Copy of IMG03477.JPG,conductor,1,0.1938,7661.44,174.38,8500.52,656.22
Copy of IMG03477.JPG,pylon,0,0.1829,5893.87,1813.12,6303.78,3675.38
Copy of IMG03477.JPG,conductor,1,0.1805,3813.46,2005.46,4730.12,2513.39
Copy of IMG03477.JPG,conductor,1,0.1545,8016.78,25.97,8589.84,466.58
Copy of IMG03477.JPG,conductor,1,0.1408,7247.16,407.64,8032.72,913.37
Copy of IMG03477.JPG,conductor,1,0.1399,4332.14,1098.59,5156.56,1619.21
Copy of IMG03477.JPG,conductor,1,0.1357,2844.57,2166.5,3671.11,2577.34
Copy of IMG03477.JPG,conductor,1,0.1353,569.64,3401.41,1803.42,4028.59
Copy of IMG03477.JPG,conductor,1,0.1318,7279.56,0.0,7871.51,228.38
Copy of IMG03477.JPG,conductor,1,0.1302,6577.76,2959.45,8430.16,3491.22
Copy of IMG03477.JPG,conductor,1,0.1287,4820.18,2346.84,5520.24,2917.58
Copy of IMG03477.JPG,conductor,1,0.1244,4957.01,2178.56,5746.6,2716.73
Copy of IMG03477.JPG,conductor,1,0.1226,4434.84,1680.89,5123.25,2165.69
Copy of IMG03477.JPG,conductor,1,0.1214,1354.02,3732.66,2189.17,4252.51
Copy of IMG03477.JPG,conductor,1,0.1212,5278.49,2013.28,5850.22,2528.1
Copy of IMG03477.JPG,conductor,1,0.1164,1451.79,3601.55,2379.57,4180.74
Copy of IMG03477.JPG,conductor,1,0.1152,3957.87,1376.08,4772.4,1817.33
Copy of IMG03477.JPG,conductor,1,0.1129,3565.14,1561.47,4517.08,2112.07
Copy of IMG03477.JPG,conductor,1,0.1118,3077.73,2600.12,3881.52,3107.02
Copy of IMG03477.JPG,conductor,1,0.1112,3114.7,4071.18,3745.5,4468.43
Copy of IMG03477.JPG,conductor,1,0.1108,1236.08,3026.67,2287.46,3554.33
Copy of IMG03477.JPG,conductor,1,0.1085,20.21,2429.18,2276.94,2916.37
Copy of IMG03477.JPG,conductor,1,0.1081,4879.14,2281.19,5625.24,2799.61
Copy of IMG03477.JPG,conductor,1,0.1078,9125.54,0.0,9504.0,292.56
Copy of IMG03477.JPG,conductor,1,0.1061,2754.11,4151.42,3757.38,4947.57
Copy of IMG03477.JPG,conductor,1,0.1041,497.65,4356.26,1477.29,4911.84
Copy of IMG03477.JPG,conductor,1,0.0998,4557.85,1100.83,5196.04,1460.6
Copy of IMG03477.JPG,conductor,1,0.0991,4078.63,1315.8,4921.7,1775.15
Copy of IMG03477.JPG,conductor,1,0.0984,4075.78,1861.98,4892.49,2374.8
Copy of IMG03477.JPG,conductor,1,0.0958,1485.56,2949.08,2378.94,3433.46
Copy of IMG03477.JPG,conductor,1,0.0957,727.15,4289.5,1598.1,4797.2
Copy of IMG03477.JPG,conductor,1,0.095,8960.32,29.56,9504.0,313.81
Copy of IMG03477.JPG,conductor,1,0.0936,4330.42,1745.11,5028.05,2227.24
Copy of IMG03477.JPG,conductor,1,0.0926,17.0,3894.09,855.71,4411.2
Copy of IMG03477.JPG,conductor,1,0.0922,4955.09,1357.1,5507.09,1722.22
Copy of IMG03477.JPG,pylon,0,0.0922,6140.2,4107.67,6947.16,6306.2
Copy of IMG03477.JPG,conductor,1,0.0902,1051.35,3945.78,1957.75,4516.57
Copy of IMG03477.JPG,conductor,1,0.0894,2601.54,2236.2,3510.28,2658.06
Copy of IMG03477.JPG,conductor,1,0.0862,2597.32,2311.32,3433.6,2698.56
Copy of IMG03477.JPG,conductor,1,0.0835,4686.01,1482.89,5315.54,1917.98
Copy of IMG03477.JPG,conductor,1,0.0823,3793.29,1432.04,4760.56,1973.75
Copy of IMG03477.JPG,conductor,1,0.0807,6589.48,139.67,7106.89,479.71
Copy of IMG03477.JPG,conductor,1,0.0789,4759.77,1415.64,5408.41,1843.49
Copy of IMG03477.JPG,conductor,1,0.0787,1043.89,3910.15,1939.33,4377.66
Copy of IMG03477.JPG,conductor,1,0.0772,2904.02,2064.27,3813.54,2522.56
Copy of IMG03477.JPG,conductor,1,0.0765,0.0,4163.44,485.39,4800.21
Copy of IMG03477.JPG,conductor,1,0.0763,3516.88,2340.99,4226.68,2763.22
Copy of IMG03477.JPG,conductor,1,0.0725,3557.14,2293.44,4295.38,2716.98
Copy of IMG03477.JPG,conductor,1,0.0719,519.36,3475.1,1639.78,4077.78
Copy of IMG03477.JPG,conductor,1,0.0717,2992.78,1915.09,4062.42,2431.64
Copy of IMG03477.JPG,conductor,1,0.0713,3643.1,1494.79,4655.7,2081.25
Copy of IMG03477.JPG,conductor,1,0.0705,4193.59,1808.68,4982.24,2322.97
Copy of IMG03477.JPG,conductor,1,0.0702,2812.95,4127.12,3772.61,4723.84
Copy of IMG03477.JPG,conductor,1,0.0683,2965.26,4102.67,3769.51,4498.99
Copy of IMG03477.JPG,conductor,1,0.0681,165.15,3812.34,1142.93,4307.06
Copy of IMG03477.JPG,conductor,1,0.0677,1761.62,3520.02,2423.15,4006.63
Copy of IMG03477.JPG,conductor,1,0.0658,1.04,4198.87,356.9,4801.94
Copy of IMG03477.JPG,conductor,1,0.065,3.81,4824.55,771.23,5537.92
Copy of IMG03477.JPG,insulator,2,0.061,5932.62,1631.78,6143.73,1824.35
Copy of IMG03477.JPG,conductor,1,0.0607,7926.09,60.11,8549.95,511.29
Copy of IMG03477.JPG,conductor,1,0.0598,403.79,4437.84,1383.57,4971.43
Copy of IMG03477.JPG,conductor,1,0.0589,6773.38,155.97,7266.12,483.14
Copy of IMG03477.JPG,conductor,1,0.0584,298.28,3668.39,1360.58,4184.17
Copy of IMG03477.JPG,conductor,1,0.0583,9273.44,0.0,9502.64,285.31
Copy of IMG03477.JPG,insulator,2,0.0582,6687.65,861.42,6953.75,1194.05
Copy of IMG03477.JPG,conductor,1,0.0566,6698.66,124.27,7293.6,450.25
Copy of IMG03477.JPG,conductor,1,0.0564,2798.51,2705.84,3767.4,3253.23
Copy of IMG03477.JPG,conductor,1,0.0548,7110.78,0.0,7873.14,288.81
Copy of IMG03477.JPG,conductor,1,0.0537,0.58,3959.85,817.42,4517.03
Copy of IMG03477.JPG,conductor,1,0.0534,2567.05,2394.71,3367.83,2786.15
Copy of IMG03477.JPG,conductor,1,0.0532,2652.13,2891.67,3482.27,3389.73
Copy of IMG03477.JPG,conductor,1,0.0528,4738.16,2474.53,5462.89,3030.84
Copy of IMG03477.JPG,conductor,1,0.0524,409.41,3601.17,1447.04,4143.98
Copy of IMG03477.JPG,conductor,1,0.0523,6992.68,112.81,7418.29,418.08
Copy of IMG03477.JPG,conductor,1,0.0512,7167.49,0.0,7732.13,250.05
Copy of IMG03477.JPG,conductor,1,0.051,4146.13,1192.68,5114.74,1733.04
Copy of IMG00250.JPG,conductor,1,0.6689,5172.28,3506.65,5960.16,4730.52
Copy of IMG00250.JPG,conductor,1,0.5596,5820.03,5351.51,6371.23,6184.81
Copy of IMG00250.JPG,insulator,2,0.4407,5103.58,2984.86,5360.49,3243.08
Copy of IMG00250.JPG,pylon,0,0.3086,4502.36,3198.3,4933.7,6298.33
Copy of IMG00250.JPG,insulator,2,0.2848,4013.1,3028.51,4240.43,3327.42
Copy of IMG00250.JPG,conductor,1,0.2835,5308.15,5450.16,5755.55,6215.55
Copy of IMG00250.JPG,conductor,1,0.2739,5776.54,5336.12,6340.37,5987.63
Copy of IMG00250.JPG,insulator,2,0.2587,4775.22,2229.27,5046.45,2566.5
Copy of IMG00250.JPG,insulator,2,0.2572,4575.71,2882.82,4749.1,3094.05
Copy of IMG00250.JPG,insulator,2,0.2341,8771.52,276.54,8988.48,529.7
Copy of IMG00250.JPG,conductor,1,0.2334,5591.56,4562.95,6143.07,5261.34
Copy of IMG00250.JPG,insulator,2,0.1837,5153.41,2058.72,5347.81,2267.68
Copy of IMG00250.JPG,insulator,2,0.1752,4791.62,2173.65,5048.96,2506.71
Copy of IMG00250.JPG,conductor,1,0.1601,4364.21,3179.86,4970.79,6258.97
Copy of IMG00250.JPG,insulator,2,0.1569,4753.56,2269.64,5035.3,2615.15
Copy of IMG00250.JPG,conductor,1,0.1343,5117.7,4843.65,5730.95,6222.13
Copy of IMG00250.JPG,conductor,1,0.1334,5067.18,4742.25,5569.16,5620.63
Copy of IMG00250.JPG,conductor,1,0.1254,5739.47,5306.63,6316.45,5856.27
Copy of IMG00250.JPG,conductor,1,0.1208,5995.98,5628.38,6399.03,6219.23
Copy of IMG00250.JPG,conductor,1,0.105,6050.15,5747.99,6402.98,6233.18
Copy of IMG00250.JPG,conductor,1,0.0953,5272.53,4997.09,5751.06,6215.42
Copy of IMG00250.JPG,insulator,2,0.0944,595.08,1537.01,928.91,1825.02
Copy of IMG00250.JPG,conductor,1,0.0937,5567.4,4506.74,6077.06,5096.39
Copy of IMG00250.JPG,conductor,1,0.0583,5915.37,5471.45,6399.6,6239.95
Copy of IMG00250.JPG,pylon,0,0.0553,4398.06,3164.65,5031.73,6270.97
Copy of IMG00250.JPG,conductor,1,0.0505,6186.19,5070.74,6657.41,5461.41
Copy of IMG00520.JPG,insulator,2,0.9115,4336.27,2982.46,4566.62,3220.83
Copy of IMG00520.JPG,insulator,2,0.7695,3622.68,3047.94,3904.69,3348.48
Copy of IMG00520.JPG,insulator,2,0.7491,4985.24,3126.07,5272.68,3437.22
Copy of IMG00520.JPG,pylon,0,0.7089,4079.11,3386.19,4583.62,6289.23
Copy of IMG00520.JPG,conductor,1,0.2475,5007.48,972.65,5279.37,2719.46
Copy of IMG00520.JPG,conductor,1,0.2063,2600.77,2880.14,3480.92,3222.04
Copy of IMG00520.JPG,conductor,1,0.1969,15.59,4287.35,1162.14,4637.81
Copy of IMG00520.JPG,conductor,1,0.1963,22.35,4056.4,736.05,4282.6
Copy of IMG00520.JPG,conductor,1,0.1812,1.57,4421.84,684.14,4878.35
Copy of IMG00520.JPG,conductor,1,0.1764,1.81,4464.63,577.27,4808.06
Copy of IMG00520.JPG,conductor,1,0.168,596.2,4369.73,1160.8,4630.48
Copy of IMG00520.JPG,conductor,1,0.146,1.63,4347.13,1060.75,4800.6
Copy of IMG00520.JPG,conductor,1,0.1416,39.11,4077.93,861.13,4303.56
Copy of IMG00520.JPG,conductor,1,0.1176,3.35,4085.26,983.81,4372.9
Copy of IMG00520.JPG,conductor,1,0.1155,4888.38,907.85,5296.52,2678.13
Copy of IMG00520.JPG,conductor,1,0.1155,2668.65,2832.26,3467.53,3126.88
Copy of IMG00520.JPG,conductor,1,0.1068,553.26,4300.96,1209.46,4582.24
Copy of IMG00520.JPG,conductor,1,0.1033,10.45,4444.64,982.57,4939.78
Copy of IMG00520.JPG,conductor,1,0.1001,16.41,4126.99,1099.23,4421.66
Copy of IMG00520.JPG,conductor,1,0.0961,994.65,4385.49,2498.84,5059.71
Copy of IMG00520.JPG,pylon,0,0.091,4178.67,3352.06,4549.13,6336.0
Copy of IMG00520.JPG,conductor,1,0.089,1519.72,2646.59,3075.11,2976.78
Copy of IMG00520.JPG,conductor,1,0.0759,297.94,4281.76,1195.59,4542.72
Copy of IMG00520.JPG,conductor,1,0.0752,2746.83,2887.54,3494.38,3162.99
Copy of IMG00520.JPG,conductor,1,0.0728,3836.1,1284.94,4188.27,2747.84
Copy of IMG00520.JPG,conductor,1,0.0596,94.68,4102.91,1093.62,4313.29
Copy of IMG00520.JPG,conductor,1,0.059,131.61,4593.09,874.41,4969.31
Copy of IMG00520.JPG,conductor,1,0.0561,376.7,4209.92,1218.13,4408.92
Copy of IMG00520.JPG,conductor,1,0.0551,257.52,4647.38,941.81,4999.79
Copy of IMG00520.JPG,conductor,1,0.0545,157.52,4187.32,1187.79,4385.72
Copy of IMG00520.JPG,conductor,1,0.0529,542.1,4429.39,1113.38,4683.49
Copy of IMG00520.JPG,conductor,1,0.0514,2360.4,2780.86,3355.89,3033.29
Copy of IMG00520.JPG,conductor,1,0.0511,0.46,4434.93,396.26,4752.39
Copy of IMG00520.JPG,conductor,1,0.051,7609.42,4367.69,9309.41,5085.51
Copy of IMG00520.JPG,conductor,1,0.0506,8.26,4149.25,616.19,4350.49
Copy of IMG00015.JPG,conductor,1,0.7845,7250.29,3602.53,8353.76,4166.39
Copy of IMG00015.JPG,conductor,1,0.5667,4298.79,3616.07,6229.56,4717.11
Copy of IMG00015.JPG,conductor,1,0.5574,5487.81,5362.43,6359.92,6241.14
Copy of IMG00015.JPG,conductor,1,0.4938,6906.36,4078.2,7737.71,4698.3
Copy of IMG00015.JPG,conductor,1,0.4747,6253.58,4829.55,7617.12,5823.49
Copy of IMG00015.JPG,conductor,1,0.4546,4127.68,2182.71,5207.46,2767.33
Copy of IMG00015.JPG,conductor,1,0.4534,6181.36,3568.61,7125.74,4192.07
Copy of IMG00015.JPG,conductor,1,0.4378,5295.66,2125.7,6301.8,2718.04
Copy of IMG00015.JPG,conductor,1,0.3841,8832.72,5386.87,9504.0,5954.82
Copy of IMG00015.JPG,conductor,1,0.3581,6715.99,3193.4,7555.36,3699.06
Copy of IMG00015.JPG,conductor,1,0.3418,7426.09,4485.18,8320.75,5060.13
Copy of IMG00015.JPG,conductor,1,0.3375,4937.38,2602.42,5751.39,3133.26
Copy of IMG00015.JPG,conductor,1,0.3293,4833.02,3735.49,6206.97,4775.96
Copy of IMG00015.JPG,conductor,1,0.3232,1489.69,1914.94,2308.19,2496.71
Copy of IMG00015.JPG,conductor,1,0.2712,7886.18,3972.61,8810.01,4544.72
Copy of IMG00015.JPG,conductor,1,0.2669,5554.52,3176.56,6477.04,3722.35
Copy of IMG00015.JPG,conductor,1,0.2446,1652.61,1389.22,2826.91,2054.51
Copy of IMG00015.JPG,conductor,1,0.2374,6040.8,2710.61,6999.0,3270.47
Copy of IMG00015.JPG,conductor,1,0.2367,5492.14,3097.75,6402.13,3668.07
Copy of IMG00015.JPG,conductor,1,0.2251,2447.81,804.74,3283.76,1328.7
Copy of IMG00015.JPG,conductor,1,0.2186,2443.22,842.02,3171.42,1262.85
Copy of IMG00015.JPG,conductor,1,0.2183,8502.44,4456.18,9502.2,5148.8
Copy of IMG00015.JPG,conductor,1,0.217,5238.7,2070.48,6185.43,2643.56
Copy of IMG00015.JPG,conductor,1,0.1991,5661.74,4385.57,6811.0,5333.23
Copy of IMG00015.JPG,conductor,1,0.1914,5696.24,3246.47,6533.22,3787.84
Copy of IMG00015.JPG,conductor,1,0.1804,5889.97,2612.89,6922.76,3194.56
Copy of IMG00015.JPG,conductor,1,0.1711,2110.82,2377.66,2918.95,2911.42
Copy of IMG00015.JPG,conductor,1,0.1696,5837.54,2566.45,6787.74,3096.22
Copy of IMG00015.JPG,conductor,1,0.1672,5.84,160.97,969.39,836.56
Copy of IMG00015.JPG,conductor,1,0.1641,7774.26,3941.36,8732.73,4470.44
Copy of IMG00015.JPG,conductor,1,0.1476,3199.37,1494.77,4292.41,2107.65
Copy of IMG00015.JPG,conductor,1,0.1361,6188.06,2788.77,7059.79,3340.03
Copy of IMG00015.JPG,conductor,1,0.1336,6093.01,3499.5,6980.81,4124.33
Copy of IMG00015.JPG,conductor,1,0.1306,5409.95,2946.43,6208.0,3493.71
Copy of IMG00015.JPG,conductor,1,0.1258,5448.85,3028.15,6313.09,3587.92
Copy of IMG00015.JPG,conductor,1,0.1219,4367.87,1484.19,5290.12,2057.58
Copy of IMG00015.JPG,conductor,1,0.1183,3397.14,1630.9,4467.88,2230.61
Copy of IMG00015.JPG,conductor,1,0.1112,8997.48,5512.0,9504.0,6194.36
Copy of IMG00015.JPG,conductor,1,0.1076,6246.86,3657.34,7207.31,4234.07
Copy of IMG00015.JPG,conductor,1,0.1038,8943.57,5457.99,9503.13,6021.69
Copy of IMG00015.JPG,conductor,1,0.1031,0.46,1236.99,622.16,1932.93
Copy of IMG00015.JPG,conductor,1,0.1028,4777.46,2522.75,5687.32,3055.25
Copy of IMG00015.JPG,conductor,1,0.0992,3479.4,2708.2,4737.3,3492.44
Copy of IMG00015.JPG,conductor,1,0.0964,4672.05,2460.94,5563.99,2957.79
Copy of IMG00015.JPG,conductor,1,0.0946,4020.76,2025.69,4870.82,2482.93
Copy of IMG00015.JPG,conductor,1,0.0928,5707.17,2510.43,6737.54,3031.27
Copy of IMG00015.JPG,conductor,1,0.0928,3174.16,1402.43,4121.9,2016.2
Copy of IMG00015.JPG,conductor,1,0.0908,2890.91,1101.61,3591.3,1525.3
Copy of IMG00015.JPG,conductor,1,0.0889,5832.75,3287.63,6609.48,3848.74
Copy of IMG00015.JPG,conductor,1,0.0861,4535.05,2420.71,5496.17,2904.61
Copy of IMG00015.JPG,conductor,1,0.0851,7107.4,3492.12,8160.47,4064.68
Copy of IMG00015.JPG,conductor,1,0.0841,4264.94,3313.04,5549.04,4238.9
Copy of IMG00015.JPG,conductor,1,0.0815,7841.82,5635.61,8357.95,6218.88
Copy of IMG00015.JPG,conductor,1,0.0802,6829.76,4010.66,7648.09,4604.1
Copy of IMG00015.JPG,conductor,1,0.0799,6545.74,3130.36,7447.37,3654.78
Copy of IMG00015.JPG,conductor,1,0.0764,5920.73,3374.0,6750.72,3964.86
Copy of IMG00015.JPG,conductor,1,0.0753,5379.87,2234.0,6444.11,2824.45
Copy of IMG00015.JPG,conductor,1,0.0744,4359.59,2329.31,5364.11,2880.15
Copy of IMG00015.JPG,conductor,1,0.0721,6301.73,2890.46,7157.24,3434.39
Copy of IMG00015.JPG,conductor,1,0.0694,7508.25,3832.24,8672.39,4398.72
Copy of IMG00015.JPG,conductor,1,0.0693,7641.67,5570.36,8323.14,6129.11
Copy of IMG00015.JPG,conductor,1,0.0685,5546.38,4189.72,6706.38,5203.97
Copy of IMG00015.JPG,conductor,1,0.0665,6023.16,3427.04,6824.65,4020.61
Copy of IMG00015.JPG,conductor,1,0.0657,7328.61,3689.83,8643.58,4360.67
Copy of IMG00015.JPG,conductor,1,0.0657,7314.02,3691.32,8421.54,4226.51
Copy of IMG00015.JPG,conductor,1,0.0655,4980.37,2710.99,5863.61,3234.45
Copy of IMG00015.JPG,conductor,1,0.0648,8452.11,4425.4,9504.0,4964.06
Copy of IMG00015.JPG,conductor,1,0.0621,9136.26,5586.65,9504.0,6296.8
Copy of IMG00015.JPG,conductor,1,0.06,3432.17,2606.52,4622.31,3396.05
Copy of IMG00015.JPG,conductor,1,0.0588,5170.58,2049.65,6050.66,2536.8
Copy of IMG00015.JPG,conductor,1,0.0577,6394.8,3770.58,7295.88,4304.98
Copy of IMG00015.JPG,conductor,1,0.0565,3454.09,3290.0,4195.01,3863.48
Copy of IMG00015.JPG,conductor,1,0.0555,7359.72,4408.45,8226.09,4933.97
Copy of IMG00015.JPG,conductor,1,0.0554,4101.02,2114.18,5110.07,2672.36
Copy of IMG00015.JPG,conductor,1,0.0546,2344.4,1818.08,3575.84,2659.27
Copy of IMG00015.JPG,conductor,1,0.0537,8711.31,5347.75,9479.02,5851.41
Copy of IMG00015.JPG,conductor,1,0.0518,4239.79,3326.09,5452.94,3969.63
Copy of IMG03516.JPG,pylon,0,0.8665,3898.92,2404.7,4583.79,6266.22
Copy of IMG03516.JPG,insulator,2,0.8432,3789.95,710.64,4091.36,1156.18
Copy of IMG03516.JPG,insulator,2,0.8038,3777.3,1400.83,4062.83,1793.06
Copy of IMG03516.JPG,insulator,2,0.7241,3797.15,2011.73,4044.69,2387.78
Copy of IMG03516.JPG,conductor,1,0.6873,6308.01,4225.58,7704.76,5151.93
Copy of IMG03516.JPG,conductor,1,0.5653,8117.74,4689.13,9500.6,5471.43
Copy of IMG03516.JPG,conductor,1,0.5518,8206.38,5645.49,9299.66,6291.87
Copy of IMG03516.JPG,conductor,1,0.5373,5070.65,2435.07,6086.62,2985.54
Copy of IMG03516.JPG,conductor,1,0.5282,5141.84,3244.98,6195.28,4034.1
Copy of IMG03516.JPG,conductor,1,0.4987,5349.65,1841.91,6659.44,2460.47
Copy of IMG03516.JPG,conductor,1,0.4465,6286.06,2349.2,7603.67,2981.9
Copy of IMG03516.JPG,conductor,1,0.4464,6040.74,3074.14,7151.72,3711.91
Copy of IMG03516.JPG,conductor,1,0.4379,4588.88,2702.57,5272.35,3348.77
Copy of IMG03516.JPG,conductor,1,0.4124,4897.59,765.21,5842.1,1236.16
Copy of IMG03516.JPG,conductor,1,0.3848,6690.63,3515.69,7870.43,4249.27
Copy of IMG03516.JPG,conductor,1,0.3831,5927.99,5173.02,7144.92,6231.58
Copy of IMG03516.JPG,conductor,1,0.3794,7157.52,2875.27,8460.46,3552.75
Copy of IMG03516.JPG,conductor,1,0.3756,8353.61,4797.24,9503.52,5564.82
Copy of IMG03516.JPG,conductor,1,0.3375,0.0,2129.83,1720.6,2531.49
Copy of IMG03516.JPG,conductor,1,0.3107,5220.88,1675.87,6542.6,2378.89
Copy of IMG03516.JPG,conductor,1,0.2975,7923.82,3428.47,9444.05,4171.18
Copy of IMG03516.JPG,conductor,1,0.2939,6339.43,2439.66,7726.71,3108.8
Copy of IMG03516.JPG,conductor,1,0.289,8038.82,5555.91,9202.89,6278.1
Copy of IMG03516.JPG,conductor,1,0.285,6764.57,3640.76,7953.04,4297.53
Copy of IMG03516.JPG,conductor,1,0.2712,5182.87,1631.95,6445.61,2219.48
Copy of IMG03516.JPG,conductor,1,0.2521,7736.4,4197.38,8867.05,4944.1
Copy of IMG03516.JPG,conductor,1,0.2428,7764.64,3307.26,9311.46,4035.29
Copy of IMG03516.JPG,conductor,1,0.2234,6873.66,3683.26,8093.71,4379.84
Copy of IMG03516.JPG,conductor,1,0.2195,7870.09,5405.43,9131.21,6265.98
Copy of IMG03516.JPG,conductor,1,0.2179,6121.66,3152.52,7240.1,3803.92
Copy of IMG03516.JPG,conductor,1,0.2134,7967.16,4487.24,9496.08,5331.39
Copy of IMG03516.JPG,conductor,1,0.2105,5878.01,2936.38,6923.19,3539.21
Copy of IMG03516.JPG,conductor,1,0.2085,6279.64,3235.29,7451.08,3963.31
Copy of IMG03516.JPG,conductor,1,0.2038,6594.92,3436.68,7745.12,4147.27
Copy of IMG03516.JPG,conductor,1,0.1857,5159.54,1614.9,6268.08,2083.55
Copy of IMG03516.JPG,conductor,1,0.1799,4784.73,2207.93,5542.67,2641.87
Copy of IMG03516.JPG,conductor,1,0.1733,8691.81,3831.29,9501.55,4562.46
Copy of IMG03516.JPG,conductor,1,0.1727,7882.27,4340.23,9434.94,5173.06
Copy of IMG03516.JPG,conductor,1,0.1723,5248.38,3381.15,6304.13,4152.56
Copy of IMG03516.JPG,conductor,1,0.1722,6515.59,2524.02,7821.58,3194.33
Copy of IMG03516.JPG,insulator,2,0.1701,3797.09,1977.32,4122.29,2405.33
Copy of IMG03516.JPG,conductor,1,0.1533,2.34,1981.73,853.96,2533.0
Copy of IMG03516.JPG,conductor,1,0.1497,8443.76,3727.67,9504.0,4398.1
Copy of IMG03516.JPG,conductor,1,0.1378,4681.49,2144.74,5430.86,2552.49
Copy of IMG03516.JPG,conductor,1,0.1357,5894.19,3818.35,6771.72,4514.54
Copy of IMG03516.JPG,conductor,1,0.1336,5004.91,3109.15,6023.9,3919.05
Copy of IMG03516.JPG,conductor,1,0.1304,7634.94,5174.15,8808.15,6237.73
Copy of IMG03516.JPG,conductor,1,0.1292,2168.37,1598.8,3533.02,2156.19
Copy of IMG03516.JPG,conductor,1,0.1287,4637.64,2791.95,5425.42,3423.83
Copy of IMG03516.JPG,conductor,1,0.1285,7024.55,3769.06,8177.36,4438.79
Copy of IMG03516.JPG,conductor,1,0.1253,5190.79,2498.38,6160.57,3054.83
Copy of IMG03516.JPG,conductor,1,0.1242,5084.32,4572.35,6286.43,5523.14
Copy of IMG03516.JPG,conductor,1,0.1166,8461.44,5847.59,9407.65,6308.84
Copy of IMG03516.JPG,conductor,1,0.1146,8016.31,3582.6,9502.57,4235.36
Copy of IMG03516.JPG,conductor,1,0.1114,3.34,2002.55,1571.4,2540.0
Copy of IMG03516.JPG,conductor,1,0.1113,4829.39,2258.2,5729.06,2723.51
Copy of IMG03516.JPG,conductor,1,0.1073,6469.84,3331.05,7637.56,4088.14
Copy of IMG03516.JPG,conductor,1,0.1067,4689.2,2861.21,5516.84,3501.56
Copy of IMG03516.JPG,conductor,1,0.1056,4889.61,2319.66,6022.21,2861.65
Copy of IMG03516.JPG,conductor,1,0.1051,7300.66,3031.45,8807.46,3709.48
Copy of IMG03516.JPG,conductor,1,0.1003,5783.99,2829.72,6710.97,3434.68
Copy of IMG03516.JPG,conductor,1,0.0969,8677.81,5943.35,9467.03,6330.85
Copy of IMG03516.JPG,conductor,1,0.0965,4560.92,2657.05,5194.11,3204.02
Copy of IMG03516.JPG,conductor,1,0.0954,4779.07,2932.58,5672.8,3620.01
Copy of IMG03516.JPG,conductor,1,0.0897,0.0,2035.84,1225.88,2499.0
Copy of IMG03516.JPG,conductor,1,0.0894,5550.48,2711.23,6524.55,3369.48
Copy of IMG03516.JPG,conductor,1,0.0893,1145.74,1862.46,2502.75,2296.44
Copy of IMG03516.JPG,conductor,1,0.0886,7243.57,4955.02,8554.8,5801.87
Copy of IMG03516.JPG,conductor,1,0.0879,8346.16,5737.78,9455.8,6304.48
Copy of IMG03516.JPG,conductor,1,0.0868,6112.64,4079.03,7602.75,5113.89
Copy of IMG03516.JPG,conductor,1,0.0821,2285.93,1845.94,3505.04,2233.96
Copy of IMG03516.JPG,conductor,1,0.0784,5113.8,1584.53,6078.96,2005.09
Copy of IMG03516.JPG,conductor,1,0.0774,52.3,2085.36,1793.85,2462.56
Copy of IMG03516.JPG,conductor,1,0.0767,5756.28,3728.51,6695.01,4451.12
Copy of IMG03516.JPG,conductor,1,0.0763,5909.78,2986.05,7058.3,3659.09
Copy of IMG03516.JPG,conductor,1,0.0713,8960.12,3972.38,9504.0,4615.26
Copy of IMG03516.JPG,conductor,1,0.0711,6760.4,2663.74,8152.38,3332.25
Copy of IMG03516.JPG,conductor,1,0.0694,6443.56,4324.1,7798.02,5267.56
Copy of IMG03516.JPG,conductor,1,0.0687,7529.18,3214.66,9197.34,3936.38
Copy of IMG03516.JPG,conductor,1,0.0685,5546.65,3541.4,6495.57,4237.34
Copy of IMG03516.JPG,conductor,1,0.0683,5382.36,3454.16,6423.88,4217.75
Copy of IMG03516.JPG,conductor,1,0.0667,5065.08,589.95,6154.26,1030.45
Copy of IMG03516.JPG,conductor,1,0.0652,5437.26,1870.77,6541.46,2368.98
Copy of IMG03516.JPG,conductor,1,0.0625,5997.52,3865.52,7040.31,4588.26
Copy of IMG03516.JPG,conductor,1,0.0612,7020.32,2822.25,8321.17,3444.68
Copy of IMG03516.JPG,conductor,1,0.0608,5493.71,1915.38,6795.63,2497.25
Copy of IMG03516.JPG,conductor,1,0.0601,7507.21,5053.07,8682.52,5958.52
Copy of IMG03516.JPG,conductor,1,0.0589,4573.42,2066.47,5176.17,2449.67
Copy of IMG03516.JPG,conductor,1,0.0585,4957.32,637.89,6156.82,1120.56
Copy of IMG03516.JPG,conductor,1,0.0585,7808.32,4293.81,9112.42,5069.91
Copy of IMG03516.JPG,conductor,1,0.058,0.67,3282.92,750.59,4182.57
Copy of IMG03516.JPG,conductor,1,0.0572,7039.84,3839.22,8326.19,4549.55
Copy of IMG03516.JPG,conductor,1,0.0566,2149.52,1535.61,3359.02,1922.76
Copy of IMG03516.JPG,conductor,1,0.0542,0.98,3123.44,684.76,4001.6
Copy of IMG03516.JPG,conductor,1,0.0531,5435.9,2645.63,6423.32,3237.16
Copy of IMG03516.JPG,conductor,1,0.0525,5194.66,509.27,6151.82,958.43
Copy of IMG03516.JPG,conductor,1,0.0521,746.34,1377.51,2046.74,1811.38
Copy of IMG03516.JPG,conductor,1,0.0517,6693.38,2613.73,7928.31,3255.49
Copy of IMG03516.JPG,conductor,1,0.051,8648.97,4907.89,9504.0,5561.89
Copy of IMG03516.JPG,conductor,1,0.0501,7121.81,4895.33,8421.21,5686.62
Copy of IMG00194.JPG,insulator,2,0.2,359.83,5447.26,616.37,5656.4
Copy of IMG00194.JPG,conductor,1,0.1813,4316.04,2953.02,5045.36,6213.43
Copy of IMG00194.JPG,conductor,1,0.1696,5023.66,1890.94,9444.28,2435.25
Copy of IMG00194.JPG,insulator,2,0.1696,0.0,5490.25,118.53,5667.96
Copy of IMG00194.JPG,conductor,1,0.1424,4754.16,1978.82,9504.0,2546.77
Copy of IMG00194.JPG,insulator,2,0.0586,84.31,5456.51,294.83,5647.86
Copy of IMG00194.JPG,conductor,1,0.0583,86.39,2477.69,4579.73,3241.68
Copy of IMG00194.JPG,pylon,0,0.0547,48.23,5772.57,369.24,6297.79
Copy of IMG00194.JPG,conductor,1,0.0503,0.0,2644.35,4725.83,3490.73
Copy of IMG00023.JPG,conductor,1,0.7669,5091.26,5242.17,6074.43,6293.02
Copy of IMG00023.JPG,conductor,1,0.7163,1.26,291.5,896.08,1696.15
Copy of IMG00023.JPG,conductor,1,0.6882,6049.73,4411.9,8780.71,6245.0
Copy of IMG00023.JPG,pylon,0,0.657,2621.28,2747.68,3311.16,6183.74
Copy of IMG00023.JPG,insulator,2,0.504,2350.85,2676.7,2757.41,3126.46
Copy of IMG00023.JPG,insulator,2,0.5022,3431.97,1904.67,3856.09,2370.52
Copy of IMG00023.JPG,conductor,1,0.495,706.18,132.48,1542.84,1027.16
Copy of IMG00023.JPG,conductor,1,0.2826,6219.8,4870.0,8317.41,6293.03
Copy of IMG00023.JPG,conductor,1,0.195,2447.15,1001.35,3360.98,1539.82
Copy of IMG00023.JPG,conductor,1,0.1882,0.0,171.85,623.8,1667.33
Copy of IMG00023.JPG,conductor,1,0.1787,1771.84,490.77,2752.98,1149.89
Copy of IMG00023.JPG,conductor,1,0.1623,622.64,1360.62,1765.78,2107.32
Copy of IMG00023.JPG,insulator,2,0.1604,2902.31,1909.58,3338.26,2300.48
Copy of IMG00023.JPG,conductor,1,0.1249,3958.58,739.04,5158.81,1916.75
Copy of IMG00023.JPG,conductor,1,0.1128,1829.69,3506.19,2259.19,6277.08
Copy of IMG00023.JPG,conductor,1,0.1043,1408.87,816.18,2280.78,1451.8
Copy of IMG00023.JPG,conductor,1,0.0991,604.54,67.58,1243.14,769.46
Copy of IMG00023.JPG,conductor,1,0.0977,1235.47,28.3,1975.57,642.64
Copy of IMG00023.JPG,conductor,1,0.091,3944.04,1063.88,5039.97,1953.33
Copy of IMG00023.JPG,conductor,1,0.0889,5001.91,3515.79,6366.21,4943.02
Copy of IMG00023.JPG,conductor,1,0.0869,1241.32,27.73,1831.33,523.14
Copy of IMG00023.JPG,conductor,1,0.0851,658.12,105.14,1373.77,868.75
Copy of IMG00023.JPG,conductor,1,0.0815,1751.67,252.67,2685.85,1106.62
Copy of IMG00023.JPG,conductor,1,0.0766,2241.07,892.14,3326.57,1501.08
Copy of IMG00023.JPG,conductor,1,0.0604,0.0,103.14,299.93,1604.0
Copy of IMG00023.JPG,insulator,2,0.0569,2807.99,2557.37,3192.98,2986.19
Copy of IMG00023.JPG,conductor,1,0.0562,799.18,224.64,1777.56,1146.12
Copy of IMG00023.JPG,conductor,1,0.0545,0.0,99.16,241.43,1124.35
Copy of IMG00023.JPG,conductor,1,0.0542,1122.53,594.19,2098.16,1288.96
Copy of IMG00023.JPG,conductor,1,0.0528,1253.18,750.31,2221.53,1374.1
Copy of IMG03469.JPG,conductor,1,0.1661,3032.89,5165.65,3603.89,5458.54
Copy of IMG03469.JPG,conductor,1,0.1558,2620.6,5410.01,3234.05,5780.86
Copy of IMG03469.JPG,conductor,1,0.1376,4331.88,4418.24,4980.46,4657.56
Copy of IMG03469.JPG,conductor,1,0.1242,4211.33,4439.86,4945.79,4688.84
Copy of IMG03469.JPG,conductor,1,0.1108,3320.73,5377.67,3862.71,5776.63
Copy of IMG03469.JPG,conductor,1,0.1018,4264.32,4596.74,4745.97,4815.01
Copy of IMG03469.JPG,conductor,1,0.1008,2951.64,5187.11,3539.33,5502.59
Copy of IMG03469.JPG,conductor,1,0.096,1688.75,5042.12,2213.69,5268.25
Copy of IMG03469.JPG,conductor,1,0.0935,4253.07,4564.62,4818.78,4787.44
Copy of IMG03469.JPG,conductor,1,0.0917,2689.17,5338.03,3375.12,5703.08
Copy of IMG03469.JPG,conductor,1,0.0912,3895.89,4653.88,4403.88,4870.44
Copy of IMG03469.JPG,conductor,1,0.0889,3834.36,4645.0,4324.67,4859.07
Copy of IMG03469.JPG,conductor,1,0.0839,1798.32,5050.11,2271.63,5263.41
Copy of IMG03469.JPG,conductor,1,0.083,4483.75,4381.69,5052.34,4627.54
Copy of IMG03469.JPG,pylon_fissure,3,0.0804,5092.06,2153.28,5221.32,3474.82
Copy of IMG03469.JPG,conductor,1,0.0788,5392.23,4272.58,5931.0,4533.13
Copy of IMG03469.JPG,conductor,1,0.0756,2129.11,5328.97,2594.92,5588.51
Copy of IMG03469.JPG,pylon_fissure,3,0.0744,4404.64,2323.17,4555.44,3406.95
Copy of IMG03469.JPG,conductor,1,0.0728,4978.3,4110.69,5551.87,4372.29
Copy of IMG03469.JPG,conductor,1,0.0727,2592.14,5024.97,3056.32,5276.25
Copy of IMG03469.JPG,conductor,1,0.0707,4683.12,4316.84,5195.76,4556.02
Copy of IMG03469.JPG,conductor,1,0.0691,5071.33,4086.05,5671.29,4357.76
Copy of IMG03469.JPG,conductor,1,0.0677,2743.82,4999.46,3136.78,5244.14
Copy of IMG03469.JPG,conductor,1,0.0668,4931.53,4142.06,5485.25,4410.65
Copy of IMG03469.JPG,conductor,1,0.0667,2244.93,5270.2,2656.62,5528.35
Copy of IMG03469.JPG,conductor,1,0.0654,4105.95,4628.85,4701.03,4864.17
Copy of IMG03469.JPG,conductor,1,0.0629,1746.46,5066.28,2198.99,5294.95
Copy of IMG03469.JPG,conductor,1,0.0628,3802.56,4938.95,4319.77,5206.25
Copy of IMG03469.JPG,conductor,1,0.0623,1580.14,5394.71,2578.6,5798.5
Copy of IMG03469.JPG,conductor,1,0.0619,4586.8,4336.08,5155.43,4586.74
Copy of IMG03469.JPG,conductor,1,0.0618,2019.42,5366.43,2511.64,5630.6
Copy of IMG03469.JPG,conductor,1,0.0613,4851.16,4192.09,5424.62,4468.1
Copy of IMG03469.JPG,conductor,1,0.0606,1557.43,5072.37,2092.54,5319.41
Copy of IMG03469.JPG,conductor,1,0.0601,5144.55,4058.3,5681.05,4310.39
Copy of IMG03469.JPG,conductor,1,0.0599,2485.82,5028.93,2942.43,5265.27
Copy of IMG03469.JPG,conductor,1,0.0594,2038.6,4902.41,2519.61,5139.86
Copy of IMG03469.JPG,conductor,1,0.0589,3395.85,5296.49,4001.48,5697.24
Copy of IMG03469.JPG,conductor,1,0.0584,1621.52,5331.64,2532.32,5683.95
Copy of IMG03469.JPG,conductor,1,0.0579,6226.72,5205.29,8836.52,5563.2
Copy of IMG03469.JPG,conductor,1,0.0566,4153.48,4428.75,4817.44,4640.36
Copy of IMG03469.JPG,conductor,1,0.0555,3675.9,4658.92,4253.01,4886.99
Copy of IMG03469.JPG,conductor,1,0.0534,1547.91,5033.26,2183.49,5280.93
Copy of IMG03469.JPG,conductor,1,0.0528,2152.09,5602.94,2684.6,5924.61
Copy of IMG03469.JPG,conductor,1,0.0512,4753.46,4610.17,5349.72,4904.85
Copy of IMG03469.JPG,conductor,1,0.0507,2959.73,5160.53,3523.22,5424.08
Copy of IMG03469.JPG,conductor,1,0.0506,3487.33,4820.3,3922.93,5016.27
Copy of IMG00411.JPG,insulator,2,0.7825,4357.1,2776.84,4580.66,3056.12
Copy of IMG00411.JPG,insulator,2,0.6724,4997.19,2804.89,5254.25,3077.68
Copy of IMG00411.JPG,insulator,2,0.55,4762.49,3118.81,5168.9,3622.4
Copy of IMG00411.JPG,conductor,1,0.5479,4893.69,4294.9,5418.72,5067.49
Copy of IMG00411.JPG,conductor,1,0.5051,5084.08,4988.09,5781.75,5991.44
Copy of IMG00411.JPG,conductor,1,0.4455,5268.68,3730.57,5974.75,4414.46
Copy of IMG00411.JPG,conductor,1,0.3845,5884.66,4907.92,6612.08,5501.75
Copy of IMG00411.JPG,conductor,1,0.3495,6018.56,5487.71,6678.28,6244.11
Copy of IMG00411.JPG,conductor,1,0.3424,5213.16,5439.55,5842.63,6237.55
Copy of IMG00411.JPG,conductor,1,0.2897,4861.97,4135.48,5331.42,4892.41
Copy of IMG00411.JPG,conductor,1,0.2533,3865.84,1669.88,4417.8,2114.89
Copy of IMG00411.JPG,conductor,1,0.2403,5133.03,5207.0,5828.55,6218.42
Copy of IMG00411.JPG,conductor,1,0.2233,6075.7,5532.77,6622.03,6168.72
Copy of IMG00411.JPG,conductor,1,0.2198,5267.22,3662.88,5872.81,4294.91
Copy of IMG00411.JPG,conductor,1,0.2128,4786.15,3957.64,5209.9,4534.15
Copy of IMG00411.JPG,conductor,1,0.2128,4817.74,4023.65,5269.0,4766.79
Copy of IMG00411.JPG,conductor,1,0.206,3890.56,1724.31,4550.75,2242.44
Copy of IMG00411.JPG,conductor,1,0.2049,5070.18,4967.5,5708.04,5706.24
Copy of IMG00411.JPG,conductor,1,0.2028,4008.13,1845.41,4674.02,2301.36
Copy of IMG00411.JPG,conductor,1,0.1785,5235.81,3555.59,5721.76,4059.98
Copy of IMG00411.JPG,conductor,1,0.1719,5293.12,5586.42,5864.15,6247.64
Copy of IMG00411.JPG,conductor,1,0.1547,4716.41,3745.15,5087.13,4419.19
Copy of IMG00411.JPG,conductor,1,0.154,5249.18,3618.05,5783.88,4194.88
Copy of IMG00411.JPG,conductor,1,0.1537,5044.24,4865.9,5671.39,5572.81
Copy of IMG00411.JPG,conductor,1,0.1511,5910.28,5001.28,6624.07,5592.5
Copy of IMG00411.JPG,conductor,1,0.1407,4938.17,4463.67,5483.69,5146.06
Copy of IMG00411.JPG,insulator,2,0.1402,4871.43,3376.65,5158.9,3669.81
Copy of IMG00411.JPG,pylon,0,0.1262,4377.54,3687.06,4732.71,6285.6
Copy of IMG00411.JPG,conductor,1,0.12,4759.27,3881.26,5172.57,4474.76
Copy of IMG00411.JPG,insulator,2,0.1159,4741.11,2552.38,4984.42,2760.02
Copy of IMG00411.JPG,insulator,2,0.1107,4743.74,3103.53,5114.56,3551.17
Copy of IMG00411.JPG,conductor,1,0.1064,3819.85,1606.89,4366.08,2056.79
Copy of IMG00411.JPG,conductor,1,0.1047,5925.38,5091.22,6537.6,5556.5
Copy of IMG00411.JPG,conductor,1,0.0961,4995.8,4735.43,5634.22,5489.03
Copy of IMG00411.JPG,conductor,1,0.0842,4962.82,4558.17,5559.69,5297.04
Copy of IMG00411.JPG,conductor,1,0.078,4075.17,1892.14,4678.24,2394.32
Copy of IMG00411.JPG,conductor,1,0.0751,3373.34,1664.65,3923.83,2254.68
Copy of IMG00411.JPG,conductor,1,0.0627,6000.28,5413.56,6622.59,6104.39
Copy of IMG00411.JPG,conductor,1,0.0569,3777.27,1558.5,4328.56,1975.38
Copy of IMG00411.JPG,conductor,1,0.0554,5431.07,4127.36,6049.93,4613.97
Copy of IMG00411.JPG,conductor,1,0.055,4472.35,3694.42,4779.36,6025.21
Copy of IMG00411.JPG,conductor,1,0.0537,3355.29,1583.14,3879.26,2179.03
Copy of IMG03499.JPG,pylon,0,0.6816,4597.74,3380.19,5056.32,6277.31
Copy of IMG03499.JPG,insulator,2,0.6202,5332.76,3176.9,5555.4,3436.69
Copy of IMG03499.JPG,insulator,2,0.523,4773.97,2810.8,4982.8,3087.36
Copy of IMG03499.JPG,insulator,2,0.4717,4793.61,2890.24,4968.91,3120.88
Copy of IMG03499.JPG,insulator,2,0.2869,4263.77,2990.38,4454.6,3245.34
Copy of IMG03499.JPG,conductor,1,0.1865,4968.26,4193.82,6060.47,4761.72
Copy of IMG03499.JPG,insulator,2,0.1858,5312.87,3044.67,5535.57,3244.64
Copy of IMG03499.JPG,insulator,2,0.1357,5305.96,3138.26,5567.34,3414.31
Copy of IMG03499.JPG,conductor,1,0.0891,7664.07,5405.28,8763.03,5706.0
Copy of IMG03499.JPG,conductor,1,0.0863,7741.78,5370.86,8867.81,5657.4
Copy of IMG03499.JPG,conductor,1,0.068,7606.47,5445.24,8643.69,5733.0
Copy of IMG03499.JPG,conductor,1,0.063,8787.24,5112.0,9502.01,5367.53
Copy of IMG03499.JPG,conductor,1,0.0602,520.87,3786.88,4532.58,4596.15
Copy of IMG00375.JPG,insulator,2,0.714,4517.95,3025.77,4776.57,3342.85
Copy of IMG00375.JPG,insulator,2,0.6305,3734.57,3251.64,4010.99,3533.45
Copy of IMG00375.JPG,insulator,2,0.4338,5267.06,3194.38,5542.86,3485.47
Copy of IMG00375.JPG,conductor,1,0.3791,5247.25,3523.36,5512.04,4233.44
Copy of IMG00375.JPG,conductor,1,0.2599,4534.78,3530.24,4970.6,6220.72
Copy of IMG00375.JPG,conductor,1,0.2398,5184.28,3592.88,5487.25,4244.57
Copy of IMG00375.JPG,conductor,1,0.2308,3207.84,5122.97,3694.68,6174.37
Copy of IMG00375.JPG,conductor,1,0.2129,5218.94,3529.42,5521.54,4081.03
Copy of IMG00375.JPG,pylon,0,0.1832,4534.37,3410.62,4927.36,6264.88
Copy of IMG00375.JPG,conductor,1,0.1764,4670.3,2144.68,4999.6,2662.5
Copy of IMG00375.JPG,conductor,1,0.1208,3654.46,3524.53,3968.17,4062.26
Copy of IMG00375.JPG,conductor,1,0.0966,5128.53,3643.61,5469.64,4365.92
Copy of IMG00375.JPG,conductor,1,0.0819,4127.48,4455.41,4566.93,5851.34
Copy of IMG00375.JPG,conductor,1,0.0753,4616.78,0.0,4972.1,341.18
Copy of IMG00375.JPG,conductor,1,0.0748,3572.75,3550.87,3938.29,4769.54
Copy of IMG00375.JPG,conductor,1,0.0684,4147.07,4509.51,4569.33,5483.53
Copy of IMG00375.JPG,conductor,1,0.0674,3568.87,3602.23,3941.52,4367.5
Copy of IMG00375.JPG,conductor,1,0.0672,4019.64,3530.0,4355.65,3951.9
Copy of IMG00375.JPG,conductor,1,0.0671,4536.37,501.7,4952.37,826.4
Copy of IMG00375.JPG,conductor,1,0.0633,5010.83,3528.43,5361.3,4036.68
Copy of IMG00375.JPG,conductor,1,0.0621,4649.93,2080.66,5081.39,2665.27
Copy of IMG00375.JPG,conductor,1,0.0608,3994.19,3520.15,4278.99,3916.01
Copy of IMG00375.JPG,pylon,0,0.0598,4546.86,3387.35,4866.36,5579.69
Copy of IMG00375.JPG,conductor,1,0.0557,4166.55,4986.13,4452.86,6254.98
Copy of IMG00375.JPG,conductor,1,0.0544,4999.12,3644.76,5377.63,4269.61
Copy of IMG00375.JPG,conductor,1,0.0542,1.27,5543.64,227.8,6058.4
Copy of IMG00375.JPG,conductor,1,0.0532,3444.84,4306.15,3912.33,5019.96
Copy of IMG00375.JPG,conductor,1,0.0504,4906.21,3530.21,5227.08,4016.02
Copy of IMG00529.JPG,insulator,2,0.8575,5858.35,2584.82,6298.08,3029.7
Copy of IMG00529.JPG,insulator,2,0.7496,3541.9,2994.53,3996.34,3429.0
Copy of IMG00529.JPG,insulator,2,0.665,4799.15,2702.53,5141.82,3047.37
Copy of IMG00529.JPG,insulator,2,0.3877,613.78,3068.3,791.31,3347.6
Copy of IMG00529.JPG,insulator,2,0.2782,602.31,3058.73,785.01,3285.3
Copy of IMG00529.JPG,conductor,1,0.2538,4150.98,3256.64,5046.86,6261.84
Copy of IMG00529.JPG,insulator,2,0.1969,622.68,3114.68,798.51,3380.58
Copy of IMG00529.JPG,pylon,0,0.1306,4122.6,3338.75,5012.88,6281.54
Copy of IMG00529.JPG,conductor,1,0.1205,2798.91,3962.38,3838.79,4700.04
Copy of IMG00529.JPG,pylon,0,0.0866,4495.28,3242.6,4971.67,6336.0
Copy of IMG00529.JPG,conductor,1,0.0675,9093.41,4855.02,9504.0,5409.86
Copy of IMG00529.JPG,insulator,2,0.0606,4595.21,3145.42,4834.71,3466.67
Copy of IMG00529.JPG,conductor,1,0.0602,9137.64,4839.64,9504.0,5240.84
Copy of IMG00529.JPG,conductor,1,0.0504,5101.3,3305.91,6112.86,5532.27
Copy of IMG00092.JPG,conductor,1,0.4202,5671.35,4847.31,6713.6,6184.88
Copy of IMG00092.JPG,conductor,1,0.4161,4326.45,3373.27,4798.64,4192.72
Copy of IMG00092.JPG,conductor,1,0.2912,4651.94,4806.86,5301.39,6233.0
Copy of IMG00092.JPG,conductor,1,0.2306,4497.01,4280.24,5097.0,5241.57
Copy of IMG00092.JPG,conductor,1,0.2077,5313.22,3869.87,6192.84,4656.93
Copy of IMG00092.JPG,conductor,1,0.1525,4509.03,4157.19,5172.36,5369.26
Copy of IMG00092.JPG,conductor,1,0.1368,4456.34,1224.96,4899.53,1672.03
Copy of IMG00092.JPG,conductor,1,0.1332,4471.89,1263.26,4936.39,1756.48
Copy of IMG00092.JPG,conductor,1,0.1302,4608.06,4697.97,5162.51,5573.56
Copy of IMG00092.JPG,conductor,1,0.1254,5614.52,5643.92,6009.29,6255.32
Copy of IMG00092.JPG,conductor,1,0.1118,5170.72,3304.46,5931.22,4152.61
Copy of IMG00092.JPG,conductor,1,0.1116,4389.94,3990.71,4987.43,4785.78
Copy of IMG00092.JPG,conductor,1,0.1096,5898.18,5176.68,6699.54,6227.32
Copy of IMG00092.JPG,conductor,1,0.1071,4486.03,1314.44,4975.9,1839.92
Copy of IMG00092.JPG,conductor,1,0.107,5262.1,3702.38,6161.91,4517.4
Copy of IMG00092.JPG,conductor,1,0.0972,5162.81,3223.34,5765.18,4009.8
Copy of IMG00092.JPG,conductor,1,0.0926,4415.97,4090.57,5095.08,5190.78
Copy of IMG00092.JPG,conductor,1,0.0923,4438.72,1155.06,4818.38,1591.58
Copy of IMG00092.JPG,conductor,1,0.0877,4350.08,3508.61,4858.98,4369.76
Copy of IMG00092.JPG,conductor,1,0.0801,4806.47,3140.74,5170.09,3734.99
Copy of IMG00092.JPG,conductor,1,0.0791,4779.24,3059.24,5129.89,3678.47
Copy of IMG00092.JPG,conductor,1,0.0763,4090.47,2428.29,4446.64,3029.29
Copy of IMG00092.JPG,conductor,1,0.0677,4774.46,3030.57,5101.67,3554.21
Copy of IMG00092.JPG,conductor,1,0.0612,5593.82,4644.34,6673.22,5692.51
Copy of IMG00092.JPG,conductor,1,0.0562,4906.73,5231.47,5320.64,6266.38
Copy of IMG00092.JPG,conductor,1,0.0555,4258.23,1038.89,4673.85,1392.87
Copy of IMG00092.JPG,conductor,1,0.0525,5172.89,3302.39,5692.2,3884.18
Copy of IMG00092.JPG,conductor,1,0.0517,4060.92,2226.41,4429.55,2970.02
Copy of IMG00092.JPG,conductor,1,0.0506,5578.65,4435.87,6763.36,6177.15
Copy of IMG00396.JPG,pylon,0,0.8735,4524.09,2474.43,4942.76,5283.46
Copy of IMG00396.JPG,insulator,2,0.7625,5130.13,2235.44,5407.81,2501.73
Copy of IMG00396.JPG,insulator,2,0.7435,4040.6,2052.45,4333.72,2376.89
Copy of IMG00396.JPG,conductor,1,0.4948,1047.08,4310.59,3107.86,6269.66
Copy of IMG00396.JPG,conductor,1,0.4391,2486.6,5591.2,3217.81,6300.21
Copy of IMG00396.JPG,insulator,2,0.4138,4574.21,2193.05,4817.5,2402.45
Copy of IMG00138.JPG,insulator,2,0.3674,4648.57,2366.0,4888.02,2575.08
Copy of IMG00138.JPG,insulator,2,0.3571,5324.94,2530.86,5560.05,2771.47
Copy of IMG00138.JPG,insulator,2,0.3227,4798.47,2121.46,5039.93,2398.75
Copy of IMG00138.JPG,conductor,1,0.2625,79.87,4508.05,669.19,5040.01
Copy of IMG00138.JPG,insulator,2,0.2545,5017.0,2577.55,5244.5,2783.01
Copy of IMG00138.JPG,insulator,2,0.2543,4699.55,2347.48,4911.95,2534.75
Copy of IMG00138.JPG,conductor,1,0.2404,588.69,4235.72,1085.04,4629.38
Copy of IMG00138.JPG,insulator,2,0.2299,4760.95,2142.74,5003.02,2444.77
Copy of IMG00138.JPG,conductor,1,0.2292,1146.81,4770.9,1707.39,5185.41
Copy of IMG00138.JPG,insulator,2,0.2146,5068.34,2316.8,5320.57,2538.01
Copy of IMG00138.JPG,insulator,2,0.2142,4510.6,2145.41,4760.02,2402.45
Copy of IMG00138.JPG,conductor,1,0.2135,395.95,5061.0,881.29,5678.35
Copy of IMG00138.JPG,conductor,1,0.1991,726.64,4645.27,1123.51,4976.28
Copy of IMG00138.JPG,conductor,1,0.1978,2497.04,3950.88,3067.48,4405.33
Copy of IMG00138.JPG,pylon,0,0.1804,4722.16,2801.75,5091.72,6280.11
Copy of IMG00138.JPG,conductor,1,0.1695,37.71,4547.44,608.65,5159.83
Copy of IMG00138.JPG,conductor,1,0.1676,1300.7,4289.16,1790.8,4671.69
Copy of IMG00138.JPG,conductor,1,0.1666,389.28,5046.88,859.97,5513.99
Copy of IMG00138.JPG,conductor,1,0.1641,3082.51,3563.63,3667.82,4067.86
Copy of IMG00138.JPG,conductor,1,0.1525,1246.69,4709.38,1740.85,5144.66
Copy of IMG00138.JPG,conductor,1,0.1469,1037.38,4816.52,1602.29,5304.36
Copy of IMG00138.JPG,conductor,1,0.1424,1895.39,3920.97,2394.82,4316.02
Copy of IMG00138.JPG,conductor,1,0.1409,531.83,5084.01,977.79,5661.26
Copy of IMG00138.JPG,conductor,1,0.1379,939.06,4001.7,1500.31,4384.44
Copy of IMG00138.JPG,conductor,1,0.137,1.19,4649.46,358.83,5154.46
Copy of IMG00138.JPG,conductor,1,0.1334,4.95,4604.26,516.65,5107.35
Copy of IMG00138.JPG,conductor,1,0.1331,1.23,4670.72,253.99,5147.68
Copy of IMG00138.JPG,conductor,1,0.1277,3868.34,2862.07,4289.52,3265.25
Copy of IMG00138.JPG,conductor,1,0.124,1636.82,3526.8,2287.15,3947.98
Copy of IMG00138.JPG,conductor,1,0.1227,2367.74,3561.99,2797.83,3928.9
Copy of IMG00138.JPG,conductor,1,0.1171,4097.48,2642.48,4495.56,3055.03
Copy of IMG00138.JPG,conductor,1,0.1168,8688.48,2659.47,9064.43,2900.45
Copy of IMG00138.JPG,insulator,2,0.1157,4597.87,2203.27,4844.5,2575.63
Copy of IMG00138.JPG,conductor,1,0.1101,735.17,4055.26,1383.33,4480.17
Copy of IMG00138.JPG,conductor,1,0.1041,1313.64,3799.95,1859.77,4166.42
Copy of IMG00138.JPG,conductor,1,0.1034,8560.53,2644.91,8918.86,2889.76
Copy of IMG00138.JPG,conductor,1,0.0993,872.31,4937.37,1462.14,5452.74
Copy of IMG00138.JPG,conductor,1,0.0992,8464.71,2742.36,8843.58,2959.12
Copy of IMG00138.JPG,conductor,1,0.0991,0.0,5551.07,297.67,6056.07
Copy of IMG00138.JPG,conductor,1,0.099,3.47,4693.48,451.87,5206.03
Copy of IMG00138.JPG,conductor,1,0.0987,810.86,4976.63,1380.41,5502.33
Copy of IMG00138.JPG,conductor,1,0.0977,3919.91,2833.33,4354.46,3247.81
Copy of IMG00138.JPG,conductor,1,0.0975,3969.83,2750.3,4377.25,3163.72
Copy of IMG00138.JPG,conductor,1,0.0971,8485.01,2649.34,8855.47,2890.29
Copy of IMG00138.JPG,conductor,1,0.0969,2096.31,4201.44,2661.22,4613.36
Copy of IMG00138.JPG,conductor,1,0.0951,157.69,5369.71,618.7,5822.27
Copy of IMG00138.JPG,conductor,1,0.0949,9169.82,2691.59,9503.99,3011.98
Copy of IMG00138.JPG,conductor,1,0.0947,458.64,5095.45,935.02,5600.48
Copy of IMG00138.JPG,conductor,1,0.0923,103.92,4494.57,709.29,4895.05
Copy of IMG00138.JPG,conductor,1,0.0914,1654.72,4079.55,2078.04,4424.69
Copy of IMG00138.JPG,conductor,1,0.0903,1203.17,4355.73,1711.18,4754.32
Copy of IMG00138.JPG,conductor,1,0.0883,4069.65,2680.73,4449.08,3102.95
Copy of IMG00138.JPG,conductor,1,0.0874,2421.87,3999.17,3017.23,4475.49
Copy of IMG00138.JPG,conductor,1,0.0862,953.57,4880.74,1514.08,5364.93
Copy of IMG00138.JPG,conductor,1,0.086,4155.79,2597.17,4508.49,3016.69
Copy of IMG00138.JPG,conductor,1,0.0856,1725.92,4007.8,2272.02,4394.34
Copy of IMG00138.JPG,conductor,1,0.0852,9123.47,2746.4,9491.58,3002.41
Copy of IMG00138.JPG,conductor,1,0.0845,1705.69,4424.56,2315.27,4855.14
Copy of IMG00138.JPG,conductor,1,0.0844,648.24,4151.52,1296.83,4581.16
Copy of IMG00138.JPG,conductor,1,0.0831,3428.2,3343.07,3919.6,3761.23
Copy of IMG00138.JPG,conductor,1,0.0823,1113.62,4734.92,1584.92,5126.74
Copy of IMG00138.JPG,conductor,1,0.0818,3816.51,2936.27,4260.68,3379.06
Copy of IMG00138.JPG,conductor,1,0.0803,954.41,4473.09,1338.44,4819.19
Copy of IMG00138.JPG,conductor,1,0.0801,8769.25,2660.87,9120.92,2895.48
Copy of IMG00138.JPG,conductor,1,0.0798,9239.69,3033.37,9504.0,3460.81
Copy of IMG00138.JPG,conductor,1,0.0789,2400.94,3511.71,2903.26,3908.09
Copy of IMG00138.JPG,conductor,1,0.0787,11.71,4864.0,432.16,5262.76
Copy of IMG00138.JPG,conductor,1,0.0785,1104.79,4420.07,1574.05,4789.33
Copy of IMG00138.JPG,conductor,1,0.0782,8505.08,2574.66,8869.86,2850.04
Copy of IMG00138.JPG,conductor,1,0.0781,2333.08,3633.28,2711.44,3986.45
Copy of IMG00138.JPG,conductor,1,0.078,1821.07,3983.52,2340.57,4374.47
Copy of IMG00138.JPG,conductor,1,0.078,9359.6,3015.37,9504.0,3464.75
Copy of IMG00138.JPG,conductor,1,0.0773,2432.94,3467.93,3006.65,3883.99
Copy of IMG00138.JPG,conductor,1,0.0765,665.49,4685.27,1087.04,5033.62
Copy of IMG00138.JPG,conductor,1,0.0749,38.39,4704.16,582.28,5178.2
Copy of IMG00138.JPG,conductor,1,0.0743,1005.23,4452.25,1416.46,4793.53
Copy of IMG00138.JPG,conductor,1,0.0741,1644.69,4490.28,2161.22,4942.64
Copy of IMG00138.JPG,conductor,1,0.0739,0.34,4142.43,216.87,4580.77
Copy of IMG00138.JPG,conductor,1,0.0706,90.42,5411.78,593.54,5872.99
Copy of IMG00138.JPG,conductor,1,0.0706,0.0,5498.29,385.09,5982.16
Copy of IMG00138.JPG,conductor,1,0.0697,1408.33,4656.58,1901.88,5091.12
Copy of IMG00138.JPG,conductor,1,0.0696,3165.08,3465.27,3757.89,4003.97
Copy of IMG00138.JPG,conductor,1,0.0694,7964.29,2482.53,8403.09,2761.25
Copy of IMG00138.JPG,conductor,1,0.069,8178.48,2768.36,8504.47,2951.59
Copy of IMG00138.JPG,conductor,1,0.0684,8602.63,2736.52,8906.25,2955.77
Copy of IMG00138.JPG,conductor,1,0.0684,8690.08,2714.05,9064.7,2947.91
Copy of IMG00138.JPG,conductor,1,0.068,1553.86,4136.24,1994.72,4505.04
Copy of IMG00138.JPG,conductor,1,0.0676,2004.32,4253.28,2584.72,4683.28
Copy of IMG00138.JPG,conductor,1,0.0671,1155.61,4567.49,1583.8,5033.38
Copy of IMG00138.JPG,conductor,1,0.0656,8389.75,2665.2,8761.42,2910.01
Copy of IMG00138.JPG,conductor,1,0.0655,44.56,3868.7,583.79,4334.66
Copy of IMG00138.JPG,conductor,1,0.0653,869.08,4506.59,1252.75,4877.22
Copy of IMG00138.JPG,conductor,1,0.0652,1588.16,3602.96,2138.18,4006.8
Copy of IMG00138.JPG,conductor,1,0.065,217.49,5286.85,686.18,5795.6
Copy of IMG00138.JPG,conductor,1,0.0647,444.43,4826.8,841.64,5164.5
Copy of IMG00138.JPG,conductor,1,0.0644,306.68,5142.87,838.74,5710.75
Copy of IMG00138.JPG,conductor,1,0.0643,1389.5,4204.25,1868.87,4583.4
Copy of IMG00138.JPG,conductor,1,0.064,359.35,4939.41,767.22,5350.29
Copy of IMG00138.JPG,conductor,1,0.0639,722.32,5059.52,1255.35,5593.16
Copy of IMG00138.JPG,conductor,1,0.0639,1597.26,4535.34,2085.42,4979.45
Copy of IMG00138.JPG,conductor,1,0.0637,516.14,5159.05,989.15,5771.13
Copy of IMG00138.JPG,conductor,1,0.0636,1.55,4810.06,273.52,5318.17
Copy of IMG00138.JPG,conductor,1,0.0633,9204.67,2628.82,9504.0,2975.64
Copy of IMG00138.JPG,conductor,1,0.0621,426.05,4326.17,969.51,4731.91
Copy of IMG00138.JPG,conductor,1,0.061,564.27,5145.56,1075.48,5690.93
Copy of IMG00138.JPG,conductor,1,0.0608,4072.11,2570.99,4436.83,3025.53
Copy of IMG00138.JPG,conductor,1,0.0606,1108.26,3926.95,1682.84,4336.86
Copy of IMG00138.JPG,conductor,1,0.0604,2144.55,4602.36,2918.38,5204.01
Copy of IMG00138.JPG,conductor,1,0.0602,1178.52,4054.23,1614.2,4413.24
Copy of IMG00138.JPG,conductor,1,0.0602,4864.2,2879.04,5164.12,3515.3
Copy of IMG00138.JPG,conductor,1,0.06,8369.94,2759.78,8696.01,2959.28
Copy of IMG00138.JPG,conductor,1,0.0598,1533.95,4585.06,2018.19,5041.64
Copy of IMG00138.JPG,conductor,1,0.0598,2258.68,3710.96,2646.36,4050.49
Copy of IMG00138.JPG,conductor,1,0.0594,1234.36,3860.9,1792.39,4256.33
Copy of IMG00138.JPG,conductor,1,0.0592,12.04,5446.6,473.26,5938.86
Copy of IMG00138.JPG,conductor,1,0.0591,9101.09,2671.15,9499.28,2949.18
Copy of IMG00138.JPG,conductor,1,0.059,1025.21,4495.19,1436.24,4872.85
Copy of IMG00138.JPG,conductor,1,0.0589,879.62,4690.7,1300.01,5028.8
Copy of IMG00138.JPG,conductor,1,0.0587,287.39,4791.84,700.01,5152.39
Copy of IMG00138.JPG,conductor,1,0.0582,4278.76,2716.38,4591.49,3110.39
Copy of IMG00138.JPG,conductor,1,0.0579,416.17,4946.94,879.94,5462.54
Copy of IMG00138.JPG,conductor,1,0.0578,1187.57,4615.77,1687.63,5102.7
Copy of IMG00138.JPG,conductor,1,0.0574,1822.16,4358.9,2414.58,4777.71
Copy of IMG00138.JPG,conductor,1,0.0572,8655.51,2555.08,9042.69,2864.75
Copy of IMG00138.JPG,conductor,1,0.0569,1932.34,4294.45,2513.72,4716.59
Copy of IMG00138.JPG,conductor,1,0.0565,2189.97,4176.17,2715.47,4573.61
Copy of IMG00138.JPG,conductor,1,0.0563,418.15,4717.84,786.46,5071.41
Copy of IMG00138.JPG,conductor,1,0.0561,1.01,4101.15,283.17,4566.46
Copy of IMG00138.JPG,conductor,1,0.0561,2329.21,3562.02,2682.91,3924.15
Copy of IMG00138.JPG,conductor,1,0.0555,912.59,4839.22,1404.14,5285.85
Copy of IMG00138.JPG,conductor,1,0.0546,2560.06,3893.44,3128.25,4346.87
Copy of IMG00138.JPG,conductor,1,0.0541,3016.27,3614.6,3599.8,4118.12
Copy of IMG00138.JPG,conductor,1,0.0539,9349.73,2728.5,9504.0,3093.85
Copy of IMG00138.JPG,conductor,1,0.0533,9314.05,2647.71,9504.0,3006.53
Copy of IMG00138.JPG,conductor,1,0.053,1313.82,4632.25,1835.2,5089.06
Copy of IMG00138.JPG,conductor,1,0.0528,4421.47,2787.46,4711.23,3118.82
Copy of IMG00138.JPG,conductor,1,0.0526,1960.28,3828.28,2402.08,4217.77
Copy of IMG00138.JPG,conductor,1,0.0519,0.0,4025.36,365.95,4504.44
Copy of IMG00138.JPG,conductor,1,0.0516,8138.45,2952.65,8447.98,3201.76
Copy of IMG00138.JPG,conductor,1,0.0509,9111.8,3059.64,9474.73,3409.31
Copy of IMG00138.JPG,conductor,1,0.0507,568.16,4760.2,977.89,5117.42
Copy of IMG00138.JPG,conductor,1,0.0505,3762.37,3017.51,4237.07,3529.7
Copy of IMG00138.JPG,conductor,1,0.0501,3316.28,3412.14,3844.33,3894.09
Copy of IMG00138.JPG,conductor,1,0.0501,4744.55,2841.35,5015.05,6258.11
Copy of IMG00138.JPG,conductor,1,0.0501,4823.99,2839.73,5092.29,3505.1
Copy of IMG00527.JPG,insulator,2,0.9408,2862.21,1712.64,3313.9,2163.9
Copy of IMG00527.JPG,insulator,2,0.8831,4028.57,1999.61,4497.0,2450.45
Copy of IMG00527.JPG,insulator,2,0.8546,2735.95,2440.61,3173.38,2914.8
Copy of IMG00527.JPG,insulator,2,0.832,5208.17,2332.38,5667.82,2800.87
Copy of IMG00527.JPG,insulator,2,0.8099,3163.99,3717.42,3606.67,4053.36
Copy of IMG00527.JPG,conductor,1,0.7969,675.58,3172.34,3018.74,4016.08
Copy of IMG00527.JPG,insulator,2,0.7553,3474.74,3024.84,3855.19,3338.62
Copy of IMG00527.JPG,conductor,1,0.6834,2984.85,4140.65,3450.31,6282.47
Copy of IMG00527.JPG,insulator,2,0.6828,5145.41,3064.08,5586.33,3470.18
Copy of IMG00527.JPG,pylon,0,0.6422,3680.4,3439.61,4443.73,6231.97
Copy of IMG00527.JPG,insulator,2,0.6391,3927.26,2821.86,4362.43,3185.03
Copy of IMG00527.JPG,insulator,2,0.5934,3796.62,2430.62,4136.74,2679.9
Copy of IMG00527.JPG,conductor,1,0.581,5230.4,3586.52,5788.97,5205.14
Copy of IMG00527.JPG,conductor,1,0.5284,841.75,2503.45,2653.17,3128.93
Copy of IMG00527.JPG,conductor,1,0.4397,13.94,2278.42,1265.62,2753.98
Copy of IMG00527.JPG,conductor,1,0.4033,1258.47,1882.92,2773.09,2413.91
Copy of IMG00527.JPG,insulator,2,0.2549,3603.59,2583.4,3884.65,2857.08
Copy of IMG00527.JPG,conductor,1,0.2389,5203.96,3569.26,5944.09,6270.01
Copy of IMG00527.JPG,conductor,1,0.208,837.42,1775.18,2689.28,2350.9
Copy of IMG00527.JPG,conductor,1,0.1836,113.5,3077.49,2956.67,3978.28
Copy of IMG00527.JPG,conductor,1,0.1552,1301.6,2599.48,2766.41,3133.18
Copy of IMG00527.JPG,conductor,1,0.1537,32.68,2330.65,1618.02,2834.25
Copy of IMG00527.JPG,conductor,1,0.1524,12.81,1569.15,804.26,1877.15
Copy of IMG00527.JPG,conductor,1,0.1485,7.73,1566.35,1507.07,1988.71
Copy of IMG00527.JPG,conductor,1,0.1423,3.9,1539.86,1177.51,1953.7
Copy of IMG00527.JPG,conductor,1,0.1406,2.44,1524.45,876.77,1933.17
Copy of IMG00527.JPG,conductor,1,0.1394,3670.91,3452.15,4455.96,6245.82
Copy of IMG00527.JPG,conductor,1,0.1328,435.11,2455.13,2678.5,3072.95
Copy of IMG00527.JPG,conductor,1,0.1083,6.85,2918.88,1172.33,3592.45
Copy of IMG00527.JPG,conductor,1,0.1072,6.11,2289.93,1019.95,2659.27
Copy of IMG00527.JPG,insulator,2,0.1006,3623.46,2529.23,3976.73,2815.52
Copy of IMG00527.JPG,conductor,1,0.0945,542.93,1713.46,2578.16,2292.19
Copy of IMG00527.JPG,conductor,1,0.0911,1594.28,1961.82,2790.47,2405.56
Copy of IMG00527.JPG,conductor,1,0.0906,2887.8,3033.16,3193.07,3651.6
Copy of IMG00527.JPG,conductor,1,0.0902,1.52,2166.23,1028.2,2716.21
Copy of IMG00527.JPG,conductor,1,0.0881,87.87,1632.85,2005.54,2119.03
Copy of IMG00527.JPG,conductor,1,0.0835,211.71,1659.75,2505.97,2226.09
Copy of IMG00527.JPG,insulator,2,0.0831,3857.12,3120.67,4091.54,3307.95
Copy of IMG00527.JPG,conductor,1,0.0743,5424.89,3750.03,6048.35,6272.33
Copy of IMG00527.JPG,conductor,1,0.074,5.36,2265.11,842.23,2616.44
Copy of IMG00527.JPG,insulator,2,0.0658,3099.31,3737.36,3509.6,4045.1
Copy of IMG00527.JPG,conductor,1,0.0645,3.31,2077.38,568.27,2657.74
Copy of IMG00527.JPG,conductor,1,0.0643,0.94,2203.9,662.14,2613.01
Copy of IMG00527.JPG,conductor,1,0.0613,2.96,2752.35,654.46,3503.25
Copy of IMG00527.JPG,conductor,1,0.0599,1.32,2691.93,355.65,3276.36
Copy of IMG00527.JPG,conductor,1,0.0593,1.0,1978.27,332.91,2526.21
Copy of IMG00527.JPG,pylon,0,0.059,5221.28,3563.95,5841.71,6275.24
Copy of IMG00527.JPG,conductor,1,0.0587,3632.67,3460.87,4763.66,6252.61
Copy of IMG00527.JPG,pylon,0,0.0582,2948.49,4141.82,3424.3,6298.8
Copy of IMG00527.JPG,conductor,1,0.0582,5297.98,3540.76,5596.81,4103.4
Copy of IMG00527.JPG,insulator,2,0.055,3820.34,2464.93,4224.62,2774.32
Copy of IMG00527.JPG,conductor,1,0.0544,5140.76,872.28,5487.7,2260.92
Copy of IMG00527.JPG,insulator,2,0.0512,3099.95,3596.62,3544.06,4078.8
Copy of IMG00498.JPG,pylon,0,0.8027,4366.6,2369.87,4881.55,6254.82
Copy of IMG00498.JPG,insulator,2,0.7908,5667.62,2304.2,5984.01,2656.2
Copy of IMG00498.JPG,insulator,2,0.7446,3193.23,2115.43,3562.93,2452.57
Copy of IMG00498.JPG,insulator,2,0.7337,4434.54,1987.11,4727.47,2316.36
Copy of IMG00498.JPG,pylon,0,0.2589,4443.1,2083.67,4810.02,6336.0
Copy of IMG00498.JPG,conductor,1,0.1371,4971.21,3554.83,5578.0,6196.83
Copy of IMG00498.JPG,conductor,1,0.107,3415.53,3944.14,4241.65,6215.28
Copy of IMG00498.JPG,conductor,1,0.0766,4023.49,3234.26,4445.7,4205.36
Copy of IMG00498.JPG,conductor,1,0.0746,4815.65,2529.04,5129.54,3043.71
Copy of IMG00498.JPG,conductor,1,0.0728,5542.72,2737.58,5845.22,3319.15
Copy of IMG00498.JPG,conductor,1,0.0702,4870.79,2557.41,5215.02,3030.81
Copy of IMG00498.JPG,conductor,1,0.065,5492.34,2719.56,5855.38,3952.83
Copy of IMG00498.JPG,pylon,0,0.0645,4413.52,3114.33,4842.13,6252.19
Copy of IMG00498.JPG,conductor,1,0.0627,5548.06,2713.76,5868.82,3773.23
Copy of IMG00498.JPG,conductor,1,0.0581,5415.91,2712.55,5853.53,4213.56
Copy of IMG03442.JPG,pylon,0,0.9034,4862.4,4388.32,5580.06,6316.22
Copy of IMG03442.JPG,insulator,2,0.7567,5178.5,2982.38,5568.84,3451.45
Copy of IMG03442.JPG,insulator,2,0.7541,6498.09,2840.52,6924.85,3331.86
Copy of IMG03442.JPG,insulator,2,0.7148,3204.19,1109.23,3663.44,1589.87
Copy of IMG03442.JPG,insulator,2,0.6704,4611.5,2206.98,5013.4,2592.69
Copy of IMG03442.JPG,insulator,2,0.6575,4188.66,2556.74,4623.0,2916.04
Copy of IMG03442.JPG,conductor,1,0.5663,1289.6,5733.42,2381.29,6307.42
Copy of IMG03442.JPG,insulator,2,0.515,4509.92,3394.06,4872.91,3720.9
Copy of IMG03442.JPG,conductor,1,0.4728,1261.1,547.38,2569.07,1381.26
Copy of IMG03442.JPG,conductor,1,0.4476,0.51,5533.86,1178.43,6253.77
Copy of IMG03442.JPG,conductor,1,0.4024,8.21,2448.2,2190.75,5412.09
Copy of IMG03442.JPG,conductor,1,0.3122,4141.93,5647.28,4883.66,6331.33
Copy of IMG03442.JPG,insulator,2,0.2729,4468.87,3347.81,4845.78,3701.22
Copy of IMG03442.JPG,conductor,1,0.2054,3403.95,18.97,3814.18,286.63
Copy of IMG03442.JPG,insulator,2,0.1768,5375.24,3600.33,5651.82,3843.54
Copy of IMG03442.JPG,insulator,2,0.1732,4594.89,2774.75,5035.45,3166.45
Copy of IMG03442.JPG,conductor,1,0.1724,1274.08,5843.74,2241.6,6306.12
Copy of IMG03442.JPG,insulator,2,0.1433,4307.49,3321.11,4642.07,3645.61
Copy of IMG03442.JPG,insulator,2,0.1198,4922.47,1874.22,5217.05,2143.4
Copy of IMG03442.JPG,conductor,1,0.097,612.91,5182.16,2027.55,5769.46
Copy of IMG03442.JPG,conductor,1,0.0829,0.0,5854.12,500.93,6336.0
Copy of IMG03442.JPG,conductor,1,0.0813,2797.62,2464.94,4100.49,3124.28
Copy of IMG03442.JPG,insulator,2,0.0783,4543.7,2770.18,4935.29,3194.36
Copy of IMG03442.JPG,conductor,1,0.0712,0.0,5787.07,639.06,6295.27
Copy of IMG03442.JPG,conductor,1,0.0671,2479.39,277.63,3402.7,680.34
Copy of IMG03442.JPG,insulator,2,0.0642,5262.12,1526.05,5492.1,1797.9
Copy of IMG03442.JPG,conductor,1,0.063,2823.79,3939.46,3918.95,4751.21
Copy of IMG03442.JPG,insulator,2,0.0627,4316.47,3320.01,4772.54,3669.39
Copy of IMG03442.JPG,conductor,1,0.0586,4204.04,5530.99,4955.86,6304.52
Copy of IMG03442.JPG,conductor,1,0.0548,4078.63,88.43,4384.59,512.27
Copy of IMG03442.JPG,conductor,1,0.0542,3267.29,34.37,3683.02,299.65
Copy of IMG03442.JPG,conductor,1,0.0503,2202.36,321.38,3258.62,825.45
Copy of IMG03537.JPG,pylon,0,0.8383,4833.4,2875.45,5301.95,6021.67
Copy of IMG03537.JPG,insulator,2,0.8089,4790.12,2546.94,5071.1,2837.99
Copy of IMG03537.JPG,conductor,1,0.7092,2484.95,5375.57,3610.76,6200.11
Copy of IMG03537.JPG,conductor,1,0.3699,5459.48,1622.83,6644.57,2196.7
Copy of IMG03537.JPG,conductor,1,0.2695,0.13,3824.04,1449.4,4672.74
Copy of IMG03537.JPG,conductor,1,0.2195,3828.41,3468.21,4540.81,4036.11
Copy of IMG03537.JPG,insulator,2,0.2052,4836.14,2839.93,5058.95,3116.25
Copy of IMG03537.JPG,insulator,2,0.2021,3247.6,4552.83,3849.35,5225.53
Copy of IMG03537.JPG,conductor,1,0.1312,5539.92,1588.07,6700.12,2066.67
Copy of IMG03537.JPG,conductor,1,0.128,0.49,2937.45,805.26,3506.02
Copy of IMG03537.JPG,insulator,2,0.1263,4808.46,2762.34,5060.75,2992.19
Copy of IMG03537.JPG,conductor,1,0.1202,3.9,4855.37,1406.06,5566.94
Copy of IMG03537.JPG,conductor,1,0.1095,3971.66,3279.27,4607.92,3825.21
Copy of IMG03537.JPG,conductor,1,0.1032,0.0,3976.38,1419.08,4834.91
Copy of IMG03537.JPG,conductor,1,0.0985,0.0,4908.45,1321.09,5893.26
Copy of IMG03537.JPG,conductor,1,0.0852,3901.52,3373.93,4580.99,3940.85
Copy of IMG03537.JPG,conductor,1,0.0812,0.0,4231.02,1506.79,4908.82
Copy of IMG03537.JPG,conductor,1,0.0801,0.94,5245.89,830.27,6262.15
Copy of IMG03537.JPG,conductor,1,0.0751,1.17,3744.95,909.9,4460.79
Copy of IMG03537.JPG,insulator,2,0.0688,4773.88,2672.6,5064.72,2957.14
Copy of IMG03537.JPG,conductor,1,0.0667,5705.97,2432.29,7048.15,2870.11
Copy of IMG03537.JPG,conductor,1,0.0633,0.27,3808.16,1024.76,4648.22
Copy of IMG03537.JPG,conductor,1,0.0628,7681.33,307.7,8828.33,1022.28
Copy of IMG03537.JPG,conductor,1,0.0605,0.0,1809.23,1056.61,2214.77
Copy of IMG03537.JPG,conductor,1,0.06,4096.32,3236.52,4618.73,3682.09
Copy of IMG03537.JPG,conductor,1,0.0598,4245.84,3179.83,4639.74,3580.66
Copy of IMG03537.JPG,conductor,1,0.0573,0.0,2729.27,807.23,3483.12
Copy of IMG03537.JPG,conductor,1,0.0521,0.0,3002.12,1052.52,3481.26
Copy of IMG00379.JPG,pylon,0,0.7486,4530.63,5484.38,4888.95,6300.7
Copy of IMG00379.JPG,insulator,2,0.6839,4899.93,5442.2,5171.97,5717.21
Copy of IMG00379.JPG,conductor,1,0.6075,2905.47,5325.7,4126.82,5830.11
Copy of IMG00379.JPG,conductor,1,0.3863,5007.28,4574.45,6085.17,4996.5
Copy of IMG00379.JPG,conductor,1,0.3109,8705.38,3413.13,9504.0,3782.41
Copy of IMG00379.JPG,insulator,2,0.2956,4424.78,5160.91,4617.5,5418.05
Copy of IMG00379.JPG,conductor,1,0.2853,3159.78,4119.12,6284.93,4577.19
Copy of IMG00379.JPG,conductor,1,0.2427,4967.32,4635.84,5813.6,4955.01
Copy of IMG00379.JPG,insulator,2,0.2186,4671.87,4991.83,4925.42,5219.02
Copy of IMG00379.JPG,conductor,1,0.1703,3211.27,5302.55,4146.49,5712.88
Copy of IMG00379.JPG,conductor,1,0.1502,2808.55,5347.72,4086.24,5965.13
Copy of IMG00379.JPG,conductor,1,0.1427,8581.58,3594.94,9349.87,3840.63
Copy of IMG00379.JPG,conductor,1,0.121,8511.55,3618.06,9225.51,3834.37
Copy of IMG00379.JPG,conductor,1,0.113,8641.85,3508.71,9488.89,3832.29
Copy of IMG00379.JPG,conductor,1,0.112,8991.97,3384.45,9503.95,3743.17
Copy of IMG00379.JPG,conductor,1,0.0877,8304.75,3637.46,9074.65,3836.38
Copy of IMG00379.JPG,conductor,1,0.087,8855.09,3344.03,9504.0,3724.37
Copy of IMG00379.JPG,conductor,1,0.0808,8699.44,3820.95,9501.88,4354.15
Copy of IMG00379.JPG,conductor,1,0.0708,4983.64,4601.5,5971.58,4920.26
Copy of IMG00379.JPG,pylon,0,0.0636,4499.29,5534.06,4947.88,6336.0
Copy of IMG00379.JPG,conductor,1,0.0617,9065.38,3444.16,9504.0,3779.23
Copy of IMG00379.JPG,conductor,1,0.0575,0.0,3561.37,4357.68,4076.5
Copy of IMG00379.JPG,conductor,1,0.0566,3157.03,4072.93,6225.5,4451.33
Copy of IMG00379.JPG,conductor,1,0.0545,8364.72,3709.85,8941.14,3881.57
Copy of IMG00379.JPG,conductor,1,0.0525,8634.43,3660.6,9213.62,3871.11
Copy of IMG00424.JPG,insulator,2,0.7145,2569.89,5111.55,2925.5,5503.77
Copy of IMG00424.JPG,insulator,2,0.6968,3812.55,5297.62,4166.94,5736.44
Copy of IMG00424.JPG,insulator,2,0.5163,3269.16,4733.41,3702.73,5228.66
Copy of IMG00424.JPG,conductor,1,0.4943,3070.74,5422.38,3554.37,6256.53
Copy of IMG00424.JPG,conductor,1,0.3433,2332.17,5645.22,2735.42,6306.85
Copy of IMG00424.JPG,conductor,1,0.334,3044.94,5557.35,3492.44,6289.52
Copy of IMG00424.JPG,conductor,1,0.2436,3718.44,5733.08,4035.85,6290.43
Copy of IMG00424.JPG,conductor,1,0.1238,1425.55,5635.19,2134.62,6084.3
Copy of IMG00424.JPG,conductor,1,0.1212,1366.42,5601.43,2018.99,6065.67
Copy of IMG00424.JPG,conductor,1,0.1091,2209.93,5705.09,2716.01,6299.66
Copy of IMG00424.JPG,conductor,1,0.0929,2416.89,5625.94,2748.75,6194.63
Copy of IMG00424.JPG,pylon,0,0.0917,3071.2,5408.04,3509.76,6280.43
Copy of IMG00424.JPG,conductor,1,0.0841,2438.2,5643.0,2911.89,6216.24
Copy of IMG00424.JPG,conductor,1,0.0841,2112.57,5657.8,2666.09,6267.2
Copy of IMG00424.JPG,conductor,1,0.0822,2729.97,5616.42,3087.15,6105.7
Copy of IMG00424.JPG,conductor,1,0.0623,1278.45,5543.81,1840.7,5992.69
Copy of IMG00424.JPG,conductor,1,0.057,2335.67,5588.16,2701.89,6095.63
Copy of IMG00424.JPG,conductor,1,0.0569,2208.37,5547.21,2665.22,6021.54
Copy of IMG00424.JPG,conductor,1,0.0549,3537.5,5680.5,3995.42,6297.31
Copy of IMG00454.JPG,pylon,0,0.8547,4451.07,3690.81,4966.44,6265.25
Copy of IMG00454.JPG,insulator,2,0.853,5073.15,3203.36,5397.72,3562.78
Copy of IMG00454.JPG,insulator,2,0.8452,4320.1,2888.76,4632.49,3226.02
Copy of IMG00454.JPG,conductor,1,0.5679,68.71,4206.74,1687.72,4911.01
Copy of IMG00454.JPG,conductor,1,0.5565,1759.88,3545.6,3390.79,4311.64
Copy of IMG00454.JPG,conductor,1,0.5001,5434.08,2411.77,8423.55,3063.17
Copy of IMG00454.JPG,conductor,1,0.4595,5467.41,2374.34,9450.92,3176.11
Copy of IMG00454.JPG,insulator,2,0.4324,4752.18,2908.33,5073.13,3208.7
Copy of IMG00454.JPG,conductor,1,0.3793,877.79,4931.33,1824.96,5577.69
Copy of IMG00454.JPG,conductor,1,0.2578,1.16,5334.15,756.09,6038.57
Copy of IMG00454.JPG,conductor,1,0.2486,2381.43,4235.02,3513.45,4846.38
Copy of IMG00454.JPG,conductor,1,0.2378,1895.84,3437.35,3525.83,4165.9
Copy of IMG00454.JPG,conductor,1,0.2267,167.43,5207.17,1187.92,5817.6
Copy of IMG00454.JPG,conductor,1,0.2153,1379.16,3742.67,2832.68,4448.63
Copy of IMG00454.JPG,conductor,1,0.2018,1580.85,3661.14,3091.01,4408.3
Copy of IMG00454.JPG,conductor,1,0.1888,1737.1,4597.88,2650.57,5121.75
Copy of IMG00454.JPG,conductor,1,0.18,0.06,5443.74,546.66,6258.24
Copy of IMG00454.JPG,conductor,1,0.1731,28.12,4348.21,1190.49,4864.51
Copy of IMG00454.JPG,conductor,1,0.171,3361.29,3862.98,4255.8,4441.34
Copy of IMG00454.JPG,conductor,1,0.1667,2288.1,4333.42,3216.27,4885.56
Copy of IMG00454.JPG,conductor,1,0.1471,5325.41,2330.94,8931.43,2933.5
Copy of IMG00454.JPG,conductor,1,0.1459,5472.83,2540.09,8188.35,3249.94
Copy of IMG00454.JPG,conductor,1,0.1449,0.58,4841.7,345.2,5370.26
Copy of IMG00454.JPG,conductor,1,0.1337,1812.82,4562.49,2813.61,5077.53
Copy of IMG00454.JPG,conductor,1,0.1196,138.94,4037.0,2016.07,4755.07
Copy of IMG00454.JPG,conductor,1,0.105,2664.86,4123.74,3807.63,4706.15
Copy of IMG00454.JPG,conductor,1,0.0995,2066.34,4399.49,3076.15,4986.23
Copy of IMG00454.JPG,conductor,1,0.0988,995.43,4853.66,2027.65,5416.04
Copy of IMG00454.JPG,conductor,1,0.0938,2056.18,3353.54,3608.62,4078.32
Copy of IMG00454.JPG,conductor,1,0.0938,2508.94,4173.34,3700.22,4753.71
Copy of IMG00454.JPG,conductor,1,0.0935,5559.58,2974.07,7503.69,3561.33
Copy of IMG00454.JPG,conductor,1,0.0922,591.43,4974.38,1725.2,5600.26
Copy of IMG00454.JPG,conductor,1,0.0886,35.39,4286.47,1558.44,4823.04
Copy of IMG00454.JPG,conductor,1,0.0852,392.94,5038.08,1687.87,5693.66
Copy of IMG00454.JPG,conductor,1,0.0813,1.9,4745.39,401.51,5334.46
Copy of IMG00454.JPG,conductor,1,0.0809,3171.38,3915.41,4207.64,4507.85
Copy of IMG00454.JPG,conductor,1,0.0787,0.8,4760.82,281.89,5347.11
Copy of IMG00454.JPG,conductor,1,0.0752,1106.54,3800.0,2765.33,4544.74
Copy of IMG00454.JPG,conductor,1,0.0749,5427.27,2218.67,9342.14,2878.47
Copy of IMG00454.JPG,conductor,1,0.0733,0.52,5394.58,519.83,6051.58
Copy of IMG00454.JPG,conductor,1,0.0722,14.8,5276.91,1029.55,5883.52
Copy of IMG00454.JPG,conductor,1,0.0704,7460.78,2082.04,9488.27,2680.88
Copy of IMG00454.JPG,conductor,1,0.0684,5450.39,2541.1,7734.96,3130.96
Copy of IMG00454.JPG,conductor,1,0.0641,0.52,4885.85,283.2,5421.54
Copy of IMG00454.JPG,conductor,1,0.0608,1771.68,3967.3,2801.35,4509.74
Copy of IMG00454.JPG,conductor,1,0.0557,212.76,4175.45,1879.18,4740.54
Copy of IMG00454.JPG,conductor,1,0.0552,3051.55,3990.51,4075.08,4620.32
Copy of IMG00454.JPG,conductor,1,0.0509,51.69,4721.84,1130.53,5172.43
Copy of IMG00454.JPG,conductor,1,0.0509,12.38,4886.62,826.69,5280.39
Copy of IMG00454.JPG,conductor,1,0.0505,1687.41,3828.65,2852.59,4483.97
Copy of IMG00358.JPG,pylon,0,0.7806,4288.63,3227.73,4776.35,6269.27
Copy of IMG00358.JPG,insulator,2,0.755,3884.19,3022.67,4118.24,3266.27
Copy of IMG00358.JPG,conductor,1,0.414,2349.63,2773.27,3428.84,4662.0
Copy of IMG00358.JPG,conductor,1,0.3627,5.39,3360.92,1131.97,5876.97
Copy of IMG00358.JPG,conductor,1,0.1421,0.0,4937.45,319.75,6211.93
Copy of IMG00358.JPG,insulator,2,0.1234,4993.9,3016.75,5265.15,3280.0
Copy of IMG00358.JPG,conductor,1,0.0827,1796.99,5086.51,2469.89,6258.14
Copy of IMG00358.JPG,conductor,1,0.0694,1146.19,2891.44,2269.8,4481.1
Copy of IMG00358.JPG,pylon,0,0.0624,4409.45,0.0,5326.85,2735.76
Copy of IMG00358.JPG,conductor,1,0.0564,1.99,2410.14,284.97,3229.47
Copy of IMG00442.JPG,conductor,1,0.7622,4095.19,4701.88,4726.08,6239.9
Copy of IMG00442.JPG,insulator,2,0.5522,5122.29,2864.64,5375.64,3128.56
Copy of IMG00442.JPG,conductor,1,0.4824,4996.92,3294.39,5590.45,5522.16
Copy of IMG00442.JPG,insulator,2,0.4291,4739.11,2953.58,4962.35,3231.65
Copy of IMG00442.JPG,insulator,2,0.4204,5474.62,3004.7,5711.82,3270.17
Copy of IMG00442.JPG,conductor,1,0.3521,2712.2,5198.96,3461.99,6267.32
Copy of IMG00442.JPG,conductor,1,0.275,2881.82,3180.75,4317.67,5346.61
Copy of IMG00442.JPG,conductor,1,0.1728,123.93,3143.79,4144.01,3727.7
Copy of IMG00442.JPG,conductor,1,0.139,1069.65,1577.29,4504.89,2084.35
Copy of IMG00442.JPG,conductor,1,0.1357,4128.81,3946.13,4782.68,6251.36
Copy of IMG00442.JPG,conductor,1,0.129,5352.54,1770.4,5680.31,2588.5
Copy of IMG00442.JPG,conductor,1,0.1086,5933.75,2647.58,9148.25,3199.57
Copy of IMG00442.JPG,conductor,1,0.0816,4608.32,5553.41,4933.69,6272.36
Copy of IMG00442.JPG,conductor,1,0.0776,4136.17,5291.73,4494.69,6249.18
Copy of IMG00442.JPG,conductor,1,0.058,4228.48,4586.71,4684.44,6056.77
Copy of IMG00211.JPG,pylon,0,0.8167,4834.59,3395.7,5205.85,6286.02
Copy of IMG00211.JPG,conductor,1,0.6619,5330.19,4752.28,6085.48,5649.42
Copy of IMG00211.JPG,insulator,2,0.6461,5353.16,3042.45,5605.04,3329.7
Copy of IMG00211.JPG,conductor,1,0.5526,5284.2,4684.86,5964.55,5561.44
Copy of IMG00211.JPG,conductor,1,0.4479,3431.32,2726.62,4059.56,3221.71
Copy of IMG00211.JPG,conductor,1,0.4469,5580.55,3360.38,6122.7,3844.64
Copy of IMG00211.JPG,conductor,1,0.3575,6380.09,5047.23,7089.98,5657.43
Copy of IMG00211.JPG,conductor,1,0.3028,5233.43,4606.94,5849.73,5389.76
Copy of IMG00211.JPG,conductor,1,0.2935,5791.77,5587.51,6610.07,6244.24
Copy of IMG00211.JPG,conductor,1,0.2835,6415.96,5109.56,7158.81,5736.45
Copy of IMG00211.JPG,insulator,2,0.2205,4264.17,3260.33,4459.73,3520.25
Copy of IMG00211.JPG,pylon,0,0.2154,4912.97,3463.98,5263.19,6303.0
Copy of IMG00211.JPG,conductor,1,0.2086,5923.8,4405.28,6514.85,5027.17
Copy of IMG00211.JPG,conductor,1,0.1847,5471.99,3942.01,6033.77,4543.64
Copy of IMG00211.JPG,conductor,1,0.1563,3443.91,2797.7,4110.66,3284.31
Copy of IMG00211.JPG,conductor,1,0.1451,5211.61,4545.21,5778.75,5277.45
Copy of IMG00211.JPG,conductor,1,0.1426,5731.52,5481.15,6564.24,6169.4
Copy of IMG00211.JPG,conductor,1,0.1408,6272.85,4935.21,7027.29,5565.47
Copy of IMG00211.JPG,conductor,1,0.1273,5445.1,5114.53,6231.17,5758.94
Copy of IMG00211.JPG,conductor,1,0.1163,5852.81,4344.21,6475.42,4954.34
Copy of IMG00211.JPG,conductor,1,0.115,5345.7,3743.71,5781.56,4285.46
Copy of IMG00211.JPG,conductor,1,0.1142,6953.46,4893.35,7756.2,5500.71
Copy of IMG00211.JPG,conductor,1,0.1124,5604.6,3385.21,6202.51,3952.72
Copy of IMG00211.JPG,conductor,1,0.1123,5995.03,4469.77,6595.3,5153.32
Copy of IMG00211.JPG,conductor,1,0.1063,6182.77,3338.0,8166.44,3984.5
Copy of IMG00211.JPG,conductor,1,0.106,5161.86,3491.66,5531.03,4035.88
Copy of IMG00211.JPG,conductor,1,0.104,6026.09,4642.04,6747.48,5268.8
Copy of IMG00211.JPG,conductor,1,0.1009,5415.03,3833.76,5937.19,4445.87
Copy of IMG00211.JPG,conductor,1,0.1005,5143.05,3423.61,5460.39,3971.2
Copy of IMG00211.JPG,conductor,1,0.1003,5536.76,4039.3,6099.17,4564.39
Copy of IMG00211.JPG,conductor,1,0.0997,6057.46,3919.81,6824.16,4606.71
Copy of IMG00211.JPG,conductor,1,0.0995,6158.66,4834.88,6956.91,5487.25
Copy of IMG00211.JPG,conductor,1,0.0978,5970.63,3842.38,6756.96,4524.92
Copy of IMG00211.JPG,conductor,1,0.0868,2479.3,2730.47,3523.92,3237.96
Copy of IMG00211.JPG,conductor,1,0.0845,4419.7,3546.84,4754.55,3964.05
Copy of IMG00211.JPG,conductor,1,0.0831,3334.63,2684.78,4002.48,3172.05
Copy of IMG00211.JPG,conductor,1,0.0823,5556.2,3322.56,6062.73,3780.13
Copy of IMG00211.JPG,conductor,1,0.0813,5364.55,5003.26,6131.45,5663.78
Copy of IMG00211.JPG,conductor,1,0.0772,5877.8,3736.33,6644.88,4381.17
Copy of IMG00211.JPG,conductor,1,0.0745,5588.37,5306.24,6449.81,6026.4
Copy of IMG00211.JPG,conductor,1,0.0707,6074.62,3983.79,6958.1,4718.58
Copy of IMG00211.JPG,conductor,1,0.0685,2899.23,2289.35,3583.07,2828.66
Copy of IMG00211.JPG,conductor,1,0.067,6926.73,5008.83,7755.14,5620.46
Copy of IMG00211.JPG,conductor,1,0.0667,5806.99,3637.12,6482.93,4224.97
Copy of IMG00211.JPG,conductor,1,0.0657,5317.92,3699.31,5730.6,4220.78
Copy of IMG00211.JPG,conductor,1,0.0634,4353.65,3531.35,4684.76,3910.97
Copy of IMG00211.JPG,conductor,1,0.059,6539.34,5265.15,7232.63,5799.16
Copy of IMG00211.JPG,conductor,1,0.0586,4460.16,3576.43,4797.3,4057.39
Copy of IMG00211.JPG,conductor,1,0.0566,5207.54,3564.24,5685.55,4169.1
Copy of IMG00211.JPG,conductor,1,0.0561,6785.9,4836.84,7672.8,5433.57
Copy of IMG00211.JPG,conductor,1,0.056,7031.77,5154.45,7765.04,5727.73
Copy of IMG00211.JPG,conductor,1,0.0546,5421.86,3434.88,6076.91,4051.01
Copy of IMG00211.JPG,conductor,1,0.0545,5545.4,5264.92,6339.07,5881.91
Copy of IMG00211.JPG,conductor,1,0.0504,5735.64,4187.03,6301.21,4807.35
Copy of IMG00269.JPG,conductor,1,0.3288,0.0,1976.31,7187.73,2882.14
Copy of IMG00269.JPG,conductor,1,0.3199,0.0,3043.27,6708.94,3996.75
Copy of IMG00269.JPG,conductor,1,0.1839,45.15,2332.31,3882.98,3230.06
Copy of IMG00269.JPG,conductor,1,0.1321,0.0,2115.68,6356.96,2961.23
Copy of IMG00269.JPG,conductor,1,0.0928,1520.33,1837.89,8963.97,2772.44
Copy of IMG00269.JPG,conductor,1,0.0838,120.41,3227.68,5764.77,4114.9
Copy of IMG00269.JPG,conductor,1,0.0704,24.97,3192.11,3135.63,4243.11
Copy of IMG00269.JPG,conductor,1,0.0703,2375.93,2503.82,9284.76,3457.6
Copy of IMG00269.JPG,conductor,1,0.0703,1953.05,1666.51,9232.49,2619.54
Copy of IMG00269.JPG,conductor,1,0.0671,4596.68,1824.88,8387.37,2666.93
Copy of IMG00372.JPG,insulator,2,0.7346,4548.97,2661.94,4884.61,2990.16
Copy of IMG00372.JPG,pylon,0,0.6833,4640.59,3185.49,5189.29,6256.63
Copy of IMG00372.JPG,insulator,2,0.6771,3266.43,2778.98,3696.69,3165.73
Copy of IMG00372.JPG,insulator,2,0.4591,5779.72,2924.7,6164.02,3325.9
Copy of IMG00372.JPG,conductor,1,0.1073,3917.6,3867.59,4576.12,6240.4
Copy of IMG00372.JPG,conductor,1,0.098,5674.89,3394.17,6013.3,4827.2
Copy of IMG00372.JPG,conductor,1,0.0908,2615.66,5066.39,3206.01,6186.7
Copy of IMG00372.JPG,conductor,1,0.0806,5386.82,3430.86,5924.3,6253.69
Copy of IMG00372.JPG,conductor,1,0.0735,5609.74,3390.07,6006.66,5779.74
Copy of IMG00372.JPG,conductor,1,0.0621,4244.29,3833.1,4625.7,4775.67
Copy of IMG00372.JPG,conductor,1,0.0615,2974.05,3225.3,3549.98,5278.7
Copy of IMG00146.JPG,insulator,2,0.8513,4741.08,3422.77,5094.14,3797.75
Copy of IMG00146.JPG,conductor,1,0.814,5157.47,2759.31,6655.09,3586.86
Copy of IMG00146.JPG,insulator,2,0.6361,4480.4,2557.92,4805.96,2941.07
Copy of IMG00146.JPG,conductor,1,0.5629,1406.3,4082.78,3404.15,5275.09
Copy of IMG00146.JPG,conductor,1,0.5159,3098.09,3737.41,4220.51,4647.11
Copy of IMG00146.JPG,conductor,1,0.4332,2.41,4492.15,690.48,5175.44
Copy of IMG00146.JPG,conductor,1,0.3677,37.67,3649.3,1619.98,4264.65
Copy of IMG00146.JPG,conductor,1,0.3616,7672.02,774.95,8439.75,1112.04
Copy of IMG00146.JPG,conductor,1,0.3574,6111.85,1855.65,6754.33,2154.32
Copy of IMG00146.JPG,conductor,1,0.3376,6414.66,2109.35,8296.44,3045.44
Copy of IMG00146.JPG,conductor,1,0.3371,6038.4,1883.02,6684.68,2252.17
Copy of IMG00146.JPG,conductor,1,0.3324,5035.94,1736.62,6131.61,2125.27
Copy of IMG00146.JPG,insulator,2,0.3239,4088.15,2410.25,4431.41,2871.78
Copy of IMG00146.JPG,conductor,1,0.302,25.96,5196.73,1198.52,6060.93
Copy of IMG00146.JPG,pylon,0,0.2855,4210.64,2998.75,4700.67,6290.46
Copy of IMG00146.JPG,conductor,1,0.281,1985.36,4031.78,3482.0,5152.78
Copy of IMG00146.JPG,conductor,1,0.2662,4694.24,1823.96,5809.78,2249.43
Copy of IMG00146.JPG,conductor,1,0.2643,7738.7,741.16,8517.17,1065.77
Copy of IMG00146.JPG,conductor,1,0.2511,4671.51,1985.76,5534.98,2347.22
Copy of IMG00146.JPG,conductor,1,0.2483,1729.64,3002.45,3058.7,3499.09
Copy of IMG00146.JPG,conductor,1,0.2432,5474.96,2126.64,6113.8,2516.44
Copy of IMG00146.JPG,conductor,1,0.242,1677.73,3075.07,2909.42,3578.85
Copy of IMG00146.JPG,conductor,1,0.2255,6994.22,1574.49,7623.98,1877.04
Copy of IMG00146.JPG,conductor,1,0.2189,4697.04,1907.96,5628.67,2293.29
Copy of IMG00146.JPG,conductor,1,0.2174,7941.05,1141.76,8540.54,1424.69
Copy of IMG00146.JPG,conductor,1,0.2154,7585.66,1324.5,8180.95,1620.69
Copy of IMG00146.JPG,conductor,1,0.2019,5101.27,2302.56,5750.6,2588.0
Copy of IMG00146.JPG,conductor,1,0.1986,2943.77,2697.97,3769.31,3084.78
Copy of IMG00146.JPG,conductor,1,0.1934,6877.53,1554.49,7591.17,1949.64
Copy of IMG00146.JPG,conductor,1,0.1928,5928.42,1935.97,6562.01,2250.9
Copy of IMG00146.JPG,conductor,1,0.1889,7304.41,2038.33,8335.82,2755.39
Copy of IMG00146.JPG,conductor,1,0.1875,427.0,3594.12,1849.53,4043.79
Copy of IMG00146.JPG,conductor,1,0.1865,7054.97,1477.87,7733.02,1852.94
Copy of IMG00146.JPG,conductor,1,0.1861,7675.42,1248.27,8290.0,1558.39
Copy of IMG00146.JPG,conductor,1,0.1841,959.06,4579.36,2740.88,5493.61
Copy of IMG00146.JPG,conductor,1,0.1786,7560.83,837.94,8371.43,1166.19
Copy of IMG00146.JPG,conductor,1,0.1728,7477.81,957.03,8053.19,1242.97
Copy of IMG00146.JPG,conductor,1,0.1725,5826.43,1506.71,6609.72,1839.98
Copy of IMG00146.JPG,conductor,1,0.172,5202.87,2228.58,5953.59,2593.86
Copy of IMG00146.JPG,conductor,1,0.1715,6345.53,2224.81,7908.68,3038.06
Copy of IMG00146.JPG,conductor,1,0.1699,6095.01,1355.98,7005.97,1688.99
Copy of IMG00146.JPG,conductor,1,0.1626,4673.67,2048.69,5342.84,2368.02
Copy of IMG00146.JPG,conductor,1,0.1612,6896.02,1184.32,7602.47,1460.08
Copy of IMG00146.JPG,conductor,1,0.1604,6745.59,1622.12,7373.4,2017.63
Copy of IMG00146.JPG,conductor,1,0.1589,1946.06,2961.61,3126.61,3434.09
Copy of IMG00146.JPG,conductor,1,0.1557,6369.17,1297.69,7191.37,1604.87
Copy of IMG00146.JPG,conductor,1,0.1516,880.43,4717.47,2366.04,5560.67
Copy of IMG00146.JPG,conductor,1,0.143,4879.2,1773.29,5943.57,2183.11
Copy of IMG00146.JPG,conductor,1,0.1427,7747.22,1208.92,8376.48,1515.3
Copy of IMG00146.JPG,conductor,1,0.142,468.96,4161.87,1513.85,4774.28
Copy of IMG00146.JPG,conductor,1,0.1391,5643.46,1998.69,6418.3,2364.8
Copy of IMG00146.JPG,conductor,1,0.1375,6303.43,1335.77,7031.66,1648.38
Copy of IMG00146.JPG,conductor,1,0.1374,5223.62,1685.15,6222.87,2037.54
Copy of IMG00146.JPG,conductor,1,0.1351,3087.77,3083.78,3794.42,3555.84
Copy of IMG00146.JPG,conductor,1,0.1331,2909.61,3791.64,4117.38,4979.43
Copy of IMG00146.JPG,conductor,1,0.1321,8063.41,1075.54,8666.22,1384.07
Copy of IMG00146.JPG,conductor,1,0.131,6818.93,1205.45,7519.2,1502.26
Copy of IMG00146.JPG,conductor,1,0.1305,8339.79,575.66,9003.38,874.68
Copy of IMG00146.JPG,conductor,1,0.1302,5245.74,2171.36,6033.42,2523.76
Copy of IMG00146.JPG,conductor,1,0.1299,6623.74,1244.5,7356.31,1536.85
Copy of IMG00146.JPG,conductor,1,0.1284,7804.16,715.68,8596.98,1026.02
Copy of IMG00146.JPG,conductor,1,0.1282,2221.77,2877.55,3332.42,3301.77
Copy of IMG00146.JPG,conductor,1,0.1282,7481.25,875.81,8253.24,1200.52
Copy of IMG00146.JPG,conductor,1,0.127,7872.95,1172.3,8485.69,1472.12
Copy of IMG00146.JPG,conductor,1,0.1266,5628.12,1521.41,6584.9,1881.49
Copy of IMG00146.JPG,conductor,1,0.1261,2080.5,2915.2,3265.44,3350.12
Copy of IMG00146.JPG,conductor,1,0.1199,5940.61,1474.85,6701.77,1794.83
Copy of IMG00146.JPG,conductor,1,0.1193,6792.94,1612.38,7505.3,1928.31
Copy of IMG00146.JPG,conductor,1,0.1189,5498.52,2095.6,6174.66,2449.48
Copy of IMG00146.JPG,conductor,1,0.1183,2977.04,3126.52,3665.96,3590.17
Copy of IMG00146.JPG,conductor,1,0.1165,5405.6,1621.91,6401.67,1976.13
Copy of IMG00146.JPG,conductor,1,0.1149,5547.6,2063.76,6259.73,2405.01
Copy of IMG00146.JPG,conductor,1,0.1128,5505.21,1557.95,6488.15,1909.23
Copy of IMG00146.JPG,conductor,1,0.1126,11.14,3762.76,1430.05,4275.64
Copy of IMG00146.JPG,conductor,1,0.1124,0.0,3835.38,1165.87,4328.26
Copy of IMG00146.JPG,conductor,1,0.111,7535.31,1355.14,8096.16,1629.76
Copy of IMG00146.JPG,conductor,1,0.1105,7190.73,1056.31,7836.98,1328.87
Copy of IMG00146.JPG,conductor,1,0.1086,7027.23,1102.78,7763.16,1387.01
Copy of IMG00146.JPG,conductor,1,0.1048,1060.3,4371.04,3033.25,5383.33
Copy of IMG00146.JPG,conductor,1,0.104,5854.34,1960.47,6493.49,2285.89
Copy of IMG00146.JPG,conductor,1,0.1006,9076.61,4822.06,9504.0,6262.73
Copy of IMG00146.JPG,conductor,1,0.0995,219.38,3572.46,1750.59,4134.6
Copy of IMG00146.JPG,conductor,1,0.0986,9025.33,5385.89,9502.88,6300.96
Copy of IMG00146.JPG,conductor,1,0.0985,7386.39,1007.75,7951.97,1292.01
Copy of IMG00146.JPG,conductor,1,0.0972,8307.16,1005.87,8847.09,1280.33
Copy of IMG00146.JPG,conductor,1,0.0963,5395.4,2179.42,6082.28,2566.01
Copy of IMG00146.JPG,conductor,1,0.0963,4637.86,2103.19,5258.42,2395.32
Copy of IMG00146.JPG,conductor,1,0.0938,8506.95,901.77,9118.9,1189.78
Copy of IMG00146.JPG,conductor,1,0.0937,5996.03,1404.31,6925.76,1751.53
Copy of IMG00146.JPG,conductor,1,0.0927,0.0,3904.62,897.2,5110.94
Copy of IMG00146.JPG,conductor,1,0.0918,6621.59,1810.63,7244.41,2129.86
Copy of IMG00146.JPG,conductor,1,0.0916,6630.08,1691.41,7278.3,2024.22
Copy of IMG00146.JPG,conductor,1,0.091,1228.58,3319.3,2314.37,3826.78
Copy of IMG00146.JPG,pylon,0,0.0905,4125.21,3436.74,4649.26,6295.17
Copy of IMG00146.JPG,conductor,1,0.0894,8415.56,960.74,8956.95,1307.1
Copy of IMG00146.JPG,conductor,1,0.0881,1378.92,3251.19,2499.02,3730.37
Copy of IMG00146.JPG,conductor,1,0.0853,1.47,3883.1,975.16,4401.67
Copy of IMG00146.JPG,conductor,1,0.085,5006.68,1713.03,6169.31,2013.28
Copy of IMG00146.JPG,conductor,1,0.0818,6435.97,1220.06,7520.19,1521.76
Copy of IMG00146.JPG,conductor,1,0.0814,2413.16,2854.26,3356.34,3258.23
Copy of IMG00146.JPG,conductor,1,0.0813,3258.7,3007.75,3923.04,3444.17
Copy of IMG00146.JPG,conductor,1,0.0768,3336.88,2975.6,3977.66,3385.84
Copy of IMG00146.JPG,conductor,1,0.0764,6265.72,1808.59,6881.29,2133.87
Copy of IMG00146.JPG,conductor,1,0.0752,6526.61,1723.08,7186.7,2043.24
Copy of IMG00146.JPG,conductor,1,0.0742,4.35,3993.92,786.23,4477.03
Copy of IMG00146.JPG,pylon,0,0.0742,4343.31,2992.76,4656.04,5895.59
Copy of IMG00146.JPG,conductor,1,0.074,1982.27,3513.13,2927.67,4024.61
Copy of IMG00146.JPG,conductor,1,0.0739,8232.03,1047.54,8789.77,1361.79
Copy of IMG00146.JPG,conductor,1,0.0738,8006.69,628.39,8836.56,940.29
Copy of IMG00146.JPG,conductor,1,0.0732,6429.77,1775.74,7175.0,2127.36
Copy of IMG00146.JPG,conductor,1,0.0724,6933.55,1133.29,7672.15,1424.28
Copy of IMG00146.JPG,conductor,1,0.0723,2477.08,3347.61,3307.8,3769.86
Copy of IMG00146.JPG,conductor,1,0.0708,1475.94,3745.12,2357.68,4321.9
Copy of IMG00146.JPG,conductor,1,0.0696,2738.07,2707.63,3694.93,3131.66
Copy of IMG00146.JPG,conductor,1,0.0665,2615.09,2778.25,3563.12,3207.59
Copy of IMG00146.JPG,conductor,1,0.0643,2080.49,2827.48,3379.82,3248.81
Copy of IMG00146.JPG,conductor,1,0.0641,2783.46,3236.02,3548.72,3658.1
Copy of IMG00146.JPG,conductor,1,0.0639,716.83,3489.39,2081.44,3935.94
Copy of IMG00146.JPG,conductor,1,0.0625,3011.74,2660.51,3856.69,3026.88
Copy of IMG00146.JPG,conductor,1,0.0603,1087.2,3392.6,2239.17,3858.17
Copy of IMG00146.JPG,insulator,2,0.0596,4336.62,5761.52,4697.62,6285.37
Copy of IMG00146.JPG,conductor,1,0.0595,586.01,4092.62,1634.05,4673.93
Copy of IMG00146.JPG,conductor,1,0.0567,0.72,4060.43,699.94,4538.33
Copy of IMG00146.JPG,conductor,1,0.0543,871.58,3436.05,2152.27,3884.62
Copy of IMG00146.JPG,conductor,1,0.0529,8332.34,1084.48,8782.31,1397.58
Copy of IMG00146.JPG,conductor,1,0.0526,1498.74,3176.87,2793.93,3665.6
Copy of IMG00146.JPG,conductor,1,0.0518,0.0,4643.82,489.02,5211.44
Copy of IMG00146.JPG,conductor,1,0.0515,7642.4,1276.53,8165.71,1673.76
Copy of IMG00146.JPG,conductor,1,0.0515,6940.04,1077.87,7822.36,1355.85
Copy of IMG00146.JPG,conductor,1,0.0515,1800.59,3576.9,2828.05,4074.3
Copy of IMG00146.JPG,conductor,1,0.0513,7423.31,887.97,8110.64,1236.62
Copy of IMG03471.JPG,conductor,1,0.5966,7531.48,5137.22,8672.24,6328.75
Copy of IMG03471.JPG,conductor,1,0.5829,5954.82,2326.03,7298.79,2974.77
Copy of IMG03471.JPG,conductor,1,0.5279,4816.96,2706.81,6182.15,3546.22
Copy of IMG03471.JPG,conductor,1,0.3224,5956.73,5764.17,6976.22,6304.89
Copy of IMG03471.JPG,conductor,1,0.3105,8745.37,4495.5,9504.0,6291.51
Copy of IMG03471.JPG,conductor,1,0.2865,6164.75,2401.61,7290.24,2940.38
Copy of IMG03471.JPG,conductor,1,0.2508,0.0,4182.6,707.92,5215.56
Copy of IMG03471.JPG,insulator,2,0.1896,5102.11,1261.12,5429.78,1578.94
Copy of IMG03471.JPG,conductor,1,0.1218,5853.29,2081.55,7360.6,2922.27
Copy of IMG03471.JPG,conductor,1,0.121,5816.39,2239.58,7153.21,2797.45
Copy of IMG03471.JPG,insulator,2,0.1001,5718.62,4440.28,6095.72,4810.7
Copy of IMG03471.JPG,insulator,2,0.0863,4605.98,1913.91,4911.49,2140.68
Copy of IMG03471.JPG,conductor,1,0.0859,5688.81,2040.81,7083.83,2571.77
Copy of IMG03471.JPG,conductor,1,0.0836,0.0,3951.14,761.57,5479.22
Copy of IMG03471.JPG,conductor,1,0.0778,6354.75,2516.64,7389.87,3019.19
Copy of IMG03471.JPG,insulator,2,0.0708,2.16,836.2,145.4,1116.52
Copy of IMG03471.JPG,conductor,1,0.0654,8973.17,4598.08,9504.0,6336.0
Copy of IMG03471.JPG,insulator,2,0.0619,799.51,2322.5,1053.41,2490.54
Copy of IMG03471.JPG,conductor,1,0.0592,4791.22,2707.94,6170.22,3133.68
Copy of IMG03471.JPG,insulator,2,0.0581,7031.12,4566.54,7379.5,4879.72
Copy of IMG03471.JPG,insulator,2,0.057,1301.84,2901.82,1831.11,3225.96
Copy of IMG03471.JPG,insulator,2,0.0536,750.59,2419.69,1106.36,2673.56
Copy of IMG00102.JPG,insulator,2,0.7702,1460.68,4989.46,1809.32,5307.29
Copy of IMG00102.JPG,insulator,2,0.7443,2896.95,879.56,3130.99,1142.15
Copy of IMG00102.JPG,insulator,2,0.7107,2491.61,592.33,2747.63,841.05
Copy of IMG00102.JPG,pylon,0,0.62,2491.34,1066.5,2991.63,4858.11
Copy of IMG00102.JPG,conductor,1,0.4895,2930.97,2177.74,3627.99,3107.48
Copy of IMG00102.JPG,conductor,1,0.4509,4848.92,5250.28,5495.26,6084.62
Copy of IMG00102.JPG,insulator,2,0.4348,1832.46,4810.46,2098.65,5140.1
Copy of IMG00102.JPG,insulator,2,0.3943,2195.33,966.37,2399.14,1210.86
Copy of IMG00102.JPG,conductor,1,0.3876,2887.14,2095.88,3470.39,2950.89
Copy of IMG00102.JPG,conductor,1,0.3846,6185.21,5453.16,6748.11,6085.46
Copy of IMG00102.JPG,conductor,1,0.3354,5234.47,4371.94,6004.25,4907.99
Copy of IMG00102.JPG,conductor,1,0.3311,5196.27,4330.54,5952.64,4815.01
Copy of IMG00102.JPG,pylon,0,0.2478,2557.6,1155.77,2910.19,5013.36
Copy of IMG00102.JPG,conductor,1,0.2468,2111.25,43.17,2474.98,380.25
Copy of IMG00102.JPG,conductor,1,0.242,3189.05,1353.42,3712.44,1853.13
Copy of IMG00102.JPG,conductor,1,0.2158,4363.71,3242.6,5236.95,3813.06
Copy of IMG00102.JPG,conductor,1,0.2095,1987.66,1378.59,2350.87,1745.35
Copy of IMG00102.JPG,conductor,1,0.2086,4684.67,3823.15,5460.26,4299.04
Copy of IMG00102.JPG,conductor,1,0.2069,3457.06,3241.11,4348.02,4157.93
Copy of IMG00102.JPG,conductor,1,0.1866,1383.7,26.41,1809.16,388.5
Copy of IMG00102.JPG,conductor,1,0.1746,4125.0,4235.63,4732.02,4792.7
Copy of IMG00102.JPG,conductor,1,0.168,5808.4,5062.8,6352.73,5499.72
Copy of IMG00102.JPG,conductor,1,0.1596,1911.09,1379.02,2244.84,1736.29
Copy of IMG00102.JPG,conductor,1,0.1591,2850.4,1999.35,3364.47,2756.47
Copy of IMG00102.JPG,conductor,1,0.1559,3549.4,3498.91,4417.26,4244.74
Copy of IMG00102.JPG,conductor,1,0.1556,3409.2,3129.82,4245.7,4075.7
Copy of IMG00102.JPG,conductor,1,0.1345,1508.52,158.38,1950.56,574.3
Copy of IMG00102.JPG,conductor,1,0.1298,1572.18,216.07,2010.46,617.38
Copy of IMG00102.JPG,conductor,1,0.128,3169.73,1327.61,3618.84,1739.91
Copy of IMG00102.JPG,conductor,1,0.1275,2112.99,1388.68,2415.42,1758.29
Copy of IMG00102.JPG,conductor,1,0.1246,1363.65,0.0,1744.87,313.61
Copy of IMG00102.JPG,conductor,1,0.1227,2035.56,0.0,2396.65,322.26
Copy of IMG00102.JPG,conductor,1,0.1208,3633.05,2095.83,4243.34,2571.47
Copy of IMG00102.JPG,conductor,1,0.1183,5133.11,4278.46,5863.45,4740.79
Copy of IMG00102.JPG,conductor,1,0.1166,2985.76,2374.34,3675.36,3147.13
Copy of IMG00102.JPG,conductor,1,0.1073,1965.75,0.0,2324.17,259.07
Copy of IMG00102.JPG,conductor,1,0.1045,3145.2,1297.27,3539.65,1669.79
Copy of IMG00102.JPG,conductor,1,0.1045,4514.23,4744.43,5118.43,5299.04
Copy of IMG00102.JPG,conductor,1,0.1032,3103.3,1330.37,3548.32,1798.52
Copy of IMG00102.JPG,conductor,1,0.1008,3956.96,2596.7,4683.44,3138.38
Copy of IMG00102.JPG,conductor,1,0.1001,4907.15,5372.56,5464.37,6049.79
Copy of IMG00102.JPG,conductor,1,0.0965,6192.46,5544.95,6699.48,6022.45
Copy of IMG00102.JPG,conductor,1,0.0962,5851.87,5150.44,6384.15,5547.89
Copy of IMG00102.JPG,conductor,1,0.0921,4025.41,2700.46,4752.68,3267.7
Copy of IMG00102.JPG,conductor,1,0.0909,4253.78,3123.02,5102.67,3648.08
Copy of IMG00102.JPG,conductor,1,0.0902,1617.3,308.97,2032.09,667.7
Copy of IMG00102.JPG,conductor,1,0.0897,1829.43,1329.42,2146.99,1654.51
Copy of IMG00102.JPG,conductor,1,0.0897,1891.17,1355.85,2192.46,1700.42
Copy of IMG00102.JPG,conductor,1,0.0879,3906.68,2518.19,4639.08,3074.01
Copy of IMG00102.JPG,insulator,2,0.0838,1709.46,4837.2,2069.09,5227.23
Copy of IMG00102.JPG,conductor,1,0.0829,1434.49,89.69,1936.78,474.19
Copy of IMG00102.JPG,conductor,1,0.0801,3247.26,1414.33,3787.89,1835.87
Copy of IMG00102.JPG,conductor,1,0.0797,3312.12,1477.63,3789.72,1867.23
Copy of IMG00102.JPG,conductor,1,0.078,4447.16,3338.03,5371.02,3959.25
Copy of IMG00102.JPG,conductor,1,0.0764,3058.63,1307.12,3420.11,1715.13
Copy of IMG00102.JPG,pylon,0,0.0762,2531.9,1070.05,2839.3,4696.13
Copy of IMG00102.JPG,conductor,1,0.0754,4144.24,4226.49,4834.21,4908.02
Copy of IMG00102.JPG,conductor,1,0.0734,3387.6,3097.69,4090.95,3793.49
Copy of IMG00102.JPG,conductor,1,0.0714,4081.48,4163.05,4718.75,4665.93
Copy of IMG00102.JPG,conductor,1,0.0694,3018.28,1151.81,3307.39,1474.7
Copy of IMG00102.JPG,conductor,1,0.0693,3175.73,1461.08,3673.87,1892.3
Copy of IMG00102.JPG,conductor,1,0.0663,4365.7,4633.64,5047.43,5130.46
Copy of IMG00102.JPG,conductor,1,0.066,4582.77,4865.25,5158.6,5316.51
Copy of IMG00102.JPG,conductor,1,0.066,2936.39,2307.97,3551.22,3015.19
Copy of IMG00102.JPG,conductor,1,0.063,2801.62,1892.86,3223.17,2576.89
Copy of IMG00102.JPG,conductor,1,0.0626,4454.14,4698.26,5081.07,5176.12
Copy of IMG00102.JPG,conductor,1,0.0623,3005.12,1218.33,3362.25,1639.26
Copy of IMG00102.JPG,conductor,1,0.0616,5800.5,4995.79,6359.57,5422.8
Copy of IMG00102.JPG,conductor,1,0.0608,3126.32,1182.5,3415.7,1533.36
Copy of IMG00102.JPG,conductor,1,0.0603,6269.87,5656.53,6740.94,6134.16
Copy of IMG00102.JPG,conductor,1,0.06,5171.55,4252.23,5766.67,4619.72
Copy of IMG00102.JPG,conductor,1,0.0587,4659.62,4969.89,5260.36,5505.28
Copy of IMG00102.JPG,conductor,1,0.0579,3109.04,1461.75,3535.96,1881.14
Copy of IMG00102.JPG,insulator,2,0.0577,1544.44,4857.92,2037.13,5284.01
Copy of IMG00102.JPG,conductor,1,0.0569,3289.82,1793.08,3716.52,2186.69
Copy of IMG00102.JPG,conductor,1,0.0568,5208.58,4305.25,5806.02,4690.72
Copy of IMG00102.JPG,conductor,1,0.0555,4755.67,5091.94,5319.41,5570.71
Copy of IMG00102.JPG,conductor,1,0.0546,5338.78,4493.12,6052.86,4915.62
Copy of IMG00102.JPG,conductor,1,0.0544,3797.58,3917.68,4554.51,4415.91
Copy of IMG00102.JPG,conductor,1,0.0544,2913.89,1157.82,3203.42,1550.21
Copy of IMG00102.JPG,conductor,1,0.052,5319.54,4501.85,6063.91,5122.09
Copy of IMG00102.JPG,conductor,1,0.0516,1854.18,1411.84,2208.56,1802.1
Copy of IMG00102.JPG,conductor,1,0.0512,6319.56,5849.71,6765.02,6289.11
Copy of IMG00102.JPG,conductor,1,0.0508,3266.1,1747.31,3659.55,2061.93
Copy of IMG00102.JPG,insulator,2,0.0507,1434.31,4946.04,1774.87,5282.71
Copy of IMG00102.JPG,insulator,2,0.0504,2887.5,904.95,3156.4,1177.91
Copy of IMG00407.JPG,insulator,2,0.7014,4615.86,2916.42,4968.94,3255.34
Copy of IMG00407.JPG,conductor,1,0.5486,5091.61,5431.5,5862.31,6203.19
Copy of IMG00407.JPG,conductor,1,0.5295,4368.76,3947.73,5029.85,4896.63
Copy of IMG00407.JPG,insulator,2,0.4878,4217.76,2641.68,4557.81,2921.19
Copy of IMG00407.JPG,insulator,2,0.4448,3840.79,3059.4,4075.52,3369.28
Copy of IMG00407.JPG,conductor,1,0.254,4449.02,4183.4,5238.05,5152.33
Copy of IMG00407.JPG,conductor,1,0.2431,4403.04,4047.84,5128.6,5025.42
Copy of IMG00407.JPG,conductor,1,0.2134,4501.53,4379.56,5361.03,5266.62
Copy of IMG00407.JPG,conductor,1,0.1549,8883.87,5044.49,9499.66,6103.2
Copy of IMG00407.JPG,conductor,1,0.1228,4074.54,3240.6,4435.05,6178.42
Copy of IMG00407.JPG,pylon,0,0.1225,4063.08,3236.59,4412.97,6310.83
Copy of IMG00407.JPG,conductor,1,0.1216,4543.69,4497.44,5385.59,5426.93
Copy of IMG00407.JPG,conductor,1,0.1205,8360.08,4589.26,8979.55,5223.65
Copy of IMG00407.JPG,conductor,1,0.1135,4074.69,3323.56,4359.9,4179.22
Copy of IMG00407.JPG,conductor,1,0.1082,4671.47,4640.08,5468.88,5537.99
Copy of IMG00407.JPG,conductor,1,0.1059,4342.52,3877.97,4858.04,4707.66
Copy of IMG00407.JPG,conductor,1,0.0936,12.91,4091.91,715.73,4617.91
Copy of IMG00407.JPG,conductor,1,0.0917,4029.7,3470.03,4275.71,4065.29
Copy of IMG00407.JPG,conductor,1,0.0904,9096.17,4394.32,9504.0,5006.55
Copy of IMG00407.JPG,conductor,1,0.085,5770.61,4931.39,6876.01,5767.08
Copy of IMG00407.JPG,conductor,1,0.0845,8021.86,4236.96,8676.42,4769.57
Copy of IMG00407.JPG,conductor,1,0.0838,7931.18,4108.03,8576.16,4657.3
Copy of IMG00407.JPG,conductor,1,0.0803,8887.92,5084.84,9504.0,5772.29
Copy of IMG00407.JPG,conductor,1,0.0772,4998.73,3315.09,6568.77,4938.51
Copy of IMG00407.JPG,conductor,1,0.0768,8294.31,4488.34,8931.74,5048.44
Copy of IMG00407.JPG,conductor,1,0.0758,4892.52,3312.67,5650.49,4134.49
Copy of IMG00407.JPG,conductor,1,0.0755,8263.98,3767.95,8947.83,4302.54
Copy of IMG00407.JPG,conductor,1,0.0733,4312.0,3890.0,4779.66,4606.55
Copy of IMG00407.JPG,conductor,1,0.0713,4086.57,3319.9,4373.68,3971.33
Copy of IMG00407.JPG,conductor,1,0.0711,4753.79,4773.68,5531.82,5588.12
Copy of IMG00407.JPG,conductor,1,0.0686,4260.69,3157.26,4462.97,3676.55
Copy of IMG00407.JPG,conductor,1,0.0685,8196.4,3642.62,8952.22,4274.92
Copy of IMG00407.JPG,conductor,1,0.0676,4091.82,3326.02,4347.41,4604.59
Copy of IMG00407.JPG,conductor,1,0.0674,5969.56,5072.67,6929.71,6160.23
Copy of IMG00407.JPG,conductor,1,0.0662,7471.09,5383.59,7919.8,5990.08
Copy of IMG00407.JPG,conductor,1,0.0659,9105.5,5331.26,9504.0,6186.26
Copy of IMG00407.JPG,conductor,1,0.0631,8276.42,5374.09,8824.01,5950.72
Copy of IMG00407.JPG,conductor,1,0.0628,8157.44,4340.17,8788.72,4901.77
Copy of IMG00407.JPG,conductor,1,0.0616,5182.97,5560.02,5891.65,6236.95
Copy of IMG00407.JPG,conductor,1,0.0606,7846.75,4054.39,8455.32,4539.12
Copy of IMG00407.JPG,conductor,1,0.0602,7534.94,5455.47,8022.37,6188.39
Copy of IMG00407.JPG,conductor,1,0.0596,9123.5,4333.04,9504.0,4857.81
Copy of IMG00407.JPG,conductor,1,0.0585,8243.0,4424.18,8865.18,5003.32
Copy of IMG00407.JPG,conductor,1,0.0563,8436.34,4638.13,9065.44,5125.67
Copy of IMG00407.JPG,conductor,1,0.0562,9015.85,5229.92,9504.0,6019.48
Copy of IMG00407.JPG,conductor,1,0.0558,4858.64,4986.46,5638.32,5966.47
Copy of IMG00407.JPG,conductor,1,0.0554,8687.12,4125.35,9348.93,4625.95
Copy of IMG00407.JPG,conductor,1,0.0525,8279.92,5421.04,8835.97,6126.72
Copy of IMG00407.JPG,conductor,1,0.052,8642.87,3883.32,9293.79,4505.88
Copy of IMG00407.JPG,conductor,1,0.0517,17.09,4306.04,808.04,4942.65
Copy of IMG00407.JPG,conductor,1,0.0514,9243.77,4422.32,9503.19,5006.29
Copy of IMG00407.JPG,conductor,1,0.0511,8.91,4465.86,652.28,5059.92
Copy of IMG00407.JPG,conductor,1,0.051,4845.44,4995.0,5583.14,5662.6
Copy of IMG00407.JPG,conductor,1,0.0503,8949.57,4336.93,9503.18,4849.36
Copy of IMG00407.JPG,conductor,1,0.0502,5895.57,5020.31,6903.16,5895.61
Copy of IMG03487.JPG,pylon,0,0.9158,4037.75,4109.17,4560.56,6265.67
Copy of IMG03487.JPG,insulator,2,0.8515,2551.51,3391.66,2970.42,3830.03
Copy of IMG03487.JPG,conductor,1,0.7532,2954.51,4301.49,3863.46,5250.37
Copy of IMG03487.JPG,insulator,2,0.7462,5597.4,4298.19,5943.43,4696.11
Copy of IMG03487.JPG,insulator,2,0.7282,4057.62,3447.2,4382.03,3879.69
Copy of IMG03487.JPG,conductor,1,0.7125,4608.3,5107.76,5537.18,6276.8
Copy of IMG03487.JPG,conductor,1,0.6796,7244.05,55.43,8098.36,1090.46
Copy of IMG03487.JPG,conductor,1,0.653,2134.9,5206.99,3031.84,6307.43
Copy of IMG03487.JPG,conductor,1,0.5763,4677.37,2707.76,5571.09,3292.77
Copy of IMG03487.JPG,conductor,1,0.5045,6337.4,1031.14,7102.4,1894.95
Copy of IMG03487.JPG,conductor,1,0.4587,449.12,5022.44,1581.03,5997.84
Copy of IMG03487.JPG,conductor,1,0.4574,1249.4,4026.66,2688.12,4882.65
Copy of IMG03487.JPG,conductor,1,0.4487,6452.81,77.27,7209.06,706.29
Copy of IMG03487.JPG,conductor,1,0.374,6801.53,2096.11,7845.11,3194.74
Copy of IMG03487.JPG,conductor,1,0.3647,369.43,5074.25,1529.45,6215.19
Copy of IMG03487.JPG,conductor,1,0.3597,1363.08,3978.86,2747.94,4709.16
Copy of IMG03487.JPG,conductor,1,0.3559,2285.71,5072.89,3234.27,6125.29
Copy of IMG03487.JPG,conductor,1,0.3143,5720.91,1673.59,6461.52,2491.81
Copy of IMG03487.JPG,conductor,1,0.2986,8612.68,83.16,9171.21,1069.58
Copy of IMG03487.JPG,conductor,1,0.2767,4112.02,1682.99,5286.43,2381.45
Copy of IMG03487.JPG,conductor,1,0.2712,3948.83,2025.29,5022.06,2701.39
Copy of IMG03487.JPG,conductor,1,0.2689,5929.05,406.8,6782.99,1042.96
Copy of IMG03487.JPG,conductor,1,0.2679,5069.95,4732.72,5822.73,5514.75
Copy of IMG03487.JPG,conductor,1,0.2657,6523.91,7.09,7249.02,621.96
Copy of IMG03487.JPG,conductor,1,0.2595,1075.2,3985.06,2729.15,5138.25
Copy of IMG03487.JPG,conductor,1,0.246,4026.61,1746.04,5242.58,2511.95
Copy of IMG03487.JPG,conductor,1,0.2328,4710.02,2487.66,5803.64,3261.81
Copy of IMG03487.JPG,conductor,1,0.2069,5107.24,939.96,6124.81,1587.02
Copy of IMG03487.JPG,conductor,1,0.2039,3881.76,2091.43,4877.12,2750.13
Copy of IMG03487.JPG,conductor,1,0.1979,8473.92,110.35,9148.16,1170.34
Copy of IMG03487.JPG,conductor,1,0.1973,4189.2,1583.36,5436.68,2326.35
Copy of IMG03487.JPG,conductor,1,0.1942,4909.55,979.02,6112.81,1750.66
Copy of IMG03487.JPG,conductor,1,0.1823,4857.1,4757.52,5812.44,5747.92
Copy of IMG03487.JPG,conductor,1,0.1658,2433.58,5045.58,3275.98,5698.33
Copy of IMG03487.JPG,conductor,1,0.1643,4634.56,4861.48,5683.48,6205.05
Copy of IMG03487.JPG,conductor,1,0.1379,3754.34,2183.09,4783.55,2846.48
Copy of IMG03487.JPG,conductor,1,0.1347,3611.59,2510.72,4313.98,2963.83
Copy of IMG03487.JPG,conductor,1,0.1224,5949.93,263.04,6856.49,994.84
Copy of IMG03487.JPG,conductor,1,0.1087,2091.19,5778.78,2711.5,6327.22
Copy of IMG03487.JPG,conductor,1,0.1084,4752.72,1028.48,5998.2,1863.95
Copy of IMG03487.JPG,conductor,1,0.108,1869.79,3914.51,2762.04,4481.82
Copy of IMG03487.JPG,conductor,1,0.1045,4895.71,2353.02,5880.08,3166.97
Copy of IMG03487.JPG,conductor,1,0.1043,6357.63,139.85,7112.27,768.83
Copy of IMG03487.JPG,conductor,1,0.1038,4345.5,1473.62,5523.72,2216.79
Copy of IMG03487.JPG,conductor,1,0.0988,6157.04,75.7,7119.53,794.54
Copy of IMG03487.JPG,conductor,1,0.0923,3132.73,4247.15,3881.03,5106.83
Copy of IMG03487.JPG,conductor,1,0.0888,4554.69,5341.45,5320.3,6260.64
Copy of IMG03487.JPG,conductor,1,0.088,4655.58,1170.24,5738.15,1924.82
Copy of IMG03487.JPG,conductor,1,0.086,5213.54,4657.11,5882.93,5401.34
Copy of IMG03487.JPG,conductor,1,0.0844,6235.36,163.05,7168.82,911.25
Copy of IMG03487.JPG,conductor,1,0.0809,5125.44,2201.99,5924.88,3014.71
Copy of IMG03487.JPG,conductor,1,0.0779,3622.55,2312.1,4495.12,2918.07
Copy of IMG03487.JPG,conductor,1,0.0776,324.82,5530.97,1222.58,6287.2
Copy of IMG03487.JPG,conductor,1,0.075,1597.74,3938.45,2769.49,4564.65
Copy of IMG03487.JPG,conductor,1,0.0724,4680.07,2857.76,5421.12,3328.03
Copy of IMG03487.JPG,conductor,1,0.0718,4502.16,1313.71,5682.83,2041.01
Copy of IMG03487.JPG,conductor,1,0.071,8631.01,170.37,9105.07,954.18
Copy of IMG03487.JPG,conductor,1,0.0678,7422.35,924.2,8611.53,2280.32
Copy of IMG03487.JPG,conductor,1,0.0669,7201.51,299.41,7849.4,1078.09
Copy of IMG03487.JPG,conductor,1,0.0653,520.79,4916.23,1683.39,5718.92
Copy of IMG03487.JPG,conductor,1,0.0649,8739.14,83.94,9204.39,811.1
Copy of IMG03487.JPG,conductor,1,0.0635,4221.9,1836.84,5207.58,2403.23
Copy of IMG03487.JPG,conductor,1,0.0612,317.49,5721.74,985.02,6324.54
Copy of IMG03487.JPG,conductor,1,0.0608,2526.62,4986.93,3410.77,5650.21
Copy of IMG03487.JPG,conductor,1,0.0594,7242.0,197.32,7938.32,1030.24
Copy of IMG03487.JPG,conductor,1,0.0576,5833.05,537.87,6538.67,1138.43
Copy of IMG03487.JPG,conductor,1,0.0559,395.22,5467.46,1273.72,6120.67
Copy of IMG03487.JPG,conductor,1,0.0529,2088.13,5633.15,2813.41,6316.86
Copy of IMG03487.JPG,conductor,1,0.0505,8859.05,55.59,9251.3,645.32
Copy of IMG00524.JPG,insulator,2,0.9239,3395.38,1020.71,3950.53,1518.68
Copy of IMG00524.JPG,insulator,2,0.9164,4507.86,1497.42,5033.98,2001.71
Copy of IMG00524.JPG,insulator,2,0.8386,5647.94,1999.66,6106.91,2473.87
Copy of IMG00524.JPG,insulator,2,0.7942,3090.65,1725.64,3618.86,2197.27
Copy of IMG00524.JPG,conductor,1,0.7806,3.94,1363.11,763.67,2257.5
Copy of IMG00524.JPG,insulator,2,0.7629,3336.47,3046.93,3859.59,3428.39
Copy of IMG00524.JPG,insulator,2,0.7575,5383.33,2703.18,5856.31,3186.13
Copy of IMG00524.JPG,insulator,2,0.7355,4248.08,2281.48,4675.75,2706.48
Copy of IMG00524.JPG,conductor,1,0.7304,1646.19,1589.41,2987.8,2251.26
Copy of IMG00524.JPG,insulator,2,0.7108,3876.48,2454.78,4262.27,2777.03
Copy of IMG00524.JPG,conductor,1,0.6247,537.8,1133.36,1959.45,1838.33
Copy of IMG00524.JPG,conductor,1,0.5619,766.18,2210.95,3119.77,3141.27
Copy of IMG00524.JPG,conductor,1,0.5611,2.38,611.95,786.97,1344.65
Copy of IMG00524.JPG,pylon,0,0.534,3994.51,2961.65,4728.99,6244.7
Copy of IMG00524.JPG,conductor,1,0.3981,1858.47,889.56,3214.08,1558.25
Copy of IMG00524.JPG,conductor,1,0.3869,537.46,1887.79,2209.33,2788.75
Copy of IMG00524.JPG,conductor,1,0.275,569.1,1989.87,3070.08,3057.64
Copy of IMG00524.JPG,conductor,1,0.2005,3957.63,3443.44,4713.78,6259.3
Copy of IMG00524.JPG,conductor,1,0.1889,1523.66,2462.5,3181.46,3240.29
Copy of IMG00524.JPG,conductor,1,0.1789,5271.51,3251.37,5694.56,6336.0
Copy of IMG00524.JPG,conductor,1,0.1707,47.34,182.01,1562.19,775.0
Copy of IMG00524.JPG,conductor,1,0.1687,17.18,154.33,1360.17,673.0
Copy of IMG00524.JPG,pylon,0,0.1488,5231.5,3208.55,5726.98,6195.54
Copy of IMG00524.JPG,conductor,1,0.1336,0.0,1575.49,826.37,2206.51
Copy of IMG00524.JPG,conductor,1,0.1292,227.25,206.27,1971.1,866.69
Copy of IMG00524.JPG,conductor,1,0.1281,1320.1,678.37,3123.04,1379.53
Copy of IMG00524.JPG,conductor,1,0.0988,2.84,107.64,1164.56,588.15
Copy of IMG00524.JPG,conductor,1,0.0946,338.39,249.08,2162.81,1001.15
Copy of IMG00524.JPG,conductor,1,0.0926,3100.7,2266.25,3513.87,2737.59
Copy of IMG00524.JPG,conductor,1,0.086,797.39,436.12,2857.06,1245.24
Copy of IMG00524.JPG,insulator,2,0.0847,4049.48,2028.6,4321.29,2282.44
Copy of IMG00524.JPG,conductor,1,0.0744,582.67,293.07,2693.75,1185.38
Copy of IMG00524.JPG,conductor,1,0.072,1.56,1339.64,544.52,2114.51
Copy of IMG00524.JPG,conductor,1,0.0701,1.32,1295.49,391.01,2086.58
Copy of IMG00524.JPG,conductor,1,0.0667,0.0,777.06,934.92,1386.56
Copy of IMG00524.JPG,conductor,1,0.0663,1570.88,1577.79,2858.4,2129.8
Copy of IMG00524.JPG,conductor,1,0.0627,1079.27,538.13,3105.9,1443.51
Copy of IMG00524.JPG,conductor,1,0.061,2.47,485.73,465.19,1226.78
Copy of IMG00524.JPG,conductor,1,0.0585,836.04,1245.79,2026.23,1832.72
Copy of IMG00524.JPG,conductor,1,0.0519,1.23,70.32,860.95,546.52
Copy of IMG00524.JPG,conductor,1,0.0509,3.11,82.11,640.51,457.14
Copy of IMG00363.JPG,conductor,1,0.1182,2204.48,3208.5,3088.8,4998.89
Copy of IMG00363.JPG,conductor,1,0.0654,1614.32,4802.05,2196.42,6234.59
Copy of IMG00363.JPG,conductor,1,0.0537,2208.91,4599.75,2870.21,6261.34
Copy of IMG00363.JPG,conductor,1,0.0524,447.25,5044.07,1022.73,6209.86
Copy of IMG03431.JPG,insulator,2,0.88,4780.32,3526.51,5145.05,3995.96
Copy of IMG03431.JPG,pylon,0,0.8726,5449.39,4814.58,6136.64,6288.69
Copy of IMG03431.JPG,insulator,2,0.8182,6516.84,2511.65,6839.73,2941.61
Copy of IMG03431.JPG,conductor,1,0.8048,7548.6,3777.89,8778.0,4480.76
Copy of IMG03431.JPG,insulator,2,0.7692,5725.31,2784.88,6014.69,3175.96
Copy of IMG03431.JPG,conductor,1,0.7672,6630.91,4563.31,8972.22,5728.02
Copy of IMG03431.JPG,insulator,2,0.7296,5215.26,4521.91,5657.56,4809.61
Copy of IMG03431.JPG,conductor,1,0.7049,2110.06,2749.56,4478.02,3644.06
Copy of IMG03431.JPG,conductor,1,0.7007,6965.27,2913.37,8409.27,3487.64
Copy of IMG03431.JPG,conductor,1,0.6819,6713.62,4720.25,9124.19,5902.01
Copy of IMG03431.JPG,conductor,1,0.6744,4001.05,2558.24,5110.67,2991.59
Copy of IMG03431.JPG,insulator,2,0.6267,6104.77,4021.16,6454.49,4325.4
Copy of IMG03431.JPG,conductor,1,0.6184,4074.94,2088.04,5529.88,2535.06
Copy of IMG03431.JPG,conductor,1,0.6173,6629.88,3462.27,7777.04,4054.47
Copy of IMG03431.JPG,conductor,1,0.5828,1697.81,1872.34,3028.15,2415.96
Copy of IMG03431.JPG,insulator,2,0.5669,4604.84,5033.78,5060.33,5336.2
Copy of IMG03431.JPG,conductor,1,0.5349,8510.75,4140.61,9504.0,4833.01
Copy of IMG03431.JPG,conductor,1,0.4028,764.57,2335.01,2415.55,3169.79
Copy of IMG03431.JPG,conductor,1,0.3796,7911.37,3264.25,9390.52,3847.82
Copy of IMG03431.JPG,conductor,1,0.3656,3101.41,2295.39,4360.72,2773.4
Copy of IMG03431.JPG,conductor,1,0.2883,3966.31,2073.41,5400.85,2459.03
Copy of IMG03431.JPG,conductor,1,0.2854,3017.38,1865.43,4609.84,2262.7
Copy of IMG03431.JPG,conductor,1,0.2734,678.77,1543.32,1990.26,1956.73
Copy of IMG03431.JPG,conductor,1,0.2596,782.49,1527.3,1766.74,1832.31
Copy of IMG03431.JPG,conductor,1,0.2555,745.02,2265.45,1975.22,3061.32
Copy of IMG03431.JPG,conductor,1,0.2497,8255.08,3486.04,9500.35,4082.57
Copy of IMG03431.JPG,conductor,1,0.2176,7935.04,3280.06,9065.81,3752.75
Copy of IMG03431.JPG,conductor,1,0.2011,8647.21,3562.68,9502.89,4105.26
Copy of IMG03431.JPG,conductor,1,0.1983,8044.12,4073.95,9504.0,4789.15
Copy of IMG03431.JPG,conductor,1,0.1827,8807.32,5631.65,9503.25,6173.66
Copy of IMG03431.JPG,conductor,1,0.1801,3275.97,1887.1,4508.67,2232.12
Copy of IMG03431.JPG,insulator,2,0.177,1.54,5363.05,263.48,6122.67
Copy of IMG03431.JPG,conductor,1,0.1503,8068.97,3408.62,9500.11,3980.44
Copy of IMG03431.JPG,conductor,1,0.1497,1750.97,2708.28,3995.35,3617.69
Copy of IMG03431.JPG,conductor,1,0.1494,6973.52,4889.31,9226.59,5976.11
Copy of IMG03431.JPG,conductor,1,0.1371,8502.82,3497.14,9504.0,4014.93
Copy of IMG03431.JPG,conductor,1,0.1346,8565.75,5557.67,9502.38,6117.07
Copy of IMG03431.JPG,conductor,1,0.1341,3376.13,2345.29,4333.33,2752.2
Copy of IMG03431.JPG,conductor,1,0.1219,3176.38,1891.79,4983.98,2297.06
Copy of IMG03431.JPG,conductor,1,0.1036,1018.8,2431.02,2784.91,3245.96
Copy of IMG03431.JPG,conductor,1,0.1035,2862.32,1785.67,3636.37,2056.6
Copy of IMG03431.JPG,conductor,1,0.1012,1.51,918.8,310.63,1321.11
Copy of IMG03431.JPG,conductor,1,0.1002,3692.48,2009.73,5054.66,2323.71
Copy of IMG03431.JPG,conductor,1,0.096,7062.41,2988.74,8757.53,3650.77
Copy of IMG03431.JPG,conductor,1,0.0951,838.79,1571.75,1885.13,1867.02
Copy of IMG03431.JPG,conductor,1,0.094,3947.02,2035.45,5325.06,2377.46
Copy of IMG03431.JPG,conductor,1,0.0937,7.7,1870.31,665.68,2463.64
Copy of IMG03431.JPG,conductor,1,0.0934,3607.39,2025.87,5399.0,2508.59
Copy of IMG03431.JPG,conductor,1,0.0931,657.1,1509.09,1707.96,1785.38
Copy of IMG03431.JPG,conductor,1,0.0929,3827.04,2519.18,5295.06,3000.46
Copy of IMG03431.JPG,conductor,1,0.0906,2270.19,2901.16,4578.14,3773.19
Copy of IMG03431.JPG,conductor,1,0.09,3479.0,1964.6,4859.69,2280.13
Copy of IMG03431.JPG,insulator,2,0.0892,6003.5,4023.2,6400.16,4321.5
Copy of IMG03431.JPG,conductor,1,0.0887,3107.92,1864.37,4319.42,2142.16
Copy of IMG03431.JPG,insulator,2,0.0878,164.98,1943.41,688.67,2404.82
Copy of IMG03431.JPG,conductor,1,0.0856,7685.89,3206.67,9020.16,3705.88
Copy of IMG03431.JPG,conductor,1,0.0856,9093.99,5810.98,9504.0,6247.78
Copy of IMG03431.JPG,conductor,1,0.0818,8863.67,3666.62,9504.0,4132.7
Copy of IMG03431.JPG,insulator,2,0.0809,0.62,5394.48,185.64,6113.19
Copy of IMG03431.JPG,conductor,1,0.0761,8936.71,5683.49,9504.0,6235.87
Copy of IMG03431.JPG,conductor,1,0.0719,2.75,959.32,396.63,1340.76
Copy of IMG03431.JPG,conductor,1,0.0715,2611.45,1719.37,3446.11,1999.89
Copy of IMG03431.JPG,conductor,1,0.0701,7628.78,3857.73,9111.27,4605.71
Copy of IMG03431.JPG,conductor,1,0.0701,2912.81,1799.3,3854.34,2076.69
Copy of IMG03431.JPG,conductor,1,0.0689,8356.54,5493.08,9504.0,6072.57
Copy of IMG03431.JPG,conductor,1,0.0687,3441.67,3327.31,4720.75,3771.71
Copy of IMG03431.JPG,conductor,1,0.0676,7452.89,3100.94,9043.35,3701.53
Copy of IMG03431.JPG,conductor,1,0.0655,7757.35,3884.07,8915.7,4507.39
Copy of IMG03431.JPG,conductor,1,0.065,2681.43,2074.87,3411.19,2477.81
Copy of IMG03431.JPG,conductor,1,0.065,9240.07,5842.57,9503.77,6263.89
Copy of IMG03431.JPG,conductor,1,0.0643,8057.43,3338.77,9321.58,3783.3
Copy of IMG03431.JPG,conductor,1,0.0643,2955.02,1836.38,4208.4,2114.21
Copy of IMG03431.JPG,conductor,1,0.0641,7448.84,5056.11,9439.49,6090.45
Copy of IMG03431.JPG,conductor,1,0.0641,1.02,2260.35,341.77,2794.76
Copy of IMG03431.JPG,conductor,1,0.0638,6864.97,2898.55,8219.89,3369.89
Copy of IMG03431.JPG,conductor,1,0.0618,3256.62,2354.94,4611.62,2813.2
Copy of IMG03431.JPG,conductor,1,0.0613,0.12,1880.59,330.48,2694.63
Copy of IMG03431.JPG,conductor,1,0.0609,3346.24,1953.86,5306.02,2425.94
Copy of IMG03431.JPG,conductor,1,0.0579,1039.11,1615.85,2084.3,1921.75
Copy of IMG03431.JPG,conductor,1,0.0562,1192.08,1672.23,2164.19,1991.9
Copy of IMG03431.JPG,conductor,1,0.0553,7479.07,3745.82,8669.38,4366.47
Copy of IMG03431.JPG,conductor,1,0.0537,9271.68,5957.88,9504.0,6295.1
Copy of IMG03431.JPG,conductor,1,0.0535,1383.7,1734.74,2250.28,2021.98
Copy of IMG00199.JPG,pylon,0,0.9399,6967.94,5471.13,7415.13,6308.56
Copy of IMG00199.JPG,insulator,2,0.8516,7580.61,4901.15,7875.01,5179.46
Copy of IMG00199.JPG,conductor,1,0.6928,7990.23,5283.71,8881.91,5815.07
Copy of IMG00199.JPG,insulator,2,0.6901,6808.93,4837.17,7097.69,5098.05
Copy of IMG00199.JPG,conductor,1,0.6423,7936.83,5237.94,8818.04,5693.46
Copy of IMG00199.JPG,insulator,2,0.5069,7301.16,4760.17,7571.42,5004.09
Copy of IMG00199.JPG,insulator,2,0.457,4619.64,4360.1,4948.22,4635.05
Copy of IMG00199.JPG,insulator,2,0.4458,6782.47,5162.29,7029.31,5405.57
Copy of IMG00199.JPG,insulator,2,0.3953,7218.6,5051.33,7453.47,5268.4
Copy of IMG00199.JPG,conductor,1,0.3931,5480.84,172.6,6357.13,2940.91
Copy of IMG00199.JPG,insulator,2,0.3847,6512.87,5031.59,6773.49,5261.2
Copy of IMG00199.JPG,conductor,1,0.3713,8683.97,5837.18,9377.41,6286.4
Copy of IMG00199.JPG,conductor,1,0.3092,7957.87,5777.67,8501.58,6282.83
Copy of IMG00199.JPG,conductor,1,0.3002,5111.45,4723.52,6445.69,5130.01
Copy of IMG00199.JPG,conductor,1,0.2605,0.0,3015.64,2515.85,3432.2
Copy of IMG00199.JPG,conductor,1,0.2043,8784.75,5906.14,9402.39,6309.97
Copy of IMG00199.JPG,conductor,1,0.1865,5181.51,4285.53,6686.93,4662.67
Copy of IMG00199.JPG,insulator,2,0.1542,4675.83,4374.81,4958.23,4678.81
Copy of IMG00199.JPG,conductor,1,0.1326,8612.14,5782.02,9216.33,6248.38
Copy of IMG00199.JPG,insulator,2,0.1316,2973.41,2667.18,3229.35,2927.11
Copy of IMG00199.JPG,conductor,1,0.1138,8110.21,5421.54,8905.08,5921.79
Copy of IMG00199.JPG,insulator,2,0.1077,7263.01,4863.22,7510.43,5043.26
Copy of IMG00199.JPG,conductor,1,0.1049,7153.89,1078.87,7685.42,1332.24
Copy of IMG00199.JPG,conductor,1,0.1046,8255.79,5525.21,9058.71,6002.7
Copy of IMG00199.JPG,insulator,2,0.103,6787.01,5046.03,7048.61,5203.35
Copy of IMG00199.JPG,conductor,1,0.1015,6768.89,708.53,7305.27,1045.74
Copy of IMG00199.JPG,conductor,1,0.098,7501.98,5853.92,7929.77,6275.02
Copy of IMG00199.JPG,conductor,1,0.0923,9.61,2917.05,2500.89,3354.2
Copy of IMG00199.JPG,insulator,2,0.0852,6818.38,4882.7,7091.63,5138.87
Copy of IMG00199.JPG,conductor,1,0.0828,8419.31,5652.06,9178.12,6169.95
Copy of IMG00199.JPG,conductor,1,0.0826,7845.54,5221.07,8624.77,5593.9
Copy of IMG00199.JPG,conductor,1,0.0787,5812.88,4350.2,6722.46,4666.7
Copy of IMG00199.JPG,conductor,1,0.0768,6775.19,563.07,7207.48,803.47
Copy of IMG00199.JPG,conductor,1,0.0763,8069.46,5896.17,8562.93,6288.06
Copy of IMG00199.JPG,conductor,1,0.0759,8200.72,5494.39,8968.77,5946.88
Copy of IMG00199.JPG,conductor,1,0.0709,7796.05,5678.16,8418.87,6153.26
Copy of IMG00199.JPG,conductor,1,0.0701,7646.62,5511.02,8187.22,5878.02
Copy of IMG00199.JPG,conductor,1,0.0678,7749.39,5608.79,8372.87,6024.66
Copy of IMG00199.JPG,pylon,0,0.0676,5491.15,34.87,6320.79,2972.72
Copy of IMG00199.JPG,conductor,1,0.0669,6826.48,761.72,7323.03,1083.83
Copy of IMG00199.JPG,conductor,1,0.0619,7143.46,1013.17,7642.07,1303.69
Copy of IMG00199.JPG,conductor,1,0.0609,6779.37,475.8,7144.27,744.53
Copy of IMG00199.JPG,conductor,1,0.0571,5649.65,4289.6,6691.92,4630.62
Copy of IMG00199.JPG,conductor,1,0.0568,7183.97,997.45,7756.3,1318.82
Copy of IMG00199.JPG,conductor,1,0.0554,7163.02,1134.76,7711.92,1375.09
Copy of IMG00199.JPG,conductor,1,0.0543,1416.87,3146.27,2589.96,3463.83
Copy of IMG00199.JPG,conductor,1,0.0512,6743.02,598.02,7191.24,892.62
Copy of IMG03430.JPG,conductor,1,0.8865,2188.76,2864.1,3558.32,3613.74
Copy of IMG03430.JPG,insulator,2,0.851,3685.99,3406.91,4031.74,3807.82
Copy of IMG03430.JPG,pylon,0,0.8433,4522.08,4681.04,5200.46,6289.33
Copy of IMG03430.JPG,conductor,1,0.7897,6695.13,4224.02,8048.09,5051.29
Copy of IMG03430.JPG,insulator,2,0.7396,5280.22,4094.61,5757.52,4343.49
Copy of IMG03430.JPG,insulator,2,0.7329,5589.95,2730.91,5978.22,3153.89
Copy of IMG03430.JPG,insulator,2,0.7327,4712.85,2837.17,4986.16,3226.33
Copy of IMG03430.JPG,conductor,1,0.6272,5953.3,3062.5,6942.42,3716.56
Copy of IMG03430.JPG,insulator,2,0.592,4316.01,4424.65,4731.47,4660.62
Copy of IMG03430.JPG,insulator,2,0.5827,3594.38,4758.64,3986.9,5029.5
Copy of IMG03430.JPG,conductor,1,0.5202,6248.21,5214.25,7909.41,6258.36
Copy of IMG03430.JPG,conductor,1,0.5197,6783.6,3584.95,8414.26,4301.58
Copy of IMG03430.JPG,conductor,1,0.4629,8184.65,4303.65,9502.3,5017.46
Copy of IMG03430.JPG,conductor,1,0.4521,7095.54,3656.03,8605.46,4368.67
Copy of IMG03430.JPG,conductor,1,0.4206,3.32,1943.08,1257.15,2586.14
Copy of IMG03430.JPG,conductor,1,0.4202,3075.47,2524.79,4068.61,2941.49
Copy of IMG03430.JPG,conductor,1,0.4167,8418.22,4432.89,9504.0,5068.28
Copy of IMG03430.JPG,conductor,1,0.4076,2072.95,3761.1,3836.33,4262.99
Copy of IMG03430.JPG,conductor,1,0.3992,8096.69,5030.66,9502.47,5774.49
Copy of IMG03430.JPG,conductor,1,0.3797,5656.92,3603.08,6674.96,4250.35
Copy of IMG03430.JPG,conductor,1,0.3796,5657.94,4665.39,6982.19,5703.67
Copy of IMG03430.JPG,conductor,1,0.3602,6473.37,5401.62,7977.76,6266.19
Copy of IMG03430.JPG,conductor,1,0.3093,7834.81,4844.76,9313.77,5697.5
Copy of IMG03430.JPG,insulator,2,0.2722,5224.25,4100.48,5668.08,4357.43
Copy of IMG03430.JPG,conductor,1,0.2653,1526.7,3736.7,3828.89,4288.48
Copy of IMG03430.JPG,conductor,1,0.2612,5784.68,3743.84,6879.81,4409.22
Copy of IMG03430.JPG,conductor,1,0.2399,1292.86,2376.4,2261.75,2869.21
Copy of IMG03430.JPG,insulator,2,0.2269,4287.92,4386.03,4667.81,4638.44
Copy of IMG03430.JPG,conductor,1,0.2121,5900.44,4976.05,7603.29,6210.37
Copy of IMG03430.JPG,conductor,1,0.2014,5684.03,4723.6,7330.77,6002.31
Copy of IMG03430.JPG,conductor,1,0.201,1999.24,3828.94,3856.55,4513.09
Copy of IMG03430.JPG,conductor,1,0.2008,7663.07,4802.08,8985.96,5551.77
Copy of IMG03430.JPG,conductor,1,0.1935,8733.28,5269.73,9504.0,5784.21
Copy of IMG03430.JPG,conductor,1,0.1757,3146.71,2109.83,4471.42,2528.0
Copy of IMG03430.JPG,conductor,1,0.1591,5971.08,3120.93,7142.79,3840.99
Copy of IMG03430.JPG,conductor,1,0.1568,7275.71,5911.98,7980.65,6287.02
Copy of IMG03430.JPG,conductor,1,0.1554,6813.32,5557.32,8011.15,6278.46
Copy of IMG03430.JPG,conductor,1,0.1545,1875.9,1970.56,3350.21,2463.96
Copy of IMG03430.JPG,conductor,1,0.1448,7998.37,4176.65,9490.86,4884.37
Copy of IMG03430.JPG,conductor,1,0.1251,8417.29,5156.94,9502.31,5769.98
Copy of IMG03430.JPG,conductor,1,0.1251,6345.71,3311.27,7360.96,3906.1
Copy of IMG03430.JPG,conductor,1,0.1202,6454.26,3408.48,7565.75,3945.94
Copy of IMG03430.JPG,conductor,1,0.0994,2332.94,2991.65,3606.94,3576.71
Copy of IMG03430.JPG,conductor,1,0.0975,2916.52,2433.43,4094.66,2930.07
Copy of IMG03430.JPG,conductor,1,0.0945,3045.28,2033.63,4358.39,2497.19
Copy of IMG03430.JPG,conductor,1,0.0877,8697.86,4548.27,9502.96,5086.96
Copy of IMG03430.JPG,conductor,1,0.0819,7088.09,5813.87,8004.65,6287.66
Copy of IMG03430.JPG,insulator,2,0.0812,5143.14,4770.73,5417.06,5074.12
Copy of IMG03430.JPG,conductor,1,0.075,7263.24,3821.57,8679.51,4404.11
Copy of IMG03430.JPG,insulator,2,0.0739,3761.84,3989.45,3941.64,4210.19
Copy of IMG03430.JPG,insulator,2,0.0699,4321.73,4148.84,4653.67,4398.01
Copy of IMG03430.JPG,conductor,1,0.0678,1831.5,3959.2,3897.8,4579.11
Copy of IMG03430.JPG,insulator,2,0.0653,4263.33,4409.42,4713.52,4706.07
Copy of IMG03430.JPG,conductor,1,0.0644,7549.86,4684.11,8849.2,5438.86
Copy of IMG03430.JPG,conductor,1,0.0639,6521.76,3474.65,8070.06,4061.17
Copy of IMG03430.JPG,conductor,1,0.0614,3960.74,2307.57,4743.12,2619.65
Copy of IMG03430.JPG,conductor,1,0.0581,8916.05,5366.43,9504.0,5838.32
Copy of IMG03430.JPG,conductor,1,0.057,3550.93,2220.51,4384.55,2505.63
Copy of IMG03430.JPG,conductor,1,0.0562,2537.65,3093.54,3600.31,3586.23
Copy of IMG03430.JPG,conductor,1,0.0556,5598.32,3526.8,6455.91,4087.36
Copy of IMG03430.JPG,conductor,1,0.0507,3311.05,2566.67,4083.72,2956.93
Copy of IMG03552.JPG,insulator,2,0.5156,4082.29,3042.0,4313.76,3331.38
Copy of IMG03552.JPG,conductor,1,0.3788,7127.19,3283.96,8170.34,3692.66
Copy of IMG03552.JPG,pylon,0,0.3377,4140.25,3124.23,4530.71,5149.34
Copy of IMG03552.JPG,conductor,1,0.3233,7924.42,3528.22,9021.34,3956.49
Copy of IMG03552.JPG,conductor,1,0.253,8706.31,3779.55,9503.65,4314.23
Copy of IMG03552.JPG,insulator,2,0.1749,4043.7,2286.54,4277.49,2507.61
Copy of IMG03552.JPG,pylon,0,0.1721,4090.1,3228.44,4576.98,6013.93
Copy of IMG03552.JPG,conductor,1,0.1642,7115.46,3687.32,7843.05,4099.66
Copy of IMG03552.JPG,conductor,1,0.1576,7610.03,3935.5,8516.3,4564.92
Copy of IMG03552.JPG,conductor,1,0.1234,8075.94,4287.7,8984.47,5059.75
Copy of IMG03552.JPG,insulator,2,0.1206,4081.31,2629.3,4294.41,2879.22
Copy of IMG03552.JPG,conductor,1,0.1169,7227.51,3350.35,8078.54,3678.15
Copy of IMG03552.JPG,conductor,1,0.1129,7204.32,3742.11,7948.83,4121.52
Copy of IMG03552.JPG,conductor,1,0.1108,8756.33,3850.14,9502.41,4236.64
Copy of IMG03552.JPG,conductor,1,0.1024,8966.77,3924.22,9502.63,4261.16
Copy of IMG03552.JPG,insulator,2,0.098,4125.37,3042.52,4365.27,3363.43
Copy of IMG03552.JPG,conductor,1,0.0828,7896.26,3942.3,8515.52,4305.55
Copy of IMG03552.JPG,conductor,1,0.0822,7498.28,4009.13,8491.04,4743.63
Copy of IMG03552.JPG,conductor,1,0.0819,7423.62,3787.96,8035.33,4145.05
Copy of IMG03552.JPG,conductor,1,0.0795,8641.12,3630.24,9502.49,4414.19
Copy of IMG03552.JPG,conductor,1,0.0777,8538.88,3720.23,9504.0,4214.11
Copy of IMG03552.JPG,conductor,1,0.0746,8392.29,3694.99,9240.42,4007.88
Copy of IMG03552.JPG,conductor,1,0.0741,7935.39,3552.06,8778.24,3926.38
Copy of IMG03552.JPG,conductor,1,0.0687,8304.46,3716.78,9023.28,4006.54
Copy of IMG03552.JPG,conductor,1,0.0675,7424.5,3389.24,8132.53,3702.0
Copy of IMG03552.JPG,conductor,1,0.0669,8054.16,3677.17,8897.55,3991.44
Copy of IMG03552.JPG,conductor,1,0.064,9112.75,4254.31,9503.11,4883.76
Copy of IMG03552.JPG,conductor,1,0.0631,8112.82,3630.47,9409.26,4076.75
Copy of IMG03552.JPG,conductor,1,0.0604,9272.03,4244.91,9503.23,4842.68
Copy of IMG03552.JPG,conductor,1,0.0598,7024.47,3656.75,7685.21,4041.61
Copy of IMG03552.JPG,conductor,1,0.0591,7896.9,3562.91,8606.57,3889.46
Copy of IMG03552.JPG,conductor,1,0.0562,7589.07,4053.07,8738.18,4905.09
Copy of IMG03552.JPG,insulator,2,0.0554,4094.06,2317.29,4312.75,2551.74
Copy of IMG03552.JPG,conductor,1,0.0543,8602.75,3787.41,9453.26,4134.7
Copy of IMG03552.JPG,conductor,1,0.0535,7833.04,4190.28,8916.04,5009.74
Copy of IMG00416.JPG,insulator,2,0.9295,2832.03,2307.58,3276.4,2746.15
Copy of IMG00416.JPG,insulator,2,0.8366,3712.36,2796.23,4102.81,3264.96
Copy of IMG00416.JPG,conductor,1,0.8296,577.46,4307.57,2217.8,6221.68
Copy of IMG00416.JPG,insulator,2,0.785,4383.3,3408.85,4706.28,3807.67
Copy of IMG00416.JPG,conductor,1,0.7205,1850.55,5171.89,2665.08,6289.96
Copy of IMG00416.JPG,conductor,1,0.6666,3316.05,4369.21,4128.77,5470.99
Copy of IMG00416.JPG,conductor,1,0.6621,2757.6,5450.24,3446.49,6295.52
Copy of IMG00416.JPG,conductor,1,0.5807,2393.18,4172.46,3368.76,5245.87
Copy of IMG00416.JPG,conductor,1,0.4511,3370.35,3389.52,3812.35,3926.75
Copy of IMG00416.JPG,conductor,1,0.37,669.45,4279.21,2211.06,5606.95
Copy of IMG00416.JPG,conductor,1,0.2229,2234.81,3208.56,2930.55,3743.28
Copy of IMG00416.JPG,conductor,1,0.2185,3893.47,3820.49,4408.47,4495.95
Copy of IMG00416.JPG,conductor,1,0.1851,1794.65,5384.46,2572.45,6298.18
Copy of IMG00416.JPG,conductor,1,0.1673,3245.6,4505.08,4012.75,5507.08
Copy of IMG00416.JPG,conductor,1,0.1503,2339.65,3092.08,2970.9,3691.24
Copy of IMG00416.JPG,conductor,1,0.1333,4486.46,4774.1,5501.05,5579.22
Copy of IMG00416.JPG,conductor,1,0.1222,2715.8,5613.81,3349.77,6306.57
Copy of IMG00416.JPG,conductor,1,0.1156,3778.85,3866.05,4388.18,4669.34
Copy of IMG00416.JPG,conductor,1,0.1088,1635.61,3651.43,2626.31,4213.64
Copy of IMG00416.JPG,conductor,1,0.1057,2849.7,5291.51,3535.56,6254.36
Copy of IMG00416.JPG,conductor,1,0.1046,1798.74,5586.07,2486.07,6302.77
Copy of IMG00416.JPG,conductor,1,0.0913,7646.34,5378.57,8229.58,6010.68
Copy of IMG00416.JPG,conductor,1,0.091,2805.62,3786.1,3570.35,4465.09
Copy of IMG00416.JPG,conductor,1,0.0786,5074.39,386.6,5453.73,814.16
Copy of IMG00416.JPG,conductor,1,0.0677,7669.36,5584.8,8227.01,6056.0
Copy of IMG00416.JPG,conductor,1,0.0669,3188.11,3441.99,3790.5,4080.21
Copy of IMG00416.JPG,conductor,1,0.0651,3672.32,4005.51,4344.9,4839.1
Copy of IMG00416.JPG,conductor,1,0.0635,5307.84,5424.54,5905.23,6162.14
Copy of IMG00416.JPG,conductor,1,0.0632,9241.14,4883.14,9502.76,5468.1
Copy of IMG00416.JPG,conductor,1,0.062,4073.79,1606.74,4829.43,2262.66
Copy of IMG00416.JPG,conductor,1,0.0599,2545.25,3105.94,3128.95,3540.49
Copy of IMG00416.JPG,conductor,1,0.0598,3568.16,4090.11,4268.51,5144.32
Copy of IMG00416.JPG,conductor,1,0.0596,3409.54,3348.75,3833.77,3829.26
Copy of IMG00416.JPG,conductor,1,0.0592,7615.58,5153.89,8236.86,5574.02
Copy of IMG00416.JPG,conductor,1,0.0559,8804.64,5134.04,9338.01,5572.33
Copy of IMG00416.JPG,conductor,1,0.0546,4245.82,4864.2,5467.78,5641.1
Copy of IMG00416.JPG,conductor,1,0.053,2608.66,3881.79,3526.51,4753.86
Copy of IMG00416.JPG,conductor,1,0.0527,8096.68,4836.03,8662.6,5349.47
Copy of IMG00416.JPG,conductor,1,0.0526,9163.37,4883.63,9504.0,5522.52
Copy of IMG00416.JPG,conductor,1,0.05,8229.47,5265.08,8714.76,5724.17
Copy of IMG03384.JPG,conductor,1,0.1339,7981.96,2127.1,9489.88,2713.91
Copy of IMG03384.JPG,conductor,1,0.1161,2285.55,4679.62,7337.44,6174.9
Copy of IMG03384.JPG,insulator,2,0.0516,5119.02,4981.02,5814.84,5387.46
Copy of IMG03465.JPG,pylon,0,0.9755,5279.08,3732.76,5962.81,6313.63
Copy of IMG03465.JPG,insulator,2,0.8432,6362.58,2297.59,6920.86,2995.61
Copy of IMG03465.JPG,insulator,2,0.8149,4157.07,4321.33,4675.97,5010.54
Copy of IMG03465.JPG,conductor,1,0.7833,7716.36,4904.62,9485.04,6028.32
Copy of IMG03465.JPG,insulator,2,0.7814,5327.69,2938.96,5735.54,3503.73
Copy of IMG03465.JPG,conductor,1,0.7706,3185.76,2189.62,4970.8,3156.87
Copy of IMG03465.JPG,conductor,1,0.7706,6543.17,4041.99,8048.79,5154.55
Copy of IMG03465.JPG,conductor,1,0.7598,8159.44,3926.39,9504.0,4800.0
Copy of IMG03465.JPG,conductor,1,0.7048,2179.88,3403.02,3887.29,4614.03
Copy of IMG03465.JPG,conductor,1,0.647,2073.47,1509.7,3509.68,2386.82
Copy of IMG03465.JPG,conductor,1,0.5111,6901.49,3021.55,8078.2,3769.39
Copy of IMG03465.JPG,conductor,1,0.4703,0.43,173.35,849.59,843.3
Copy of IMG03465.JPG,conductor,1,0.4283,2359.02,692.71,3658.22,1386.37
Copy of IMG03465.JPG,conductor,1,0.4166,2187.31,3448.66,3686.42,4407.89
Copy of IMG03465.JPG,conductor,1,0.3956,7600.69,4812.94,9214.38,5619.58
Copy of IMG03465.JPG,conductor,1,0.3755,3814.53,1470.75,5536.19,2221.41
Copy of IMG03465.JPG,conductor,1,0.3295,7809.71,5172.27,9504.0,6074.21
Copy of IMG03465.JPG,conductor,1,0.3137,5.68,1805.44,1054.41,2685.15
Copy of IMG03465.JPG,conductor,1,0.2972,3603.91,1377.42,5393.73,2125.91
Copy of IMG03465.JPG,conductor,1,0.2642,4353.81,1793.23,5882.33,2416.94
Copy of IMG03465.JPG,conductor,1,0.2589,3145.77,2063.9,4632.05,2931.24
Copy of IMG03465.JPG,conductor,1,0.2491,0.51,1766.16,1374.09,2976.79
Copy of IMG03465.JPG,conductor,1,0.2456,178.82,2166.64,1880.92,3169.45
Copy of IMG03465.JPG,conductor,1,0.2274,1069.14,984.54,2538.19,1784.81
Copy of IMG03465.JPG,conductor,1,0.2221,902.66,2600.26,2478.01,3722.19
Copy of IMG03465.JPG,conductor,1,0.2124,6928.03,3096.13,8598.51,3988.41
Copy of IMG03465.JPG,conductor,1,0.2048,439.41,2289.45,2483.41,3660.36
Copy of IMG03465.JPG,conductor,1,0.2008,425.29,2296.5,2257.36,3371.95
Copy of IMG03465.JPG,conductor,1,0.1893,1219.41,2840.0,2626.78,3828.7
Copy of IMG03465.JPG,conductor,1,0.1882,4642.28,1924.74,5903.47,2448.23
Copy of IMG03465.JPG,conductor,1,0.1841,3935.86,1552.07,5697.93,2331.16
Copy of IMG03465.JPG,conductor,1,0.176,4120.83,1688.75,5832.75,2393.83
Copy of IMG03465.JPG,conductor,1,0.1751,8172.58,5239.31,9497.78,5965.48
Copy of IMG03465.JPG,conductor,1,0.1634,908.51,806.26,2407.13,1795.95
Copy of IMG03465.JPG,conductor,1,0.1556,7100.71,3255.56,8741.87,4067.9
Copy of IMG03465.JPG,conductor,1,0.1538,4542.05,5000.26,5349.61,5709.43
Copy of IMG03465.JPG,conductor,1,0.1506,0.56,1690.2,913.34,2596.72
Copy of IMG03465.JPG,conductor,1,0.1276,3342.87,1222.18,4673.59,1837.66
Copy of IMG03465.JPG,conductor,1,0.113,4930.11,2077.14,5926.54,2490.08
Copy of IMG03465.JPG,conductor,1,0.112,1108.0,130.5,2106.55,574.95
Copy of IMG03465.JPG,conductor,1,0.1029,8801.87,5635.21,9503.73,6097.3
Copy of IMG03465.JPG,conductor,1,0.098,14.45,1919.67,1700.12,3042.86
Copy of IMG03465.JPG,conductor,1,0.0977,8652.63,4128.41,9504.0,4819.28
Copy of IMG03465.JPG,conductor,1,0.0964,7449.35,3342.25,8820.94,4075.16
Copy of IMG03465.JPG,conductor,1,0.0962,8380.28,4102.29,9503.68,4966.3
Copy of IMG03465.JPG,conductor,1,0.0917,8592.79,5529.84,9503.53,6099.57
Copy of IMG03465.JPG,conductor,1,0.09,8436.35,5393.21,9503.63,6103.83
Copy of IMG03465.JPG,conductor,1,0.0895,494.23,571.86,1716.9,1362.69
Copy of IMG03465.JPG,conductor,1,0.0892,3389.68,1255.22,5229.46,1943.32
Copy of IMG03465.JPG,conductor,1,0.0871,8077.42,3872.1,9504.0,4544.59
Copy of IMG03465.JPG,conductor,1,0.0841,1.6,220.33,716.0,724.34
Copy of IMG03465.JPG,conductor,1,0.0777,1363.86,247.06,2744.71,876.13
Copy of IMG03465.JPG,conductor,1,0.0762,1204.96,166.34,2316.77,661.42
Copy of IMG03465.JPG,conductor,1,0.0733,1609.44,308.47,2817.37,954.18
Copy of IMG03465.JPG,conductor,1,0.0682,3986.25,1513.47,5609.35,2069.26
Copy of IMG03465.JPG,conductor,1,0.0647,4269.15,1666.85,5754.9,2268.23
Copy of IMG03465.JPG,conductor,1,0.064,6222.24,3773.46,7101.03,4539.94
Copy of IMG03465.JPG,conductor,1,0.0621,2.58,1550.67,766.2,2508.25
Copy of IMG03465.JPG,conductor,1,0.0609,8946.56,5673.79,9502.86,6143.22
Copy of IMG03465.JPG,conductor,1,0.0607,2426.56,724.73,3977.21,1484.2
Copy of IMG03465.JPG,conductor,1,0.0584,3252.78,1144.22,4528.77,1753.0
Copy of IMG03465.JPG,conductor,1,0.058,3885.99,1457.13,5389.19,2013.12
Copy of IMG03465.JPG,conductor,1,0.055,529.48,617.04,2079.13,1498.37
Copy of IMG03465.JPG,conductor,1,0.0539,8278.67,4033.7,9504.0,4706.79
Copy of IMG03465.JPG,conductor,1,0.0509,6388.73,3912.25,7797.83,4893.1
Copy of IMG03387.JPG,pylon,0,0.5139,5091.34,2685.53,5594.45,5833.01
Copy of IMG03387.JPG,conductor,1,0.2021,2729.51,2675.92,4736.21,3219.2
Copy of IMG03387.JPG,conductor,1,0.1746,5370.52,2327.32,8211.18,2737.17
Copy of IMG03387.JPG,conductor,1,0.1598,2944.53,2470.89,4967.52,3018.86
Copy of IMG03387.JPG,conductor,1,0.1491,14.11,3101.01,2122.28,4175.56
Copy of IMG03387.JPG,insulator,2,0.1431,4873.8,2380.04,5100.59,2589.95
Copy of IMG03387.JPG,conductor,1,0.1404,2708.05,2604.45,4805.38,3107.72
Copy of IMG03387.JPG,conductor,1,0.1056,124.59,3213.48,2122.41,3827.6
Copy of IMG03387.JPG,conductor,1,0.0571,0.98,4553.73,342.84,5266.03
Copy of IMG03523.JPG,pylon,0,0.7917,5051.49,4417.45,5684.17,6297.41
Copy of IMG03523.JPG,insulator,2,0.6414,4867.13,4007.48,5149.5,4390.28
Copy of IMG03523.JPG,insulator,2,0.5113,4838.26,3524.57,5131.7,3923.6
Copy of IMG03523.JPG,insulator,2,0.4856,4799.2,3156.47,5131.62,3517.79
Copy of IMG03523.JPG,conductor,1,0.1147,0.63,2569.8,611.59,3107.95
Copy of IMG03523.JPG,conductor,1,0.1093,2.64,1811.57,595.48,2236.41
Copy of IMG03523.JPG,conductor,1,0.0987,1.87,2704.16,583.34,3077.9
Copy of IMG03523.JPG,insulator,2,0.0702,5208.67,3298.59,5473.19,3665.62
Copy of IMG03523.JPG,conductor,1,0.0634,9133.03,4791.62,9504.0,5372.55
Copy of IMG03523.JPG,insulator,2,0.0589,4918.71,3615.87,5209.16,3944.05
Copy of IMG03523.JPG,conductor,1,0.0549,9129.19,4422.54,9504.0,5329.71
Copy of IMG03523.JPG,conductor,1,0.0512,1.68,2514.97,538.8,2905.88
Copy of IMG00433.JPG,insulator,2,0.6727,5111.29,3051.97,5612.25,3407.75
Copy of IMG00433.JPG,conductor,1,0.6155,2915.72,1646.75,4175.23,2290.06
Copy of IMG00433.JPG,conductor,1,0.6018,7732.16,5448.25,8944.02,6249.61
Copy of IMG00433.JPG,insulator,2,0.5922,2832.58,2641.63,3400.08,3069.62
Copy of IMG00433.JPG,conductor,1,0.5892,18.79,3632.25,2850.85,6234.95
Copy of IMG00433.JPG,insulator,2,0.5888,5001.99,2665.74,5437.71,2991.87
Copy of IMG00433.JPG,conductor,1,0.5819,2665.05,4353.96,3699.6,5647.59
Copy of IMG00433.JPG,insulator,2,0.5782,3983.75,2649.46,4408.63,2977.86
Copy of IMG00433.JPG,conductor,1,0.5726,3490.03,4637.13,4341.85,6286.34
Copy of IMG00433.JPG,conductor,1,0.5564,5491.33,4759.13,7234.54,5649.48
Copy of IMG00433.JPG,conductor,1,0.5456,2178.54,5324.77,3118.6,6307.21
Copy of IMG00433.JPG,conductor,1,0.4797,6683.22,5117.45,8034.9,5899.08
Copy of IMG00433.JPG,conductor,1,0.466,5212.08,3841.6,6401.62,4516.17
Copy of IMG00433.JPG,conductor,1,0.4485,5353.68,3948.15,6829.31,4644.97
Copy of IMG00433.JPG,conductor,1,0.437,5763.45,3383.84,7588.12,4099.66
Copy of IMG00433.JPG,insulator,2,0.4232,4592.85,3661.5,4959.7,3991.63
Copy of IMG00433.JPG,conductor,1,0.4066,34.72,238.05,1096.75,873.77
Copy of IMG00433.JPG,conductor,1,0.3959,919.42,1209.29,1720.97,1692.83
Copy of IMG00433.JPG,insulator,2,0.3714,2966.64,3056.84,3449.92,3385.17
Copy of IMG00433.JPG,conductor,1,0.3681,7009.16,3748.46,8770.78,4416.16
Copy of IMG00433.JPG,conductor,1,0.3498,5681.09,3297.36,7376.11,3938.03
Copy of IMG00433.JPG,conductor,1,0.3485,0.79,3160.25,2465.89,5952.07
Copy of IMG00433.JPG,conductor,1,0.3483,10.61,694.94,762.14,1228.14
Copy of IMG00433.JPG,conductor,1,0.3457,8720.22,5819.25,9502.53,6336.0
Copy of IMG00433.JPG,conductor,1,0.3432,1080.31,772.57,2375.62,1420.99
Copy of IMG00433.JPG,conductor,1,0.3261,7917.37,4841.37,9256.27,5466.08
Copy of IMG00433.JPG,conductor,1,0.3168,8777.75,4369.07,9502.81,5013.87
Copy of IMG00433.JPG,insulator,2,0.3125,4596.65,4438.78,5118.19,4853.41
Copy of IMG00433.JPG,conductor,1,0.3068,8734.8,5096.01,9502.73,5768.59
Copy of IMG00433.JPG,conductor,1,0.3059,1283.11,2022.44,2446.56,2681.59
Copy of IMG00433.JPG,conductor,1,0.3034,7148.66,3839.34,8908.33,4581.51
Copy of IMG00433.JPG,conductor,1,0.2957,3241.88,5533.71,3873.7,6326.43
Copy of IMG00433.JPG,conductor,1,0.2813,6011.0,3443.74,7994.76,4194.8
Copy of IMG00433.JPG,conductor,1,0.2721,980.33,728.61,2256.38,1318.07
Copy of IMG00433.JPG,insulator,2,0.2627,4060.67,3309.7,4545.35,3595.32
Copy of IMG00433.JPG,conductor,1,0.2544,7026.08,4485.74,8276.93,5146.2
Copy of IMG00433.JPG,conductor,1,0.2426,7880.65,5536.41,9336.02,6308.94
Copy of IMG00433.JPG,conductor,1,0.2391,6850.59,4413.81,8145.59,5114.3
Copy of IMG00433.JPG,conductor,1,0.2373,5534.36,4035.54,7051.54,4709.39
Copy of IMG00433.JPG,conductor,1,0.2351,770.94,5187.04,1909.9,6295.96
Copy of IMG00433.JPG,conductor,1,0.2347,6310.74,4249.3,7803.59,4977.59
Copy of IMG00433.JPG,conductor,1,0.2298,977.28,1276.49,1834.17,1735.85
Copy of IMG00433.JPG,conductor,1,0.2243,7593.43,4708.35,9044.77,5404.4
Copy of IMG00433.JPG,conductor,1,0.2174,3320.16,4934.63,4317.58,6307.97
Copy of IMG00433.JPG,conductor,1,0.2156,1080.73,1916.86,2280.19,2624.12
Copy of IMG00433.JPG,conductor,1,0.2103,8047.73,4897.99,9393.23,5550.17
Copy of IMG00433.JPG,insulator,2,0.2061,4233.65,4025.88,4637.26,4406.09
Copy of IMG00433.JPG,insulator,2,0.1951,3726.38,2869.29,4021.34,3138.46
Copy of IMG00433.JPG,conductor,1,0.1927,2887.86,4230.73,3772.37,5667.24
Copy of IMG00433.JPG,conductor,1,0.1922,2154.75,1325.51,3402.25,1883.75
Copy of IMG00433.JPG,conductor,1,0.1831,7717.55,3955.75,9222.29,4670.18
Copy of IMG00433.JPG,conductor,1,0.1796,788.55,5393.14,1719.24,6304.74
Copy of IMG00433.JPG,conductor,1,0.1788,1371.43,2099.98,2585.44,2742.0
Copy of IMG00433.JPG,conductor,1,0.1784,5250.44,4606.9,7109.03,5576.86
Copy of IMG00433.JPG,pylon,0,0.1782,4013.92,3901.72,4622.39,4471.67
Copy of IMG00433.JPG,conductor,1,0.1767,1.29,2898.02,1992.19,4739.12
Copy of IMG00433.JPG,conductor,1,0.1762,741.71,1166.79,1654.59,1626.97
Copy of IMG00433.JPG,conductor,1,0.1744,6711.52,3667.74,8698.92,4378.22
Copy of IMG00433.JPG,conductor,1,0.1734,2358.5,1917.48,3187.6,2378.42
Copy of IMG00433.JPG,conductor,1,0.1718,8421.83,4242.81,9504.0,4956.81
Copy of IMG00433.JPG,conductor,1,0.1686,487.92,1594.57,1552.63,2235.03
Copy of IMG00433.JPG,conductor,1,0.1587,6210.31,3493.18,8328.21,4230.17
Copy of IMG00433.JPG,conductor,1,0.1526,743.16,4082.01,2476.66,6266.02
Copy of IMG00433.JPG,conductor,1,0.1524,13.25,1235.39,893.55,1860.86
Copy of IMG00433.JPG,conductor,1,0.1513,7131.82,4566.45,8512.63,5228.14
Copy of IMG00433.JPG,conductor,1,0.1473,8305.89,4993.68,9504.0,5708.04
Copy of IMG00433.JPG,conductor,1,0.1467,6388.6,3599.45,8528.91,4343.15
Copy of IMG00433.JPG,conductor,1,0.1418,1747.87,3495.46,2969.71,4982.23
Copy of IMG00433.JPG,conductor,1,0.1365,5.53,195.52,897.03,815.02
Copy of IMG00433.JPG,conductor,1,0.1338,1933.74,3496.1,2959.04,4712.75
Copy of IMG00433.JPG,conductor,1,0.1322,1998.36,1771.92,2879.73,2213.52
Copy of IMG00433.JPG,conductor,1,0.1321,5785.46,4865.7,7508.09,5768.38
Copy of IMG00433.JPG,conductor,1,0.1316,5671.07,3277.31,6952.11,3860.62
Copy of IMG00433.JPG,conductor,1,0.1272,6002.66,4196.45,7650.86,4925.03
Copy of IMG00433.JPG,conductor,1,0.1219,652.51,1094.74,1588.73,1586.97
Copy of IMG00433.JPG,conductor,1,0.1206,2974.41,3488.55,3314.9,4129.9
Copy of IMG00433.JPG,conductor,1,0.1205,504.44,987.17,1268.07,1453.46
Copy of IMG00433.JPG,conductor,1,0.1154,2769.8,1638.41,4061.5,2194.77
Copy of IMG00433.JPG,conductor,1,0.1145,1796.79,1672.17,2772.91,2177.2
Copy of IMG00433.JPG,conductor,1,0.1105,8971.81,5206.26,9504.0,5832.16
Copy of IMG00433.JPG,conductor,1,0.1101,2220.05,1865.98,3131.12,2338.92
Copy of IMG00433.JPG,conductor,1,0.1066,3285.02,5269.08,4206.26,6317.12
Copy of IMG00433.JPG,conductor,1,0.1063,8569.05,5759.59,9504.0,6336.0
Copy of IMG00433.JPG,conductor,1,0.106,2518.79,1987.33,3256.24,2406.72
Copy of IMG00433.JPG,insulator,2,0.1057,4545.38,3018.85,4965.63,3289.82
Copy of IMG00433.JPG,conductor,1,0.1028,2199.12,5626.58,2811.52,6317.22
Copy of IMG00433.JPG,conductor,1,0.0979,0.0,1013.84,605.97,1783.4
Copy of IMG00433.JPG,conductor,1,0.0956,1923.4,1274.36,3218.63,1826.65
Copy of IMG00433.JPG,conductor,1,0.094,1041.09,1293.54,1939.92,1809.12
Copy of IMG00433.JPG,conductor,1,0.0937,9011.31,4502.09,9504.0,5102.31
Copy of IMG00433.JPG,conductor,1,0.0937,5736.42,4121.82,7427.22,4839.04
Copy of IMG00433.JPG,conductor,1,0.0918,2511.74,1500.51,4067.74,2144.39
Copy of IMG00433.JPG,conductor,1,0.091,8032.14,4150.03,9476.78,4804.24
Copy of IMG00433.JPG,conductor,1,0.0888,2213.35,4876.64,3432.56,6310.44
Copy of IMG00433.JPG,conductor,1,0.0873,3290.24,5350.9,3977.4,6336.0
Copy of IMG00433.JPG,conductor,1,0.0848,3065.09,3843.67,3789.26,5446.87
Copy of IMG00433.JPG,conductor,1,0.0832,5144.53,3826.96,6227.28,4382.03
Copy of IMG00433.JPG,conductor,1,0.0825,7300.68,4621.19,8884.69,5332.02
Copy of IMG00433.JPG,conductor,1,0.0819,570.0,1036.28,1445.77,1533.92
Copy of IMG00433.JPG,conductor,1,0.0808,1.36,35.1,379.79,675.71
Copy of IMG00433.JPG,conductor,1,0.0801,2148.1,5520.26,2904.53,6312.98
Copy of IMG00433.JPG,insulator,2,0.078,4140.02,3226.77,4582.89,3510.24
Copy of IMG00433.JPG,conductor,1,0.0748,259.65,933.51,1162.48,1387.78
Copy of IMG00433.JPG,conductor,1,0.074,1.13,37.21,550.49,720.83
Copy of IMG00433.JPG,conductor,1,0.0729,1358.23,887.59,2576.61,1538.4
Copy of IMG00433.JPG,conductor,1,0.0714,5222.2,4575.77,6355.23,5477.72
Copy of IMG00433.JPG,conductor,1,0.0709,1.71,934.28,395.48,1697.81
Copy of IMG00433.JPG,conductor,1,0.0693,2211.94,1359.39,3932.44,2097.53
Copy of IMG00433.JPG,conductor,1,0.0668,739.39,645.38,1994.08,1214.99
Copy of IMG00433.JPG,conductor,1,0.066,5086.82,3789.49,5836.96,4223.15
Copy of IMG00433.JPG,conductor,1,0.0659,526.66,562.11,1744.52,1108.23
Copy of IMG00433.JPG,conductor,1,0.0642,1403.78,1440.2,2228.57,1932.04
Copy of IMG00433.JPG,insulator,2,0.0638,4084.28,3971.97,4598.74,4424.94
Copy of IMG00433.JPG,conductor,1,0.062,36.48,1312.88,1000.35,1954.67
Copy of IMG00433.JPG,conductor,1,0.0615,1705.87,2191.09,2682.11,2753.6
Copy of IMG00433.JPG,conductor,1,0.0599,1.6,0.0,290.78,639.6
Copy of IMG00433.JPG,conductor,1,0.0585,94.57,344.26,1194.91,948.48
Copy of IMG00433.JPG,conductor,1,0.0573,30.9,772.46,916.91,1274.6
Copy of IMG00433.JPG,conductor,1,0.0567,1182.4,1397.27,2080.98,1854.16
Copy of IMG00433.JPG,insulator,2,0.0542,3888.39,2672.87,4345.69,3025.85
Copy of IMG00433.JPG,conductor,1,0.053,2268.79,4488.07,3561.55,6099.47
Copy of IMG00433.JPG,conductor,1,0.0529,88.31,1362.85,1096.38,2110.85
Copy of IMG00433.JPG,conductor,1,0.0527,8193.33,5663.72,9373.99,6322.44
Copy of IMG00433.JPG,conductor,1,0.0514,982.39,4318.25,2551.16,5926.19
Copy of IMG00433.JPG,conductor,1,0.0511,8986.85,5803.71,9502.89,6336.0
Copy of IMG00433.JPG,conductor,1,0.0504,1.11,80.27,720.95,770.79
Copy of IMG00135.JPG,insulator,2,0.803,4733.07,1467.37,5050.08,1813.14
Copy of IMG00135.JPG,pylon,0,0.8006,4103.76,1208.01,4783.54,6261.05
Copy of IMG00135.JPG,insulator,2,0.7589,3970.11,703.8,4279.38,1144.76
Copy of IMG00135.JPG,insulator,2,0.5834,4348.63,571.4,4667.77,913.13
Copy of IMG00135.JPG,conductor,1,0.3642,1533.09,2060.64,2617.15,2709.57
Copy of IMG00135.JPG,conductor,1,0.3635,3403.81,1240.51,3924.02,1607.93
Copy of IMG00135.JPG,conductor,1,0.3259,5193.25,2491.55,6381.98,3366.25
Copy of IMG00135.JPG,conductor,1,0.2493,415.49,1730.11,1794.97,2195.72
Copy of IMG00135.JPG,pylon,0,0.2303,4128.18,2590.38,4712.74,6260.09
Copy of IMG00135.JPG,conductor,1,0.2266,3046.74,1445.28,3633.98,1868.6
Copy of IMG00135.JPG,conductor,1,0.2224,1507.13,4691.83,2732.59,5254.69
Copy of IMG00135.JPG,conductor,1,0.2222,3488.51,1201.24,3955.68,1549.76
Copy of IMG00135.JPG,conductor,1,0.1858,4965.97,1954.53,6051.93,2627.81
Copy of IMG00135.JPG,conductor,1,0.1744,3288.81,1264.04,3890.24,1671.05
Copy of IMG00135.JPG,conductor,1,0.1682,2.29,2599.44,374.32,3071.81
Copy of IMG00135.JPG,conductor,1,0.1648,0.29,2174.01,679.19,2607.73
Copy of IMG00135.JPG,conductor,1,0.1592,5858.9,1772.85,6785.85,2091.54
Copy of IMG00135.JPG,conductor,1,0.1527,6050.17,1751.32,6799.97,2011.45
Copy of IMG00135.JPG,conductor,1,0.1438,2898.51,1473.93,3586.34,1943.64
Copy of IMG00135.JPG,conductor,1,0.1437,2608.97,1144.71,3266.3,1477.2
Copy of IMG00135.JPG,conductor,1,0.1416,6094.28,1694.79,6968.85,1959.05
Copy of IMG00135.JPG,conductor,1,0.1331,2715.39,1559.37,3504.81,2110.42
Copy of IMG00135.JPG,conductor,1,0.1251,7589.91,1358.13,8424.7,1594.5
Copy of IMG00135.JPG,conductor,1,0.1225,78.28,2017.31,906.46,2343.25
Copy of IMG00135.JPG,conductor,1,0.1216,6358.17,1692.23,7230.01,1922.14
Copy of IMG00135.JPG,conductor,1,0.1167,1657.3,1315.75,2510.14,1776.92
Copy of IMG00135.JPG,conductor,1,0.1158,301.68,1772.48,1596.5,2261.36
Copy of IMG00135.JPG,conductor,1,0.1152,6936.55,1568.08,7613.96,1795.49
Copy of IMG00135.JPG,conductor,1,0.1144,3081.11,1369.45,3709.14,1822.16
Copy of IMG00135.JPG,conductor,1,0.1134,2572.62,4133.54,3795.86,4819.49
Copy of IMG00135.JPG,conductor,1,0.1108,1.83,2235.14,485.82,2555.91
Copy of IMG00135.JPG,conductor,1,0.1071,450.15,2615.71,1617.86,3212.78
Copy of IMG00135.JPG,conductor,1,0.1068,2531.96,1236.1,3081.32,1542.9
Copy of IMG00135.JPG,conductor,1,0.1067,346.1,2710.95,1453.04,3289.74
Copy of IMG00135.JPG,insulator,2,0.1037,5125.88,418.78,5415.56,667.29
Copy of IMG00135.JPG,conductor,1,0.0987,3178.1,1313.25,3799.18,1773.82
Copy of IMG00135.JPG,conductor,1,0.0958,0.0,2232.68,519.35,2834.73
Copy of IMG00135.JPG,conductor,1,0.0912,12.94,2048.93,831.68,2425.35
Copy of IMG00135.JPG,conductor,1,0.088,444.69,1794.63,1477.98,2124.9
Copy of IMG00135.JPG,conductor,1,0.0879,0.73,2582.67,265.05,3057.03
Copy of IMG00135.JPG,conductor,1,0.0877,5942.9,1736.32,6934.37,2030.35
Copy of IMG00135.JPG,conductor,1,0.0865,1698.2,4678.56,2742.05,5141.09
Copy of IMG00135.JPG,conductor,1,0.0847,1713.23,1961.92,2758.1,2675.71
Copy of IMG00135.JPG,conductor,1,0.0844,160.11,1975.35,1008.9,2314.65
Copy of IMG00135.JPG,conductor,1,0.0843,3075.3,1017.03,3589.26,1303.77
Copy of IMG00135.JPG,conductor,1,0.0835,1686.88,1461.17,2401.99,1805.95
Copy of IMG00135.JPG,pylon,0,0.0813,4204.77,1186.63,4688.71,4449.34
Copy of IMG00135.JPG,conductor,1,0.0809,1763.2,1413.78,2487.5,1779.84
Copy of IMG00135.JPG,conductor,1,0.0794,2565.84,1186.06,3199.68,1533.66
Copy of IMG00135.JPG,conductor,1,0.0792,2647.47,1117.69,3324.83,1387.77
Copy of IMG00135.JPG,conductor,1,0.0782,465.98,1599.81,1982.39,2084.97
Copy of IMG00135.JPG,conductor,1,0.0781,6651.2,1701.77,7359.02,1908.93
Copy of IMG00135.JPG,conductor,1,0.0772,2506.56,1092.25,3285.56,1377.98
Copy of IMG00135.JPG,conductor,1,0.0762,2488.42,1264.67,2989.09,1549.62
Copy of IMG00135.JPG,conductor,1,0.0755,2642.83,1655.15,3326.68,2119.38
Copy of IMG00135.JPG,insulator,2,0.0755,4309.01,608.93,4611.57,922.32
Copy of IMG00135.JPG,conductor,1,0.0747,406.85,1821.82,1373.49,2179.92
Copy of IMG00135.JPG,conductor,1,0.0745,5.12,2565.52,524.59,2958.27
Copy of IMG00135.JPG,conductor,1,0.0733,0.35,2130.35,726.06,2487.63
Copy of IMG00135.JPG,conductor,1,0.0725,7453.97,1347.12,8330.42,1564.85
Copy of IMG00135.JPG,conductor,1,0.0718,6623.06,1595.69,7566.74,1851.24
Copy of IMG00135.JPG,conductor,1,0.0717,7019.39,1482.4,7711.61,1723.28
Copy of IMG00135.JPG,conductor,1,0.0699,2354.85,980.45,3326.51,1362.75
Copy of IMG00135.JPG,conductor,1,0.0695,1788.19,1343.01,2516.96,1713.89
Copy of IMG00135.JPG,conductor,1,0.0664,1553.54,4744.29,2634.09,5186.79
Copy of IMG00135.JPG,conductor,1,0.0649,7342.95,1300.77,8089.39,1546.51
Copy of IMG00135.JPG,conductor,1,0.0647,6497.08,1779.06,7152.61,1978.94
Copy of IMG00135.JPG,conductor,1,0.0641,2144.23,1925.74,2808.14,2401.27
Copy of IMG00135.JPG,conductor,1,0.0636,437.03,2685.46,1407.63,3162.73
Copy of IMG00135.JPG,conductor,1,0.063,1376.85,2156.86,2461.1,2795.3
Copy of IMG00135.JPG,conductor,1,0.0624,0.0,3183.39,748.69,4086.58
Copy of IMG00135.JPG,conductor,1,0.0623,1361.71,2264.94,2224.81,2740.5
Copy of IMG00135.JPG,conductor,1,0.0599,374.99,2624.62,1783.87,3473.37
Copy of IMG00135.JPG,conductor,1,0.0588,160.45,2416.41,856.26,2762.45
Copy of IMG00135.JPG,conductor,1,0.0584,574.85,1698.11,1571.69,1985.27
Copy of IMG00135.JPG,conductor,1,0.0584,2850.01,1087.01,3509.04,1359.06
Copy of IMG00135.JPG,conductor,1,0.058,1253.21,1577.77,2121.88,1885.69
Copy of IMG00135.JPG,conductor,1,0.0575,189.55,1907.17,1370.33,2327.22
Copy of IMG00135.JPG,conductor,1,0.057,7080.83,1435.69,7783.42,1667.46
Copy of IMG00135.JPG,conductor,1,0.0566,1802.51,1276.01,2526.9,1608.85
Copy of IMG00135.JPG,conductor,1,0.0551,1468.34,1581.29,2174.47,1887.05
Copy of IMG00135.JPG,conductor,1,0.055,3140.42,976.02,3633.89,1239.9
Copy of IMG00135.JPG,conductor,1,0.0548,1593.68,1522.41,2312.01,1846.97
Copy of IMG00135.JPG,conductor,1,0.0523,2406.99,902.56,3273.12,1236.96
Copy of IMG00135.JPG,conductor,1,0.052,279.74,2388.85,887.2,2704.2
Copy of IMG00135.JPG,conductor,1,0.0519,7179.07,1408.19,7878.69,1627.87
Copy of IMG00135.JPG,conductor,1,0.0518,3636.8,1167.86,4027.75,1452.14
Copy of IMG00135.JPG,conductor,1,0.0515,1639.7,2023.99,2601.6,2585.13
Copy of IMG00135.JPG,conductor,1,0.0515,1.03,2276.02,305.83,2608.81
Copy of IMG00135.JPG,conductor,1,0.0513,217.73,1941.53,1101.12,2272.93
Copy of IMG00188.JPG,pylon,0,0.5349,5992.66,5362.07,6348.94,6295.58
Copy of IMG00188.JPG,pylon,0,0.3331,4496.6,840.74,4933.3,3224.7
Copy of IMG00188.JPG,conductor,1,0.2982,3.59,179.49,3066.68,1421.4
Copy of IMG00188.JPG,conductor,1,0.2814,3865.19,1339.69,4261.53,3193.8
Copy of IMG00188.JPG,pylon,0,0.2681,3862.22,1338.32,4266.94,3168.24
Copy of IMG00188.JPG,insulator,2,0.1555,1369.16,1307.4,1724.77,1703.12
Copy of IMG00188.JPG,conductor,1,0.1344,5980.3,5362.04,6314.21,6293.1
Copy of IMG00188.JPG,conductor,1,0.111,1.21,921.13,609.29,1468.29
Copy of IMG00188.JPG,conductor,1,0.0689,5907.33,2105.8,9504.0,2492.04
Copy of IMG00188.JPG,conductor,1,0.0651,0.0,0.0,1013.25,492.95
Copy of IMG00188.JPG,pylon,0,0.0584,4008.93,1181.82,4173.66,3255.36
Copy of IMG00198.JPG,pylon,0,0.8043,6536.94,5265.42,7001.75,6293.69
Copy of IMG00198.JPG,conductor,1,0.6976,4869.78,4529.69,6084.28,4964.09
Copy of IMG00198.JPG,insulator,2,0.6361,7150.66,4621.13,7462.1,4926.87
Copy of IMG00198.JPG,insulator,2,0.6163,6796.56,4790.29,7044.88,5040.63
Copy of IMG00198.JPG,insulator,2,0.4899,6872.63,4540.73,7148.73,4767.89
Copy of IMG00198.JPG,insulator,2,0.4397,6361.24,4901.3,6627.44,5168.12
Copy of IMG00198.JPG,insulator,2,0.4201,6396.63,4596.49,6700.12,4859.68
Copy of IMG00198.JPG,conductor,1,0.3758,7988.47,5958.07,8482.57,6287.04
Copy of IMG00198.JPG,conductor,1,0.3472,7136.08,5635.47,7687.72,6175.12
Copy of IMG00198.JPG,conductor,1,0.314,444.56,2880.7,2707.21,3262.11
Copy of IMG00198.JPG,conductor,1,0.2866,6965.1,938.81,7518.95,1257.35
Copy of IMG00198.JPG,insulator,2,0.2447,4385.71,4237.39,4643.92,4479.51
Copy of IMG00198.JPG,conductor,1,0.2335,8290.58,5634.7,8995.4,6126.68
Copy of IMG00198.JPG,conductor,1,0.2297,8315.5,5709.26,9044.85,6242.41
Copy of IMG00198.JPG,conductor,1,0.2202,8015.23,6019.31,8537.07,6326.26
Copy of IMG00198.JPG,conductor,1,0.1826,7221.55,5672.68,7783.61,6225.41
Copy of IMG00198.JPG,insulator,2,0.177,6374.48,4857.92,6643.59,5140.81
Copy of IMG00198.JPG,conductor,1,0.1768,5363.83,189.81,6180.21,2902.03
Copy of IMG00198.JPG,conductor,1,0.1767,8186.15,5562.98,8906.93,6062.19
Copy of IMG00198.JPG,insulator,2,0.1729,6136.97,4772.37,6381.44,5029.61
Copy of IMG00198.JPG,conductor,1,0.171,7530.79,5049.94,8345.74,5506.84
Copy of IMG00198.JPG,conductor,1,0.1691,7979.73,5411.76,8731.73,5847.38
Copy of IMG00198.JPG,conductor,1,0.169,2.36,2380.05,565.23,2776.04
Copy of IMG00198.JPG,conductor,1,0.1662,8036.07,5448.51,8793.59,5906.03
Copy of IMG00198.JPG,conductor,1,0.1657,7463.8,5924.16,7915.63,6293.73
Copy of IMG00198.JPG,conductor,1,0.1652,6707.68,497.5,7043.49,761.53
Copy of IMG00198.JPG,conductor,1,0.1594,8461.06,5819.42,9097.63,6281.95
Copy of IMG00198.JPG,insulator,2,0.1552,6838.72,4605.79,7103.37,4830.51
Copy of IMG00198.JPG,conductor,1,0.1515,7614.83,5100.03,8441.58,5566.01
Copy of IMG00198.JPG,conductor,1,0.1374,8111.01,5511.27,8854.67,6002.2
Copy of IMG00198.JPG,conductor,1,0.1368,6689.53,560.29,7052.68,828.17
Copy of IMG00198.JPG,conductor,1,0.1366,7619.29,5595.35,8183.61,5993.32
Copy of IMG00198.JPG,conductor,1,0.134,6969.17,1052.89,7573.69,1275.97
Copy of IMG00198.JPG,pylon,0,0.1123,5368.96,79.77,6162.66,2869.79
Copy of IMG00198.JPG,conductor,1,0.1118,7820.1,5296.9,8618.4,5755.52
Copy of IMG00198.JPG,conductor,1,0.1108,7895.72,5358.67,8669.23,5799.31
Copy of IMG00198.JPG,conductor,1,0.106,7637.41,5177.84,8513.44,5656.88
Copy of IMG00198.JPG,conductor,1,0.0994,7388.75,5863.97,7869.37,6281.61
Copy of IMG00198.JPG,conductor,1,0.0967,7291.13,5298.83,7804.83,5675.05
Copy of IMG00198.JPG,conductor,1,0.0958,7733.27,5716.33,8244.38,6073.99
Copy of IMG00198.JPG,conductor,1,0.0883,9157.64,1598.91,9503.01,1803.35
Copy of IMG00198.JPG,conductor,1,0.0854,6704.23,415.29,7053.63,668.22
Copy of IMG00198.JPG,conductor,1,0.0821,0.87,2344.65,410.53,2774.4
Copy of IMG00198.JPG,conductor,1,0.0816,7537.9,5544.41,8122.75,5909.41
Copy of IMG00198.JPG,pylon,0,0.0813,2798.05,2782.61,3074.01,3916.75
Copy of IMG00198.JPG,conductor,1,0.0786,7482.07,5013.16,8275.25,5433.96
Copy of IMG00198.JPG,conductor,1,0.0751,4872.42,4468.75,6188.37,4875.77
Copy of IMG00198.JPG,conductor,1,0.0731,8561.07,5883.72,9124.78,6298.25
Copy of IMG00198.JPG,conductor,1,0.0731,6128.67,648.33,6452.51,903.6
Copy of IMG00198.JPG,conductor,1,0.0724,6378.97,874.45,6748.03,1082.88
Copy of IMG00198.JPG,conductor,1,0.068,396.91,2606.24,1226.61,2947.27
Copy of IMG00198.JPG,conductor,1,0.0674,585.23,2943.73,2733.33,3364.44
Copy of IMG00198.JPG,conductor,1,0.0673,6615.39,486.87,7001.25,736.82
Copy of IMG00198.JPG,conductor,1,0.0647,6549.83,42.32,6887.07,384.7
Copy of IMG00198.JPG,conductor,1,0.0624,6128.46,715.33,6508.94,984.68
Copy of IMG00198.JPG,conductor,1,0.0621,9210.02,1522.08,9504.0,1760.53
Copy of IMG00198.JPG,conductor,1,0.062,6151.86,977.28,6929.63,1249.5
Copy of IMG00198.JPG,insulator,2,0.0617,6804.16,4717.65,7062.41,4998.54
Copy of IMG00198.JPG,conductor,1,0.0611,9092.87,1530.0,9500.13,1724.34
Copy of IMG00198.JPG,conductor,1,0.0606,6756.43,339.15,7125.73,539.64
Copy of IMG00198.JPG,insulator,2,0.0603,2800.43,2555.52,3022.49,2806.14
Copy of IMG00198.JPG,conductor,1,0.0602,6817.56,276.59,7166.72,498.86
Copy of IMG00198.JPG,conductor,1,0.0594,6680.87,261.95,7084.62,523.99
Copy of IMG00198.JPG,conductor,1,0.0575,7863.13,5818.03,8365.86,6251.17
Copy of IMG00198.JPG,conductor,1,0.0572,6940.24,896.48,7439.15,1192.02
Copy of IMG00198.JPG,conductor,1,0.057,298.21,2591.93,1103.38,2923.05
Copy of IMG00198.JPG,conductor,1,0.0563,6593.98,395.52,6945.56,630.36
Copy of IMG00198.JPG,conductor,1,0.056,7186.1,5422.88,7746.49,6123.79
Copy of IMG00198.JPG,conductor,1,0.0558,6212.48,818.44,6668.4,1029.35
Copy of IMG00198.JPG,conductor,1,0.055,6756.72,518.85,7084.39,764.13
Copy of IMG00198.JPG,conductor,1,0.0549,1.45,2756.78,432.16,3071.15
Copy of IMG00198.JPG,conductor,1,0.0517,7405.02,5445.2,7971.62,5771.02
Copy of IMG00198.JPG,conductor,1,0.0517,6287.52,847.54,6710.48,1067.37
Copy of IMG00198.JPG,conductor,1,0.0514,4855.72,4305.18,6142.67,4573.56
Copy of IMG00198.JPG,insulator,2,0.0511,6829.91,4797.2,7059.64,4990.44
Copy of IMG00198.JPG,insulator,2,0.0509,6397.39,4626.47,6679.25,4922.19
Copy of IMG00198.JPG,conductor,1,0.0508,7246.64,5256.44,7683.68,5606.42
Copy of IMG00198.JPG,conductor,1,0.0506,9203.73,1611.06,9504.0,1847.85
Copy of IMG00488.JPG,conductor,1,0.5969,31.77,3383.65,3922.13,4224.36
Copy of IMG00488.JPG,conductor,1,0.5678,5142.88,4089.18,9495.53,4973.09
Copy of IMG00488.JPG,conductor,1,0.4865,3413.06,3645.03,4266.84,5924.08
Copy of IMG00488.JPG,conductor,1,0.3819,3382.85,4372.65,4142.19,6267.13
Copy of IMG00488.JPG,conductor,1,0.3417,3373.2,4826.15,4020.58,6272.52
Copy of IMG00488.JPG,conductor,1,0.2938,3368.12,5233.32,3954.85,6269.43
Copy of IMG00488.JPG,pylon,0,0.1644,4357.94,3024.57,4887.08,5186.41
Copy of IMG00488.JPG,conductor,1,0.1609,5247.48,3143.24,9504.0,3696.41
Copy of IMG00488.JPG,pylon,0,0.1596,4287.01,3031.92,4976.17,5434.06
Copy of IMG00488.JPG,conductor,1,0.149,4733.43,1887.93,9504.0,2669.33
Copy of IMG00488.JPG,conductor,1,0.1305,4773.24,774.84,5487.64,2015.35
Copy of IMG00488.JPG,conductor,1,0.1155,3380.88,5436.35,3857.68,6281.84
Copy of IMG00488.JPG,conductor,1,0.1103,5123.61,1778.99,8549.67,2608.58
Copy of IMG00488.JPG,conductor,1,0.1048,3984.17,5300.3,4351.77,6271.12
Copy of IMG00488.JPG,conductor,1,0.0889,0.0,3150.33,3537.55,4084.42
Copy of IMG00488.JPG,conductor,1,0.0827,5114.06,1988.56,9026.97,2704.46
Copy of IMG00488.JPG,conductor,1,0.0744,27.05,2436.81,3977.09,3119.23
Copy of IMG00488.JPG,conductor,1,0.0616,5113.22,2849.18,9057.98,3766.69
Copy of IMG00221.JPG,conductor,1,0.6469,4856.54,1982.83,5339.1,3853.55
Copy of IMG00221.JPG,insulator,2,0.3599,5124.9,1698.76,5405.5,1965.86
Copy of IMG00221.JPG,conductor,1,0.257,55.14,2233.08,4432.81,3593.73
Copy of IMG00221.JPG,conductor,1,0.2021,4941.39,91.36,5720.01,1088.86
Copy of IMG00221.JPG,conductor,1,0.1965,3227.48,5602.95,3827.62,6296.08
Copy of IMG00221.JPG,insulator,2,0.1423,5334.77,1476.79,5568.33,1721.45
Copy of IMG00221.JPG,insulator,2,0.1201,4439.47,1511.86,4747.0,1981.22
Copy of IMG00221.JPG,pylon,0,0.1166,4886.8,1999.95,5322.6,3852.02
Copy of IMG00221.JPG,conductor,1,0.0583,0.0,2809.43,4345.25,3627.6
Copy of IMG00200.JPG,insulator,2,0.7727,5024.19,2432.4,5346.77,2730.78
Copy of IMG00200.JPG,insulator,2,0.7671,4566.12,2656.48,4895.52,2927.02
Copy of IMG00200.JPG,insulator,2,0.74,5459.96,2516.1,5807.28,2851.69
Copy of IMG00200.JPG,pylon,0,0.729,4892.52,3454.44,5457.64,6293.21
Copy of IMG00200.JPG,insulator,2,0.7042,4392.38,2934.73,4778.11,3240.94
Copy of IMG00200.JPG,conductor,1,0.4965,6037.94,2748.86,7166.46,3340.47
Copy of IMG00200.JPG,conductor,1,0.4956,8745.48,5048.2,9504.0,5636.62
Copy of IMG00200.JPG,conductor,1,0.4276,7365.28,3411.07,8651.2,3943.42
Copy of IMG00200.JPG,conductor,1,0.422,5942.61,3656.8,6737.99,4175.9
Copy of IMG00200.JPG,conductor,1,0.4109,6178.25,2817.19,7381.74,3419.49
Copy of IMG00200.JPG,conductor,1,0.3755,7350.37,3885.52,8114.56,4309.98
Copy of IMG00200.JPG,conductor,1,0.3347,8597.18,3982.94,9487.2,4497.73
Copy of IMG00200.JPG,conductor,1,0.3277,5546.88,3420.74,6235.51,3877.59
Copy of IMG00200.JPG,conductor,1,0.3185,7440.39,3928.83,8266.02,4413.21
Copy of IMG00200.JPG,conductor,1,0.3077,8090.88,4703.32,8850.96,5265.51
Copy of IMG00200.JPG,conductor,1,0.299,7910.9,3647.71,9054.62,4167.22
Copy of IMG00200.JPG,conductor,1,0.2897,1813.03,2584.76,2861.39,2988.89
Copy of IMG00200.JPG,conductor,1,0.2896,5723.48,3083.56,6290.46,3461.17
Copy of IMG00200.JPG,conductor,1,0.2791,6161.74,3311.54,6776.39,3712.07
Copy of IMG00200.JPG,conductor,1,0.2769,6959.22,4203.52,7884.62,4798.55
Copy of IMG00200.JPG,conductor,1,0.2768,7474.84,4425.24,8266.28,4978.69
Copy of IMG00200.JPG,conductor,1,0.2729,7088.99,3304.93,8519.62,3923.22
Copy of IMG00200.JPG,conductor,1,0.2598,6995.8,3235.72,8191.62,3751.87
Copy of IMG00200.JPG,insulator,2,0.2565,4493.5,2686.4,4881.93,2944.04
Copy of IMG00200.JPG,conductor,1,0.2555,8159.24,4286.17,9039.27,4758.51
Copy of IMG00200.JPG,conductor,1,0.2487,8425.01,3915.54,9453.31,4449.23
Copy of IMG00200.JPG,conductor,1,0.2432,2896.94,2767.42,4275.55,3209.1
Copy of IMG00200.JPG,conductor,1,0.2395,6642.61,3539.67,7313.41,3961.08
Copy of IMG00200.JPG,conductor,1,0.2347,6703.03,3557.74,7411.71,4012.44
Copy of IMG00200.JPG,conductor,1,0.2339,8094.91,4249.94,8863.19,4687.82
Copy of IMG00200.JPG,conductor,1,0.2255,8777.95,4557.87,9503.05,5023.57
Copy of IMG00200.JPG,conductor,1,0.2082,7543.6,3451.42,8756.31,4037.29
Copy of IMG00200.JPG,conductor,1,0.2035,6675.76,4027.34,7564.46,4605.28
Copy of IMG00200.JPG,conductor,1,0.1968,5787.57,3596.57,6675.32,4113.35
Copy of IMG00200.JPG,conductor,1,0.1946,8400.89,4378.82,9231.36,4864.08
Copy of IMG00200.JPG,conductor,1,0.1923,7029.12,3754.08,7808.89,4193.76
Copy of IMG00200.JPG,insulator,2,0.1904,5202.7,2814.48,5489.81,3074.7
Copy of IMG00200.JPG,conductor,1,0.1839,7140.51,3799.48,7986.96,4270.47
Copy of IMG00200.JPG,conductor,1,0.1812,7565.66,4001.0,8370.23,4468.16
Copy of IMG00200.JPG,conductor,1,0.1798,7142.6,4321.51,8174.31,4930.54
Copy of IMG00200.JPG,conductor,1,0.1758,7972.44,4183.37,8817.56,4660.79
Copy of IMG00200.JPG,conductor,1,0.1742,7853.54,4635.24,8814.62,5190.48
Copy of IMG00200.JPG,conductor,1,0.1728,6224.97,2891.53,7519.75,3487.55
Copy of IMG00200.JPG,conductor,1,0.1662,7618.43,3510.87,8916.07,4136.79
Copy of IMG00200.JPG,conductor,1,0.1628,6736.69,3598.44,7551.24,4057.07
Copy of IMG00200.JPG,conductor,1,0.1607,6708.55,4095.17,7694.15,4705.77
Copy of IMG00200.JPG,conductor,1,0.1598,2828.34,2545.84,4342.72,3195.98
Copy of IMG00200.JPG,conductor,1,0.1578,8278.88,4347.28,9131.72,4813.24
Copy of IMG00200.JPG,conductor,1,0.1569,8485.77,4445.9,9388.35,4909.87
Copy of IMG00200.JPG,conductor,1,0.1489,864.9,2571.05,2857.42,2981.41
Copy of IMG00200.JPG,insulator,2,0.1486,4638.01,2650.92,4997.29,2930.81
Copy of IMG00200.JPG,conductor,1,0.1455,8922.72,4592.92,9504.0,5081.73
Copy of IMG00200.JPG,conductor,1,0.1427,6910.64,3697.87,7714.83,4148.09
Copy of IMG00200.JPG,conductor,1,0.1392,6557.34,3492.06,7239.5,3919.52
Copy of IMG00200.JPG,conductor,1,0.1332,7552.12,4498.19,8502.33,5027.79
Copy of IMG00200.JPG,conductor,1,0.1324,8145.05,3824.04,9402.63,4392.26
Copy of IMG00200.JPG,conductor,1,0.1282,6007.78,3727.99,6906.06,4249.04
Copy of IMG00200.JPG,conductor,1,0.1279,7661.12,4056.15,8524.63,4514.98
Copy of IMG00200.JPG,conductor,1,0.1257,6818.71,3675.74,7641.12,4070.72
Copy of IMG00200.JPG,insulator,2,0.1188,4764.82,2679.15,5005.84,2942.3
Copy of IMG00200.JPG,conductor,1,0.1135,8558.98,4971.7,9469.7,5537.95
Copy of IMG00200.JPG,insulator,2,0.113,4838.01,3067.63,5183.76,3338.69
Copy of IMG00200.JPG,conductor,1,0.1094,8597.96,4522.85,9473.16,4963.04
Copy of IMG00200.JPG,conductor,1,0.1092,6831.55,3172.19,8001.42,3676.04
Copy of IMG00200.JPG,conductor,1,0.1088,5665.92,3555.21,6576.39,4070.52
Copy of IMG00200.JPG,conductor,1,0.1084,7798.74,4128.55,8647.68,4563.13
Copy of IMG00200.JPG,conductor,1,0.1048,5633.15,3498.51,6336.04,3976.42
Copy of IMG00200.JPG,conductor,1,0.1014,8903.32,5137.6,9503.21,5654.74
Copy of IMG00200.JPG,conductor,1,0.0997,8858.72,4083.96,9501.24,4577.27
Copy of IMG00200.JPG,conductor,1,0.0993,9069.64,4628.9,9503.94,5111.75
Copy of IMG00200.JPG,conductor,1,0.0968,6460.88,3944.22,7401.95,4495.01
Copy of IMG00200.JPG,conductor,1,0.0945,8128.65,4772.43,9014.64,5330.31
Copy of IMG00200.JPG,conductor,1,0.0848,6359.7,2991.25,7400.99,3495.84
Copy of IMG00200.JPG,conductor,1,0.0808,6130.04,3809.05,7026.68,4320.75
Copy of IMG00200.JPG,conductor,1,0.0774,8054.74,3703.06,9160.59,4247.12
Copy of IMG00200.JPG,conductor,1,0.075,6990.93,3293.03,8260.81,3857.11
Copy of IMG00200.JPG,conductor,1,0.0723,7707.37,4592.01,8723.25,5139.34
Copy of IMG00200.JPG,conductor,1,0.0711,2652.11,2485.7,3299.96,2683.41
Copy of IMG00200.JPG,conductor,1,0.0706,6406.34,2995.23,7715.74,3614.93
Copy of IMG00200.JPG,conductor,1,0.0674,8292.44,4861.14,9325.63,5435.98
Copy of IMG00200.JPG,insulator,2,0.0666,4959.63,2429.24,5328.25,2785.55
Copy of IMG00200.JPG,conductor,1,0.0663,5497.1,3366.78,6086.43,3784.09
Copy of IMG00200.JPG,conductor,1,0.0662,6012.96,2705.51,7913.28,3476.39
Copy of IMG00200.JPG,conductor,1,0.0639,9203.05,4694.18,9503.08,5149.29
Copy of IMG00200.JPG,conductor,1,0.0627,6655.04,3106.13,8161.86,3741.74
Copy of IMG00200.JPG,conductor,1,0.0622,5783.57,3146.15,6400.56,3556.77
Copy of IMG00200.JPG,conductor,1,0.0621,6264.31,3391.12,6935.68,3804.91
Copy of IMG00200.JPG,conductor,1,0.0612,2620.69,2225.13,3377.7,2454.03
Copy of IMG00200.JPG,conductor,1,0.0589,2388.0,2136.75,3255.66,2396.3
Copy of IMG00200.JPG,conductor,1,0.0588,1669.63,2319.08,2187.77,2504.92
Copy of IMG00200.JPG,conductor,1,0.0555,6395.82,3464.84,7187.84,3884.44
Copy of IMG00200.JPG,conductor,1,0.0544,6594.97,3125.05,7642.06,3623.66
Copy of IMG00200.JPG,conductor,1,0.051,3103.79,2467.66,4414.08,2831.45
Copy of IMG00200.JPG,conductor,1,0.0504,2713.41,2482.6,3485.71,2692.95
Copy of IMG03534.JPG,pylon,0,0.7414,5182.75,2052.23,5656.42,4963.51
Copy of IMG03534.JPG,insulator,2,0.4162,5510.48,1626.72,5753.25,1905.21
Copy of IMG03534.JPG,conductor,1,0.3804,2815.83,2869.83,3662.69,3327.9
Copy of IMG03534.JPG,insulator,2,0.211,5512.42,1631.52,5754.89,2075.22
Copy of IMG03534.JPG,insulator,2,0.1553,5516.13,2263.62,5749.53,2506.7
Copy of IMG03534.JPG,insulator,2,0.1162,5518.21,1884.5,5749.12,2134.21
Copy of IMG03386.JPG,conductor,1,0.4115,2596.15,1938.83,3199.09,3710.34
Copy of IMG03386.JPG,insulator,2,0.1628,7825.67,2968.2,8200.21,3311.63
Copy of IMG03386.JPG,insulator,2,0.1524,7382.14,3218.12,7799.41,3554.59
Copy of IMG03386.JPG,insulator,2,0.1156,8346.71,2904.74,8681.44,3138.37
Copy of IMG03386.JPG,conductor,1,0.083,1.62,5711.92,309.55,6293.52
Copy of IMG03386.JPG,insulator,2,0.0693,8886.96,3160.44,9346.95,3587.59
Copy of IMG03386.JPG,insulator,2,0.0683,9267.3,2581.71,9503.06,2887.53
Copy of IMG03386.JPG,conductor,1,0.0612,0.0,5637.11,424.47,6300.2
Copy of IMG03386.JPG,insulator,2,0.0552,8923.0,3119.65,9294.19,3546.14
Copy of IMG03386.JPG,conductor,1,0.051,4742.26,4423.68,5562.48,6239.76
Copy of IMG00230.JPG,conductor,1,0.6637,0.0,2824.09,649.94,5316.74
Copy of IMG00230.JPG,conductor,1,0.6371,4029.67,1873.0,8106.99,3643.62
Copy of IMG00230.JPG,conductor,1,0.5399,936.5,2131.3,2422.91,4328.18
Copy of IMG00230.JPG,conductor,1,0.4936,1488.67,4001.97,2396.87,6306.31
Copy of IMG00230.JPG,conductor,1,0.4165,1608.34,4340.73,2471.38,6293.86
Copy of IMG00230.JPG,conductor,1,0.1652,2501.98,1891.72,8035.54,3702.25
Copy of IMG00230.JPG,conductor,1,0.109,1570.61,4867.24,2506.15,6289.12
Copy of IMG00230.JPG,conductor,1,0.0768,0.0,1132.67,716.55,3407.55
Copy of IMG00230.JPG,conductor,1,0.0694,414.96,0.0,710.57,476.29
Copy of IMG00230.JPG,conductor,1,0.0607,929.15,2018.3,2083.11,4011.92
Copy of IMG00230.JPG,insulator,2,0.0606,8753.1,802.41,9057.95,1186.28
Copy of IMG00230.JPG,insulator,2,0.0573,8571.55,550.7,8930.22,833.86
Copy of IMG00230.JPG,conductor,1,0.0531,2.3,1959.22,710.92,4868.55
Copy of IMG00230.JPG,conductor,1,0.0516,0.0,1083.27,467.84,3410.18
Copy of IMG00230.JPG,conductor,1,0.0511,2576.51,1781.72,7903.65,4612.31
Copy of IMG00453.JPG,insulator,2,0.7977,4178.23,2788.96,4464.22,3108.54
Copy of IMG00453.JPG,pylon,0,0.7417,3918.07,3604.63,4434.71,6285.28
Copy of IMG00453.JPG,insulator,2,0.7035,3747.28,2708.56,4096.65,3078.35
Copy of IMG00453.JPG,insulator,2,0.6883,4443.88,3171.89,4794.19,3522.98
Copy of IMG00453.JPG,conductor,1,0.6525,4979.78,2348.83,9467.76,2886.23
Copy of IMG00453.JPG,conductor,1,0.5895,5240.78,2297.35,9421.29,2767.33
Copy of IMG00453.JPG,conductor,1,0.5399,0.05,4760.18,557.67,5533.36
Copy of IMG00453.JPG,conductor,1,0.4205,2677.89,3663.79,3779.54,4309.24
Copy of IMG00453.JPG,conductor,1,0.4021,437.26,4426.63,1516.63,5074.8
Copy of IMG00453.JPG,conductor,1,0.3381,2267.02,3041.73,3490.62,3555.74
Copy of IMG00453.JPG,conductor,1,0.2507,4662.44,2397.9,8901.54,2970.74
Copy of IMG00453.JPG,conductor,1,0.2401,652.1,3340.8,2511.58,3945.36
Copy of IMG00453.JPG,conductor,1,0.212,16.94,3700.07,1275.3,4306.79
Copy of IMG00453.JPG,conductor,1,0.2038,140.91,3426.94,2266.9,4030.92
Copy of IMG00453.JPG,conductor,1,0.1986,4651.92,2869.66,8494.01,3480.53
Copy of IMG00453.JPG,conductor,1,0.1979,463.29,4373.4,1821.65,5044.45
Copy of IMG00453.JPG,conductor,1,0.1811,5805.15,2225.85,9441.06,2723.88
Copy of IMG00453.JPG,conductor,1,0.1765,30.46,3629.4,1684.96,4268.0
Copy of IMG00453.JPG,conductor,1,0.1461,8655.39,2099.41,9502.99,2529.09
Copy of IMG00453.JPG,conductor,1,0.1415,2076.42,3070.84,3451.48,3745.65
Copy of IMG00453.JPG,conductor,1,0.1342,71.76,3515.18,2006.07,4106.89
Copy of IMG00453.JPG,conductor,1,0.1301,4708.13,2425.83,9504.0,3180.77
Copy of IMG00453.JPG,conductor,1,0.1046,951.24,3856.9,1956.16,4324.83
Copy of IMG00453.JPG,conductor,1,0.1037,28.42,3735.9,1082.3,4230.78
Copy of IMG00453.JPG,conductor,1,0.101,2.32,4072.04,413.6,4684.06
Copy of IMG00453.JPG,conductor,1,0.0986,2450.77,3373.91,3350.7,3815.61
Copy of IMG00453.JPG,conductor,1,0.0977,0.3,4787.19,397.28,5536.23
Copy of IMG00453.JPG,conductor,1,0.0958,401.35,3464.52,2281.06,3934.92
Copy of IMG00453.JPG,conductor,1,0.0944,304.27,4488.09,1370.33,5082.12
Copy of IMG00453.JPG,conductor,1,0.0899,0.69,4055.06,289.93,4674.55
Copy of IMG00453.JPG,conductor,1,0.0889,1956.43,3533.3,2856.27,3997.05
Copy of IMG00453.JPG,conductor,1,0.0882,6315.05,2113.19,9502.14,2585.77
Copy of IMG00453.JPG,conductor,1,0.088,7.16,3652.4,1433.42,4162.77
Copy of IMG00453.JPG,conductor,1,0.081,1.26,3959.9,616.95,4657.33
Copy of IMG00453.JPG,conductor,1,0.0794,1631.63,4045.16,2752.95,4554.15
Copy of IMG00453.JPG,conductor,1,0.0737,0.0,4688.89,662.85,5352.86
Copy of IMG00453.JPG,conductor,1,0.066,667.14,4333.38,1862.29,4914.65
Copy of IMG00453.JPG,conductor,1,0.0653,74.98,3560.6,2080.1,4294.36
Copy of IMG00453.JPG,conductor,1,0.0649,0.0,3535.45,1826.5,3996.45
Copy of IMG00453.JPG,conductor,1,0.0639,1.76,3801.36,1134.22,4626.21
Copy of IMG00453.JPG,conductor,1,0.062,620.63,4260.79,2121.75,4972.16
Copy of IMG00453.JPG,conductor,1,0.0586,831.37,3340.81,2624.6,3804.17
Copy of IMG00453.JPG,conductor,1,0.0575,2258.62,3399.24,3236.92,3862.53
Copy of IMG00453.JPG,conductor,1,0.0563,1441.72,4098.75,2685.08,4631.97
Copy of IMG00453.JPG,conductor,1,0.0538,1337.36,3302.96,2602.55,3742.15
Copy of IMG00453.JPG,conductor,1,0.0531,4958.1,2812.65,7931.89,3430.69
Copy of IMG00453.JPG,conductor,1,0.0518,269.99,3493.65,1964.96,3961.95
Copy of IMG00453.JPG,conductor,1,0.05,0.67,4864.75,326.73,5590.49
Copy of IMG00081.JPG,insulator,2,0.9269,4128.44,3052.35,4639.85,3483.4
Copy of IMG00081.JPG,insulator,2,0.9076,6813.01,3877.72,7373.29,4381.85
Copy of IMG00081.JPG,insulator,2,0.8283,4667.01,3615.57,5140.53,4096.27
Copy of IMG00081.JPG,pylon,0,0.7643,5127.86,4791.45,5815.64,6267.77
Copy of IMG00081.JPG,insulator,2,0.7347,5190.45,4402.6,5666.76,4832.68
Copy of IMG00081.JPG,conductor,1,0.7217,7443.98,3406.57,9253.36,4203.82
Copy of IMG00081.JPG,insulator,2,0.7129,6222.03,3211.3,6750.22,3630.86
Copy of IMG00081.JPG,insulator,2,0.6985,5159.08,2321.01,5566.77,2713.18
Copy of IMG00081.JPG,conductor,1,0.6021,49.65,3974.94,1345.57,4611.48
Copy of IMG00081.JPG,conductor,1,0.5545,1137.08,3621.34,2869.45,4221.34
Copy of IMG00081.JPG,conductor,1,0.5471,2317.12,3279.76,3955.44,3905.73
Copy of IMG00081.JPG,conductor,1,0.5461,2801.59,3928.12,4325.46,4608.6
Copy of IMG00081.JPG,conductor,1,0.5278,6946.15,2735.9,8600.94,3426.31
Copy of IMG00081.JPG,insulator,2,0.4422,6144.19,2756.12,6637.89,3143.14
Copy of IMG00081.JPG,conductor,1,0.4379,27.81,4699.8,1445.65,5468.82
Copy of IMG00081.JPG,conductor,1,0.436,6648.28,2126.72,8170.82,2743.17
Copy of IMG00081.JPG,insulator,2,0.4047,5634.57,2096.01,6150.44,2559.88
Copy of IMG00081.JPG,conductor,1,0.4037,1511.44,4996.37,3703.05,5981.49
Copy of IMG00081.JPG,insulator,2,0.378,5724.93,2947.46,6103.47,3291.29
Copy of IMG00081.JPG,conductor,1,0.3702,8129.0,2482.28,9442.09,3048.19
Copy of IMG00081.JPG,conductor,1,0.3601,191.24,5566.47,1751.72,6274.22
Copy of IMG00081.JPG,conductor,1,0.343,1101.03,4222.74,3129.52,4981.7
Copy of IMG00081.JPG,conductor,1,0.3424,3365.54,4565.84,4980.48,5466.85
Copy of IMG00081.JPG,conductor,1,0.3221,1025.62,4312.17,2793.35,5083.62
Copy of IMG00081.JPG,conductor,1,0.2935,6650.43,2059.04,8591.49,2711.19
Copy of IMG00081.JPG,conductor,1,0.2804,6921.58,2803.54,8258.34,3470.41
Copy of IMG00081.JPG,conductor,1,0.2385,1695.67,4912.39,4129.53,5907.7
Copy of IMG00081.JPG,conductor,1,0.2297,3072.51,4634.52,4907.4,5568.75
Copy of IMG00081.JPG,conductor,1,0.2254,1221.03,5110.87,3595.13,6068.31
Copy of IMG00081.JPG,conductor,1,0.217,1629.8,4206.36,3188.58,4927.91
Copy of IMG00081.JPG,conductor,1,0.173,1.81,4794.63,1124.79,5578.13
Copy of IMG00081.JPG,conductor,1,0.1669,8200.3,2390.53,9500.92,2982.87
Copy of IMG00081.JPG,conductor,1,0.1514,28.85,5633.87,1539.57,6302.53
Copy of IMG00081.JPG,conductor,1,0.145,8975.09,2343.92,9504.0,2856.54
Copy of IMG00081.JPG,conductor,1,0.1374,8944.29,1733.67,9503.23,2121.96
Copy of IMG00081.JPG,conductor,1,0.1288,0.63,4907.5,816.9,5668.93
Copy of IMG00081.JPG,conductor,1,0.1166,6746.31,1992.75,8728.71,2543.17
Copy of IMG00081.JPG,conductor,1,0.1143,8715.97,2975.0,9504.0,3721.09
Copy of IMG00081.JPG,conductor,1,0.1142,8956.6,2922.81,9502.14,3671.14
Copy of IMG00081.JPG,conductor,1,0.1113,0.19,5987.31,577.75,6336.0
Copy of IMG00081.JPG,conductor,1,0.109,2963.36,3892.2,4457.45,4506.84
Copy of IMG00081.JPG,conductor,1,0.1083,2.75,4070.45,1087.47,4730.7
Copy of IMG00081.JPG,conductor,1,0.1081,933.04,4367.54,2449.8,5136.95
Copy of IMG00081.JPG,conductor,1,0.1057,0.99,4347.39,448.07,4848.72
Copy of IMG00081.JPG,conductor,1,0.1026,9093.68,2283.66,9503.93,2810.08
Copy of IMG00081.JPG,conductor,1,0.1022,7670.97,2551.33,9339.62,3194.73
Copy of IMG00081.JPG,conductor,1,0.1006,7912.12,3044.32,9504.0,3808.31
Copy of IMG00081.JPG,conductor,1,0.098,0.05,4993.31,653.34,5741.16
Copy of IMG00081.JPG,conductor,1,0.0958,8894.99,2281.92,9504.0,2925.87
Copy of IMG00081.JPG,insulator,2,0.0847,5882.59,2432.16,6378.2,2817.25
Copy of IMG00081.JPG,conductor,1,0.0794,8844.45,1572.68,9502.39,2162.67
Copy of IMG00081.JPG,conductor,1,0.0764,0.01,4265.66,682.34,4806.46
Copy of IMG00081.JPG,conductor,1,0.0739,6973.03,2580.16,9121.03,3306.87
Copy of IMG00081.JPG,conductor,1,0.0738,7440.34,1949.68,8783.31,2481.21
Copy of IMG00081.JPG,conductor,1,0.0682,0.74,6018.12,457.44,6336.0
Copy of IMG00081.JPG,conductor,1,0.0678,7182.96,4496.26,8236.33,5192.73
Copy of IMG00081.JPG,conductor,1,0.0676,9192.17,2203.31,9502.44,2756.15
Copy of IMG00081.JPG,conductor,1,0.0666,7862.55,2027.5,8737.61,2398.63
Copy of IMG00081.JPG,conductor,1,0.0643,8469.78,2450.8,9493.06,2902.06
Copy of IMG00081.JPG,conductor,1,0.063,7134.7,2501.27,9357.54,3169.53
Copy of IMG00081.JPG,insulator,2,0.0616,5557.09,2256.13,5945.39,2602.88
Copy of IMG00081.JPG,conductor,1,0.0585,8995.0,1642.14,9504.0,2075.29
Copy of IMG00081.JPG,conductor,1,0.0585,282.37,5433.02,2041.47,6226.57
Copy of IMG00081.JPG,conductor,1,0.0575,7490.4,3182.7,9503.56,4073.3
Copy of IMG00081.JPG,conductor,1,0.057,0.6,5800.18,962.01,6336.0
Copy of IMG00081.JPG,conductor,1,0.0546,8753.39,2406.92,9501.95,2873.87
Copy of IMG00081.JPG,conductor,1,0.0537,9070.63,2860.79,9504.0,3509.19
Copy of IMG00120.JPG,insulator,2,0.6719,5056.51,459.94,5435.55,860.57
Copy of IMG00120.JPG,conductor,1,0.5743,3342.72,2970.13,4126.31,3766.85
Copy of IMG00120.JPG,insulator,2,0.5296,5297.37,915.95,5606.96,1322.51
Copy of IMG00120.JPG,conductor,1,0.5175,776.79,5002.28,1449.55,6155.28
Copy of IMG00120.JPG,insulator,2,0.496,6062.94,876.05,6407.9,1188.17
Copy of IMG00120.JPG,pylon,0,0.492,4988.31,1789.45,5821.83,6193.21
Copy of IMG00120.JPG,insulator,2,0.4832,5591.46,1366.13,5916.93,1714.32
Copy of IMG00120.JPG,insulator,2,0.4754,6077.61,1357.87,6423.81,1695.91
Copy of IMG00120.JPG,conductor,1,0.4193,2.38,4021.77,619.83,4789.85
Copy of IMG00120.JPG,insulator,2,0.4165,5626.31,453.34,5917.3,772.86
Copy of IMG00120.JPG,conductor,1,0.3733,4823.34,1867.89,5374.23,2518.13
Copy of IMG00120.JPG,conductor,1,0.3572,4653.78,1949.31,5293.24,2625.22
Copy of IMG00120.JPG,conductor,1,0.3566,2508.39,2895.74,3151.96,3457.2
Copy of IMG00120.JPG,conductor,1,0.3244,4722.11,1377.62,5178.58,1856.3
Copy of IMG00120.JPG,conductor,1,0.3179,1630.16,2746.21,2453.74,3324.85
Copy of IMG00120.JPG,conductor,1,0.2936,3778.33,1143.56,4475.69,1707.61
Copy of IMG00120.JPG,conductor,1,0.2781,238.22,3547.64,1301.62,4233.5
Copy of IMG00120.JPG,conductor,1,0.2738,2180.82,3119.61,2874.55,3765.96
Copy of IMG00120.JPG,conductor,1,0.2718,797.2,3114.39,1861.57,3769.55
Copy of IMG00120.JPG,conductor,1,0.2716,3778.74,2004.64,4302.48,2511.93
Copy of IMG00120.JPG,conductor,1,0.2707,2341.43,3025.79,2960.29,3647.62
Copy of IMG00120.JPG,conductor,1,0.2645,2040.84,3270.16,2770.81,3850.08
Copy of IMG00120.JPG,conductor,1,0.2566,4993.43,1783.11,5466.02,2269.36
Copy of IMG00120.JPG,conductor,1,0.2506,2289.1,4673.91,3047.89,6207.97
Copy of IMG00120.JPG,conductor,1,0.2377,3636.36,2054.88,4206.49,2639.85
Copy of IMG00120.JPG,conductor,1,0.234,1479.3,3718.98,2127.39,4370.38
Copy of IMG00120.JPG,conductor,1,0.2278,2213.66,2246.62,3160.33,2787.34
Copy of IMG00120.JPG,conductor,1,0.2247,1343.01,3777.3,2046.22,4436.02
Copy of IMG00120.JPG,conductor,1,0.2225,2447.23,3691.91,3241.6,4490.39
Copy of IMG00120.JPG,conductor,1,0.2195,2.07,4988.03,488.01,5844.83
Copy of IMG00120.JPG,conductor,1,0.2143,1017.84,4054.28,1715.29,4712.48
Copy of IMG00120.JPG,conductor,1,0.2089,4067.61,1804.09,4562.76,2241.68
Copy of IMG00120.JPG,conductor,1,0.208,4333.23,2291.91,5022.87,2898.14
Copy of IMG00120.JPG,conductor,1,0.2044,4006.29,1833.63,4532.3,2307.44
Copy of IMG00120.JPG,conductor,1,0.1988,324.62,4558.51,933.6,5285.66
Copy of IMG00120.JPG,conductor,1,0.193,1083.49,3976.81,1810.58,4637.86
Copy of IMG00120.JPG,conductor,1,0.1924,1225.17,3819.74,1981.94,4543.96
Copy of IMG00120.JPG,conductor,1,0.1909,3830.37,1961.2,4365.62,2433.16
Copy of IMG00120.JPG,conductor,1,0.188,2998.67,2557.38,3700.55,3094.39
Copy of IMG00120.JPG,conductor,1,0.1852,4465.55,2112.34,5147.33,2761.38
Copy of IMG00120.JPG,conductor,1,0.185,596.57,4433.64,1141.42,5170.64
Copy of IMG00120.JPG,conductor,1,0.1834,2149.27,3900.79,2963.73,4721.3
Copy of IMG00120.JPG,conductor,1,0.1826,3942.08,1883.59,4437.92,2368.51
Copy of IMG00120.JPG,conductor,1,0.1814,3151.35,2499.32,3743.58,2991.06
Copy of IMG00120.JPG,conductor,1,0.1807,2302.88,2180.74,3188.93,2717.82
Copy of IMG00120.JPG,conductor,1,0.1801,2382.39,2976.76,3057.83,3592.63
Copy of IMG00120.JPG,conductor,1,0.1766,4830.61,1831.54,5412.59,2369.36
Copy of IMG00120.JPG,conductor,1,0.1664,433.47,4502.74,1048.55,5229.21
Copy of IMG00120.JPG,conductor,1,0.1534,3562.35,2111.53,4131.54,2665.75
Copy of IMG00120.JPG,conductor,1,0.1459,882.17,4119.93,1592.14,4832.69
Copy of IMG00120.JPG,conductor,1,0.145,2851.05,1777.26,3619.52,2400.67
Copy of IMG00120.JPG,conductor,1,0.1448,2603.92,2841.16,3212.0,3365.03
Copy of IMG00120.JPG,conductor,1,0.1423,2552.76,2073.36,3259.59,2638.5
Copy of IMG00120.JPG,conductor,1,0.1368,881.31,3050.6,1990.98,3700.42
Copy of IMG00120.JPG,conductor,1,0.1366,1348.94,4599.88,2010.11,5462.94
Copy of IMG00120.JPG,conductor,1,0.1331,1511.47,3604.75,2288.1,4281.72
Copy of IMG00120.JPG,conductor,1,0.1324,1893.02,3352.8,2675.74,3948.11
Copy of IMG00120.JPG,conductor,1,0.131,3341.72,1601.17,3966.67,2069.9
Copy of IMG00120.JPG,conductor,1,0.1274,1682.9,3549.28,2354.65,4116.09
Copy of IMG00120.JPG,conductor,1,0.1267,2056.22,3997.95,2801.53,4776.44
Copy of IMG00120.JPG,conductor,1,0.1221,3232.39,2433.57,3764.3,2933.34
Copy of IMG00120.JPG,conductor,1,0.1186,4726.68,1909.75,5340.97,2457.9
Copy of IMG00120.JPG,conductor,1,0.1167,2.43,4161.29,513.36,4921.45
Copy of IMG00120.JPG,conductor,1,0.1166,4339.89,1586.78,4875.05,2069.22
Copy of IMG00120.JPG,conductor,1,0.1162,4268.54,1627.51,4842.54,2134.35
Copy of IMG00120.JPG,conductor,1,0.1138,2278.76,3798.88,3097.25,4647.0
Copy of IMG00120.JPG,conductor,1,0.1135,613.42,3228.01,1759.04,3875.73
Copy of IMG00120.JPG,conductor,1,0.1124,1969.99,4099.31,2697.44,4841.91
Copy of IMG00120.JPG,conductor,1,0.1109,922.83,4882.15,1540.01,5732.61
Copy of IMG00120.JPG,conductor,1,0.11,3409.46,2906.7,4127.35,3569.64
Copy of IMG00120.JPG,conductor,1,0.1088,656.25,4311.26,1269.15,5033.27
Copy of IMG00120.JPG,conductor,1,0.1079,3456.14,2233.0,4000.28,2735.36
Copy of IMG00120.JPG,conductor,1,0.1075,1709.94,2592.97,2588.3,3180.83
Copy of IMG00120.JPG,pylon,0,0.1068,5182.01,1735.76,5934.04,6130.8
Copy of IMG00120.JPG,conductor,1,0.1058,1751.06,3488.12,2472.2,4050.52
Copy of IMG00120.JPG,conductor,1,0.1027,3562.05,1262.52,4347.48,1864.1
Copy of IMG00120.JPG,conductor,1,0.1012,2849.94,2701.79,3402.19,3215.45
Copy of IMG00120.JPG,conductor,1,0.1008,4111.72,2455.23,4843.34,3176.16
Copy of IMG00120.JPG,conductor,1,0.0984,2927.17,2655.87,3497.42,3160.96
Copy of IMG00120.JPG,conductor,1,0.0934,3281.91,2365.19,3826.49,2898.33
Copy of IMG00120.JPG,conductor,1,0.0933,4185.9,792.74,4989.01,1363.48
Copy of IMG00120.JPG,conductor,1,0.0898,3263.1,1664.79,3922.25,2129.63
Copy of IMG00120.JPG,insulator,2,0.0898,6095.7,885.5,6448.79,1236.19
Copy of IMG00120.JPG,conductor,1,0.0891,4168.27,1684.47,4782.29,2171.08
Copy of IMG00120.JPG,conductor,1,0.0882,8349.7,2102.5,9493.7,2692.09
Copy of IMG00120.JPG,conductor,1,0.0875,689.42,4235.5,1396.61,4964.55
Copy of IMG00120.JPG,insulator,2,0.087,5682.2,973.0,5942.01,1308.2
Copy of IMG00120.JPG,conductor,1,0.0851,3369.04,2270.79,3937.71,2821.59
Copy of IMG00120.JPG,conductor,1,0.0842,769.09,4178.7,1488.26,4926.63
Copy of IMG00120.JPG,conductor,1,0.084,4466.15,1435.13,5011.33,1976.19
Copy of IMG00120.JPG,conductor,1,0.0834,359.41,3371.16,1519.19,4096.08
Copy of IMG00120.JPG,conductor,1,0.081,7262.74,1043.4,8145.68,1384.9
Copy of IMG00120.JPG,conductor,1,0.0802,1817.79,3407.09,2603.86,4002.6
Copy of IMG00120.JPG,conductor,1,0.0801,1511.87,2800.13,2411.47,3403.39
Copy of IMG00120.JPG,conductor,1,0.0797,2632.84,3581.15,3352.3,4326.72
Copy of IMG00120.JPG,conductor,1,0.0795,2750.74,1877.29,3495.54,2522.2
Copy of IMG00120.JPG,conductor,1,0.0793,6616.07,1556.7,7681.43,2121.23
Copy of IMG00120.JPG,insulator,2,0.0787,5748.69,929.84,5968.6,1263.95
Copy of IMG00120.JPG,conductor,1,0.0772,0.0,4302.06,408.24,4930.18
Copy of IMG00120.JPG,conductor,1,0.0757,4414.19,2188.72,5066.62,2796.33
Copy of IMG00120.JPG,conductor,1,0.0755,0.61,5963.67,398.89,6336.0
Copy of IMG00120.JPG,conductor,1,0.0749,4433.35,3027.75,5141.7,3828.18
Copy of IMG00120.JPG,conductor,1,0.0728,4199.77,2401.2,4945.51,3121.46
Copy of IMG00120.JPG,conductor,1,0.0719,4.55,4822.12,564.18,5647.11
Copy of IMG00120.JPG,conductor,1,0.0703,1482.96,4481.18,2245.98,5290.54
Copy of IMG00120.JPG,conductor,1,0.0693,0.54,3960.33,695.22,4624.73
Copy of IMG00120.JPG,conductor,1,0.0679,3140.75,1690.99,3896.45,2234.45
Copy of IMG00120.JPG,conductor,1,0.0672,3468.49,1516.2,4196.93,2006.96
Copy of IMG00120.JPG,conductor,1,0.0665,635.8,5116.76,1408.73,6219.27
Copy of IMG00120.JPG,conductor,1,0.0656,2717.13,2753.84,3332.32,3312.82
Copy of IMG00120.JPG,conductor,1,0.064,3707.99,1224.57,4395.69,1776.06
Copy of IMG00120.JPG,conductor,1,0.0637,182.07,4594.1,874.97,5424.0
Copy of IMG00120.JPG,conductor,1,0.0631,7755.05,1945.19,9111.74,2499.19
Copy of IMG00120.JPG,conductor,1,0.0591,4747.06,1329.1,5151.68,1754.13
Copy of IMG00120.JPG,conductor,1,0.0552,1099.39,4703.86,1770.42,5568.1
Copy of IMG00120.JPG,conductor,1,0.0535,1262.62,4688.0,1828.63,5588.98
Copy of IMG00120.JPG,conductor,1,0.0521,1867.86,2394.07,2899.67,3022.75
Copy of IMG00120.JPG,conductor,1,0.052,2.45,5912.21,490.08,6319.5
Copy of IMG00120.JPG,conductor,1,0.0518,1799.9,4186.47,2603.78,4947.78
Copy of IMG00120.JPG,conductor,1,0.0517,8485.61,2186.75,9467.1,2665.94
Copy of IMG00120.JPG,conductor,1,0.0516,2960.81,1784.46,3715.01,2330.58
Copy of IMG00120.JPG,conductor,1,0.0512,1183.29,3006.76,2085.56,3593.62
Copy of IMG00120.JPG,conductor,1,0.0505,3914.66,815.73,4969.67,1494.99
Copy of IMG00120.JPG,conductor,1,0.0503,7539.75,1880.91,8847.36,2461.95
Copy of IMG00120.JPG,conductor,1,0.05,3425.26,1560.72,4055.98,2007.48
Copy of IMG00521.JPG,insulator,2,0.8613,4597.56,1865.32,4833.5,2136.44
Copy of IMG00521.JPG,insulator,2,0.7063,5261.53,2065.0,5546.95,2347.84
Copy of IMG00521.JPG,insulator,2,0.5359,3899.87,1891.78,4192.18,2183.26
Copy of IMG00521.JPG,conductor,1,0.384,1013.49,2922.13,2046.72,3377.21
Copy of IMG00521.JPG,conductor,1,0.3811,5336.12,2514.7,6638.46,2954.36
Copy of IMG00521.JPG,pylon,0,0.3739,4306.47,2223.56,4809.98,6056.97
Copy of IMG00521.JPG,conductor,1,0.3356,4244.91,2261.41,4749.2,6051.57
Copy of IMG00521.JPG,conductor,1,0.2511,738.59,3286.99,1704.82,3770.12
Copy of IMG00521.JPG,conductor,1,0.2169,1665.39,2529.19,3925.09,4156.68
Copy of IMG00521.JPG,insulator,2,0.1731,0.0,2864.54,126.45,3144.93
Copy of IMG00521.JPG,conductor,1,0.1566,279.2,3066.29,939.57,3368.47
Copy of IMG00521.JPG,conductor,1,0.1249,390.09,2740.95,996.35,2961.61
Copy of IMG00521.JPG,conductor,1,0.1216,104.73,3054.76,805.91,3356.78
Copy of IMG00521.JPG,conductor,1,0.0885,752.68,3249.88,1487.31,3669.59
Copy of IMG00521.JPG,conductor,1,0.0833,5477.43,2469.24,6505.3,2763.51
Copy of IMG00521.JPG,conductor,1,0.0829,276.95,2715.71,938.82,2951.15
Copy of IMG00521.JPG,conductor,1,0.0813,1006.18,2934.98,1895.21,3233.89
Copy of IMG00521.JPG,conductor,1,0.0762,143.61,2669.43,915.48,2896.56
Copy of IMG00521.JPG,conductor,1,0.0726,824.11,3285.16,1567.97,3716.12
Copy of IMG00521.JPG,conductor,1,0.0725,410.48,768.49,1046.53,998.62
Copy of IMG00521.JPG,conductor,1,0.0702,7686.55,3097.28,8354.25,3319.49
Copy of IMG00521.JPG,conductor,1,0.0699,2596.26,1606.2,3762.23,1998.39
Copy of IMG00521.JPG,conductor,1,0.0694,5365.65,2574.42,6310.64,2871.24
Copy of IMG00521.JPG,conductor,1,0.0678,11.99,616.5,619.61,855.68
Copy of IMG00521.JPG,conductor,1,0.0627,1.35,549.93,404.24,822.95
Copy of IMG00521.JPG,conductor,1,0.0626,326.15,748.08,963.31,978.63
Copy of IMG00521.JPG,conductor,1,0.0614,1022.24,2888.94,1975.88,3174.91
Copy of IMG00521.JPG,conductor,1,0.0604,992.76,3370.54,1705.43,3774.1
Copy of IMG00521.JPG,conductor,1,0.06,1039.97,2975.3,1870.61,3352.74
Copy of IMG00521.JPG,conductor,1,0.0589,8127.01,3151.64,8835.4,3373.29
Copy of IMG00521.JPG,conductor,1,0.0586,1348.55,3129.19,1938.85,3436.82
Copy of IMG00521.JPG,conductor,1,0.0582,464.36,822.74,1092.2,1041.79
Copy of IMG00521.JPG,conductor,1,0.0573,8181.19,3241.3,8705.93,3443.82
Copy of IMG00521.JPG,conductor,1,0.0542,1138.62,3026.73,1959.14,3388.88
Copy of IMG00521.JPG,conductor,1,0.0532,435.9,2779.81,1109.57,2992.85
Copy of IMG00521.JPG,conductor,1,0.0529,84.73,658.27,740.06,905.58
Copy of IMG00521.JPG,conductor,1,0.0511,317.36,2693.98,966.68,2906.5
Copy of IMG00521.JPG,conductor,1,0.0507,6.75,3256.62,674.65,3594.45
Copy of IMG00069.JPG,conductor,1,0.8296,6086.82,3699.23,8162.82,4663.87
Copy of IMG00069.JPG,conductor,1,0.807,7962.1,4322.65,9503.68,5221.58
Copy of IMG00069.JPG,conductor,1,0.681,1912.46,2596.04,3963.58,3363.07
Copy of IMG00069.JPG,conductor,1,0.5815,2698.59,1913.4,4324.45,2574.51
Copy of IMG00069.JPG,pylon,0,0.5756,4096.65,3428.44,4661.14,6285.22
Copy of IMG00069.JPG,insulator,2,0.5549,4517.25,2414.76,4966.77,2933.93
Copy of IMG00069.JPG,conductor,1,0.525,5462.53,2596.42,6861.5,3317.5
Copy of IMG00069.JPG,insulator,2,0.4687,4238.27,3187.4,4541.83,3543.08
Copy of IMG00069.JPG,conductor,1,0.4124,3.22,1133.73,965.42,1588.34
Copy of IMG00069.JPG,conductor,1,0.4092,6862.5,3139.88,8840.48,3846.79
Copy of IMG00069.JPG,conductor,1,0.3835,4991.6,3238.91,6044.56,3966.53
Copy of IMG00069.JPG,conductor,1,0.363,2.95,1986.19,961.53,2507.76
Copy of IMG00069.JPG,conductor,1,0.3587,20.16,1164.41,818.58,1542.75
Copy of IMG00069.JPG,conductor,1,0.3488,9.18,1987.26,1609.14,2683.67
Copy of IMG00069.JPG,conductor,1,0.232,352.53,2182.87,1681.33,2719.92
Copy of IMG00069.JPG,conductor,1,0.2283,659.5,2223.88,1941.29,2740.26
Copy of IMG00069.JPG,conductor,1,0.2151,18.96,2009.4,1271.5,2529.65
Copy of IMG00069.JPG,conductor,1,0.1819,2365.03,2666.25,3993.21,3305.18
Copy of IMG00069.JPG,conductor,1,0.1786,5487.27,2650.96,7131.73,3414.36
Copy of IMG00069.JPG,pylon,0,0.1691,4184.92,3076.96,4739.83,6243.27
Copy of IMG00069.JPG,conductor,1,0.158,5699.95,2751.42,7217.75,3459.28
Copy of IMG00069.JPG,conductor,1,0.1528,8062.89,3539.26,9498.87,4305.62
Copy of IMG00069.JPG,conductor,1,0.1446,1880.49,1724.45,3227.86,2318.28
Copy of IMG00069.JPG,conductor,1,0.1238,586.98,2239.8,1605.81,2638.51
Copy of IMG00069.JPG,conductor,1,0.1234,5031.33,3329.79,6395.05,4075.47
Copy of IMG00069.JPG,conductor,1,0.1218,863.7,2313.23,2255.09,2802.0
Copy of IMG00069.JPG,conductor,1,0.1201,6599.02,3066.41,8474.19,3781.21
Copy of IMG00069.JPG,conductor,1,0.1139,7022.94,3192.1,9339.23,4003.29
Copy of IMG00069.JPG,insulator,2,0.1025,4296.58,3072.95,4718.24,3585.77
Copy of IMG00069.JPG,conductor,1,0.0975,7.61,2007.84,810.28,2428.03
Copy of IMG00069.JPG,conductor,1,0.0929,1082.01,2356.7,2529.48,2881.16
Copy of IMG00069.JPG,conductor,1,0.0924,732.49,1446.49,2628.01,2054.95
Copy of IMG00069.JPG,conductor,1,0.0899,8874.5,3896.98,9503.04,4332.92
Copy of IMG00069.JPG,conductor,1,0.0865,7549.18,3397.52,9461.72,4247.96
Copy of IMG00069.JPG,conductor,1,0.0842,8126.56,3464.26,9420.73,3935.13
Copy of IMG00069.JPG,insulator,2,0.0804,4500.07,2371.0,4893.95,2885.7
Copy of IMG00069.JPG,conductor,1,0.0754,478.01,1290.67,1402.56,1606.81
Copy of IMG00069.JPG,conductor,1,0.075,3559.05,2337.73,4336.2,2593.7
Copy of IMG00069.JPG,conductor,1,0.0746,5499.09,3530.9,6864.92,4249.43
Copy of IMG00069.JPG,conductor,1,0.0739,9052.04,3906.88,9504.0,4403.99
Copy of IMG00069.JPG,conductor,1,0.0727,1069.77,2382.95,2163.46,2785.63
Copy of IMG00069.JPG,conductor,1,0.0725,5092.58,3419.01,6597.52,4173.92
Copy of IMG00069.JPG,conductor,1,0.0716,46.06,2098.94,915.6,2493.21
Copy of IMG00069.JPG,conductor,1,0.0695,1866.87,1674.96,3079.63,2200.04
Copy of IMG00069.JPG,conductor,1,0.069,1602.36,2515.07,3772.66,3198.03
Copy of IMG00069.JPG,conductor,1,0.067,1.24,1963.6,644.28,2389.69
Copy of IMG00069.JPG,conductor,1,0.0639,6371.27,3871.88,8186.64,4704.64
Copy of IMG00069.JPG,conductor,1,0.063,2311.21,1775.26,4297.03,2490.57
Copy of IMG00069.JPG,conductor,1,0.0624,1306.36,2414.11,2961.28,2976.01
Copy of IMG00069.JPG,conductor,1,0.0624,1408.77,2476.68,3196.14,3070.75
Copy of IMG00069.JPG,conductor,1,0.0623,8368.32,3512.26,9483.45,3952.52
Copy of IMG00069.JPG,conductor,1,0.0612,5469.57,2606.83,7684.99,3438.38
Copy of IMG00069.JPG,conductor,1,0.0608,156.45,1248.85,1221.61,1561.34
Copy of IMG00069.JPG,conductor,1,0.0603,10.82,1237.09,707.83,1638.64
Copy of IMG00069.JPG,conductor,1,0.0562,736.51,1639.14,1437.37,1905.9
Copy of IMG00069.JPG,conductor,1,0.0557,5797.12,3658.15,8043.11,4525.09
Copy of IMG00069.JPG,conductor,1,0.0551,1.66,1850.97,748.31,2467.02
Copy of IMG00069.JPG,conductor,1,0.0548,5.23,1166.28,1061.81,1687.1
Copy of IMG00069.JPG,conductor,1,0.0526,330.21,2195.62,1518.89,2584.18
Copy of IMG00069.JPG,conductor,1,0.0523,7302.96,3296.33,9397.51,4146.9
Copy of IMG00069.JPG,conductor,1,0.0513,693.13,1390.12,2288.72,1945.04
Copy of IMG00069.JPG,conductor,1,0.0512,116.51,2129.88,1227.37,2511.1
Copy of IMG00069.JPG,conductor,1,0.05,8376.35,3658.5,9504.0,4346.17
Copy of IMG00500.JPG,conductor,1,0.3471,8607.75,4899.06,9326.21,5376.31
Copy of IMG00500.JPG,conductor,1,0.2706,1125.98,5418.64,1594.39,6000.9
Copy of IMG00500.JPG,conductor,1,0.2566,7594.98,4194.11,8313.44,4657.63
Copy of IMG00500.JPG,conductor,1,0.2478,8338.11,5329.85,8972.71,5887.95
Copy of IMG00500.JPG,conductor,1,0.2262,1667.14,4929.56,2188.89,5351.23
Copy of IMG00500.JPG,conductor,1,0.1924,8913.66,5683.92,9502.39,6241.81
Copy of IMG00500.JPG,conductor,1,0.1799,216.66,5556.27,688.58,5995.47
Copy of IMG00500.JPG,conductor,1,0.1762,1606.18,4991.53,2137.43,5404.95
Copy of IMG00500.JPG,conductor,1,0.1604,8254.23,4663.76,8822.91,5081.62
Copy of IMG00500.JPG,conductor,1,0.1521,7765.69,4905.01,8317.83,5360.6
Copy of IMG00500.JPG,conductor,1,0.1297,7408.45,4673.92,8019.32,5232.48
Copy of IMG00500.JPG,conductor,1,0.1281,8269.02,5282.51,8909.77,5801.08
Copy of IMG00500.JPG,conductor,1,0.1277,315.13,5526.46,758.9,5970.54
Copy of IMG00500.JPG,conductor,1,0.1273,1050.38,5462.19,1536.45,6035.27
Copy of IMG00500.JPG,conductor,1,0.1241,1734.41,4892.88,2233.61,5316.28
Copy of IMG00500.JPG,conductor,1,0.1207,2954.54,1833.23,9491.95,2799.84
Copy of IMG00500.JPG,conductor,1,0.1199,8113.17,4534.29,8727.06,4999.1
Copy of IMG00500.JPG,conductor,1,0.1188,9202.45,5301.56,9502.86,5748.89
Copy of IMG00500.JPG,conductor,1,0.1165,7637.39,4847.52,8259.38,5367.39
Copy of IMG00500.JPG,conductor,1,0.1133,9138.43,5237.64,9504.0,5700.1
Copy of IMG00500.JPG,conductor,1,0.1101,7161.01,4478.83,7735.69,4968.54
Copy of IMG00500.JPG,conductor,1,0.1087,485.47,5234.86,1045.92,5664.86
Copy of IMG00500.JPG,conductor,1,0.1077,202.62,5579.57,582.24,6012.94
Copy of IMG00500.JPG,conductor,1,0.1052,8764.69,5597.7,9447.35,6139.88
Copy of IMG00500.JPG,conductor,1,0.104,8492.14,5399.35,9076.72,5968.88
Copy of IMG00500.JPG,conductor,1,0.1023,1223.32,5343.55,1669.21,5902.91
Copy of IMG00500.JPG,conductor,1,0.102,423.24,5310.04,992.09,5801.88
Copy of IMG00500.JPG,conductor,1,0.0987,957.64,5594.25,1395.22,6092.57
Copy of IMG00500.JPG,conductor,1,0.0963,8992.5,5144.62,9503.93,5596.54
Copy of IMG00500.JPG,conductor,1,0.0933,336.12,5374.38,812.54,5874.38
Copy of IMG00500.JPG,conductor,1,0.0925,914.09,5652.65,1305.23,6134.67
Copy of IMG00500.JPG,conductor,1,0.0919,7495.21,4788.3,8161.62,5345.08
Copy of IMG00500.JPG,conductor,1,0.0909,8035.77,4467.88,8610.03,4869.25
Copy of IMG00500.JPG,conductor,1,0.0907,8489.85,4830.21,9246.83,5302.17
Copy of IMG00500.JPG,conductor,1,0.0893,7838.9,4964.22,8355.99,5377.18
Copy of IMG00500.JPG,conductor,1,0.0886,1308.82,5292.8,1748.98,5726.56
Copy of IMG00500.JPG,conductor,1,0.0864,1007.16,5515.0,1446.88,6065.99
Copy of IMG00500.JPG,conductor,1,0.0848,8202.27,4612.93,8782.5,5040.65
Copy of IMG00500.JPG,conductor,1,0.0815,8737.21,5024.87,9479.39,5502.21
Copy of IMG00500.JPG,conductor,1,0.0797,8663.65,4972.72,9393.26,5436.53
Copy of IMG00500.JPG,conductor,1,0.0794,2540.05,4247.82,3129.96,4703.8
Copy of IMG00500.JPG,conductor,1,0.077,8181.29,5214.27,8732.18,5734.19
Copy of IMG00500.JPG,conductor,1,0.0767,2135.22,5502.33,2616.5,6079.98
Copy of IMG00500.JPG,conductor,1,0.0754,788.96,5003.35,1295.92,5373.92
Copy of IMG00500.JPG,conductor,1,0.0747,484.12,5323.04,1048.52,5734.53
Copy of IMG00500.JPG,conductor,1,0.0739,967.73,4824.85,1465.42,5234.09
Copy of IMG00500.JPG,conductor,1,0.0733,2048.91,5643.75,2488.49,6135.37
Copy of IMG00500.JPG,conductor,1,0.0728,1557.34,5030.1,2056.1,5439.69
Copy of IMG00500.JPG,conductor,1,0.0727,8280.93,4715.8,8885.31,5126.91
Copy of IMG00500.JPG,conductor,1,0.0716,736.39,5043.93,1223.27,5413.67
Copy of IMG00500.JPG,conductor,1,0.0709,911.57,4872.37,1448.46,5296.32
Copy of IMG00500.JPG,conductor,1,0.0694,2894.38,1677.53,9504.0,2584.21
Copy of IMG00500.JPG,conductor,1,0.0688,1268.82,5422.99,1753.11,5991.33
Copy of IMG00500.JPG,conductor,1,0.0687,400.24,5424.24,915.62,5882.03
Copy of IMG00500.JPG,conductor,1,0.0683,8615.7,5497.04,9329.29,6082.28
Copy of IMG00500.JPG,conductor,1,0.0683,530.67,5178.33,1079.54,5585.34
Copy of IMG00500.JPG,conductor,1,0.0678,2265.87,5418.97,2725.03,6016.18
Copy of IMG00500.JPG,conductor,1,0.0676,7638.25,4266.13,8464.21,4774.12
Copy of IMG00500.JPG,conductor,1,0.0675,7528.73,4142.89,8236.74,4619.1
Copy of IMG00500.JPG,conductor,1,0.0661,7234.39,4539.51,7813.8,4984.17
Copy of IMG00500.JPG,conductor,1,0.065,7387.84,4637.58,7961.89,5091.6
Copy of IMG00500.JPG,conductor,1,0.0648,7060.78,4381.38,7585.21,4810.2
Copy of IMG00500.JPG,conductor,1,0.0646,844.92,4936.05,1348.3,5330.18
Copy of IMG00500.JPG,conductor,1,0.0637,9032.63,5758.14,9504.0,6279.16
Copy of IMG00500.JPG,conductor,1,0.0636,6835.98,4256.23,7410.21,4693.46
Copy of IMG00500.JPG,insulator,2,0.0631,3914.97,3117.05,4183.59,3433.73
Copy of IMG00500.JPG,conductor,1,0.062,7344.39,4025.79,8153.93,4522.95
Copy of IMG00500.JPG,conductor,1,0.0615,8033.31,5101.3,8510.9,5541.96
Copy of IMG00500.JPG,conductor,1,0.0613,7910.85,4404.12,8573.21,4841.64
Copy of IMG00500.JPG,conductor,1,0.0608,626.08,5072.62,1161.48,5477.45
Copy of IMG00500.JPG,conductor,1,0.0607,8592.48,5479.14,9179.69,6027.71
Copy of IMG00500.JPG,conductor,1,0.06,6903.5,4300.17,7456.41,4728.02
Copy of IMG00500.JPG,conductor,1,0.0598,6919.74,3781.81,7905.03,4333.31
Copy of IMG00500.JPG,conductor,1,0.0586,7264.12,3967.73,7942.84,4390.01
Copy of IMG00500.JPG,conductor,1,0.0575,1379.18,4535.99,1915.41,4893.3
Copy of IMG00500.JPG,conductor,1,0.0559,1463.46,4471.86,1930.8,4828.23
Copy of IMG00500.JPG,conductor,1,0.0558,2223.71,4492.2,2780.96,4942.96
Copy of IMG00500.JPG,conductor,1,0.0553,7118.0,4453.8,7671.21,4880.31
Copy of IMG00500.JPG,conductor,1,0.0535,9042.48,5059.01,9503.96,5545.15
Copy of IMG00500.JPG,conductor,1,0.0522,6692.6,4193.15,7313.04,4622.66
Copy of IMG00500.JPG,conductor,1,0.0518,1353.36,5242.52,1760.27,5631.97
Copy of IMG00500.JPG,conductor,1,0.0511,2086.56,5584.43,2551.7,6106.33
Copy of IMG00500.JPG,conductor,1,0.0502,9251.18,5819.1,9504.0,6283.36
Copy of IMG03519.JPG,pylon,0,0.7961,3839.16,3274.12,4417.67,6301.2
Copy of IMG03519.JPG,insulator,2,0.7587,4322.67,2903.84,4702.81,3389.61
Copy of IMG03519.JPG,insulator,2,0.6706,4381.27,4172.25,4692.03,4643.26
Copy of IMG03519.JPG,insulator,2,0.4805,4348.27,3537.1,4696.31,4022.61
Copy of IMG03519.JPG,conductor,1,0.2675,0.85,2642.94,672.22,3074.4
Copy of IMG03519.JPG,conductor,1,0.2028,6185.56,3683.89,7933.25,6260.05
Copy of IMG03519.JPG,conductor,1,0.0731,2.74,2315.29,568.23,2757.52
Copy of IMG03519.JPG,conductor,1,0.0683,1.76,2765.43,605.48,3125.95
Copy of IMG03519.JPG,insulator,2,0.0649,4375.27,3749.62,4583.86,4076.07
Copy of IMG03519.JPG,conductor,1,0.0619,8815.07,4126.23,9504.0,4785.32
Copy of IMG03519.JPG,conductor,1,0.0604,0.23,2327.53,625.94,2939.16
Copy of IMG00239.JPG,insulator,2,0.8078,5231.98,1570.18,5458.27,1835.37
Copy of IMG00239.JPG,pylon,0,0.6194,5211.4,2945.87,5727.77,5982.08
Copy of IMG00239.JPG,conductor,1,0.5928,5975.81,3231.24,7373.04,4431.25
Copy of IMG00239.JPG,insulator,2,0.5884,5859.18,1319.64,6167.18,1627.47
Copy of IMG00239.JPG,insulator,2,0.5816,2138.52,61.41,2582.82,505.2
Copy of IMG00239.JPG,insulator,2,0.4081,4511.98,2169.87,4820.63,2504.44
Copy of IMG00239.JPG,conductor,1,0.3267,2709.89,148.35,3985.94,1033.29
Copy of IMG00239.JPG,conductor,1,0.3095,5953.95,3215.09,7165.46,4171.06
Copy of IMG00239.JPG,insulator,2,0.2225,4580.46,1566.43,4809.47,1773.47
Copy of IMG00239.JPG,insulator,2,0.1803,5468.0,1718.17,6054.69,2187.23
Copy of IMG00239.JPG,conductor,1,0.1571,6921.54,3724.15,8856.97,5171.91
Copy of IMG00239.JPG,conductor,1,0.1477,910.19,5028.16,1634.46,5646.19
Copy of IMG00239.JPG,insulator,2,0.1335,5908.68,2283.06,6272.73,2640.46
Copy of IMG00239.JPG,conductor,1,0.1102,1.51,4485.28,336.15,5149.69
Copy of IMG00239.JPG,conductor,1,0.11,952.88,5431.93,1784.59,6238.45
Copy of IMG00239.JPG,conductor,1,0.1011,953.76,5195.42,1732.31,5998.39
Copy of IMG00239.JPG,insulator,2,0.0883,1174.25,0.0,1598.74,196.94
Copy of IMG00239.JPG,insulator,2,0.0707,4409.37,1714.25,4716.57,1940.4
Copy of IMG00239.JPG,conductor,1,0.0703,1.29,4544.21,260.03,5249.68
Copy of IMG00239.JPG,insulator,2,0.0684,1640.7,304.08,2148.42,654.65
Copy of IMG00239.JPG,conductor,1,0.0667,0.0,4538.77,402.45,5249.19
Copy of IMG00239.JPG,insulator,2,0.0645,5603.49,2274.84,6001.0,2604.74
Copy of IMG00239.JPG,insulator,2,0.0592,2440.58,3416.68,2801.08,3771.7
Copy of IMG00239.JPG,insulator,2,0.0509,8434.72,5424.75,8911.56,6027.86
Copy of IMG03474.JPG,conductor,1,0.765,275.85,4879.89,5722.44,5912.51
Copy of IMG03474.JPG,insulator,2,0.7449,6034.74,2982.06,6408.23,3396.19
Copy of IMG03474.JPG,conductor,1,0.7442,7772.71,4463.16,9494.39,5190.27
Copy of IMG03474.JPG,insulator,2,0.635,5477.19,2637.59,5858.96,3055.6
Copy of IMG03474.JPG,insulator,2,0.5375,6418.72,4313.26,6935.34,4888.02
Copy of IMG03474.JPG,conductor,1,0.3319,0.22,3395.88,995.02,3905.09
Copy of IMG03474.JPG,conductor,1,0.2749,7967.27,2826.88,9504.0,3261.82
Copy of IMG03474.JPG,conductor,1,0.1958,7944.47,3004.3,9504.0,3486.23
Copy of IMG03474.JPG,conductor,1,0.1869,6514.99,2848.1,7772.16,3253.77
Copy of IMG03474.JPG,insulator,2,0.1732,911.22,639.51,1120.6,821.8
Copy of IMG03474.JPG,conductor,1,0.1664,3228.47,3491.59,5021.39,4030.15
Copy of IMG03474.JPG,insulator,2,0.1476,5932.75,3785.34,6343.29,4086.59
Copy of IMG03474.JPG,conductor,1,0.1396,310.22,5125.34,5134.9,5995.72
Copy of IMG03474.JPG,conductor,1,0.1389,2.37,4419.97,970.68,5786.1
Copy of IMG03474.JPG,conductor,1,0.1049,695.05,5110.58,4053.83,5978.93
Copy of IMG03474.JPG,conductor,1,0.1035,2.03,5968.39,463.98,6336.0
Copy of IMG03474.JPG,conductor,1,0.1034,8499.19,2855.84,9502.69,3237.41
Copy of IMG03474.JPG,conductor,1,0.0832,0.0,3230.29,1174.62,3910.14
Copy of IMG03474.JPG,conductor,1,0.073,8263.14,2834.19,9502.91,3190.99
Copy of IMG03474.JPG,conductor,1,0.0693,1.68,5877.45,383.94,6335.79
Copy of IMG03474.JPG,conductor,1,0.0651,8621.68,2819.86,9504.0,3176.19
Copy of IMG03474.JPG,conductor,1,0.0624,405.25,4582.94,5742.06,5824.4
Copy of IMG03474.JPG,insulator,2,0.0608,5951.15,3817.25,6386.25,4125.62
Copy of IMG03474.JPG,conductor,1,0.0591,7922.11,2808.17,9502.75,3117.19
Copy of IMG03474.JPG,conductor,1,0.0569,0.69,5460.79,765.93,6042.63
Copy of IMG03474.JPG,conductor,1,0.0539,8101.28,3159.72,9487.85,3477.39
Copy of IMG00140.JPG,pylon,0,0.8656,4719.18,3051.17,5286.58,6320.83
Copy of IMG00140.JPG,insulator,2,0.8655,4488.94,2322.21,4856.27,2626.83
Copy of IMG00140.JPG,insulator,2,0.8074,5049.11,1876.91,5398.56,2182.2
Copy of IMG00140.JPG,insulator,2,0.5953,4580.2,1938.72,4916.58,2195.12
Copy of IMG00140.JPG,insulator,2,0.5461,5012.68,2352.13,5262.15,2612.56
Copy of IMG00140.JPG,conductor,1,0.4657,1690.64,4106.29,2640.78,4681.51
Copy of IMG00140.JPG,conductor,1,0.4343,7715.7,2605.12,9059.42,3055.02
Copy of IMG00140.JPG,conductor,1,0.4286,629.35,4591.36,1591.12,5183.79
Copy of IMG00140.JPG,insulator,2,0.4052,5302.19,2691.78,5620.09,2959.34
Copy of IMG00140.JPG,conductor,1,0.389,7294.58,3336.47,8727.86,4027.04
Copy of IMG00140.JPG,insulator,2,0.387,5252.75,2274.34,5568.77,2544.04
Copy of IMG00140.JPG,conductor,1,0.3741,5860.89,2828.34,6880.77,3431.64
Copy of IMG00140.JPG,conductor,1,0.3729,2.23,5001.57,712.52,5789.96
Copy of IMG00140.JPG,conductor,1,0.3661,8768.97,3645.68,9504.0,4553.47
Copy of IMG00140.JPG,conductor,1,0.3482,2258.71,2560.62,3517.88,3340.88
Copy of IMG00140.JPG,conductor,1,0.3452,761.34,4520.97,1671.24,5081.57
Copy of IMG00140.JPG,conductor,1,0.3312,180.7,3620.43,1384.93,4194.99
Copy of IMG00140.JPG,conductor,1,0.3128,8399.6,2781.42,9399.74,3194.36
Copy of IMG00140.JPG,conductor,1,0.3064,3.08,4038.5,477.21,4547.04
Copy of IMG00140.JPG,conductor,1,0.2998,2418.76,3666.27,3464.4,4331.65
Copy of IMG00140.JPG,conductor,1,0.2963,9.38,4935.77,732.87,5610.37
Copy of IMG00140.JPG,conductor,1,0.2891,7782.71,3016.73,8697.1,3416.22
Copy of IMG00140.JPG,conductor,1,0.2878,7644.3,2987.01,8590.51,3386.69
Copy of IMG00140.JPG,conductor,1,0.2744,166.46,4340.58,847.96,4809.05
Copy of IMG00140.JPG,conductor,1,0.2263,6581.59,3112.89,7861.39,3710.55
Copy of IMG00140.JPG,conductor,1,0.211,7958.21,2700.31,9263.73,3123.82
Copy of IMG00140.JPG,conductor,1,0.2031,9010.65,2886.28,9504.0,3351.91
Copy of IMG00140.JPG,conductor,1,0.2012,6398.32,2232.31,7827.08,2818.0
Copy of IMG00140.JPG,conductor,1,0.1942,2503.78,5081.56,3353.33,5743.25
Copy of IMG00140.JPG,conductor,1,0.1916,1075.08,3125.29,2501.32,3822.1
Copy of IMG00140.JPG,conductor,1,0.1875,8435.56,3170.64,9236.48,3572.17
Copy of IMG00140.JPG,conductor,1,0.1845,8839.42,3257.96,9503.5,3682.74
Copy of IMG00140.JPG,conductor,1,0.1806,59.2,4394.39,788.78,4835.26
Copy of IMG00140.JPG,conductor,1,0.1765,1.23,5133.35,615.52,5907.4
Copy of IMG00140.JPG,conductor,1,0.1699,7518.01,2950.1,8454.1,3363.26
Copy of IMG00140.JPG,conductor,1,0.1694,213.74,4290.03,961.35,4769.54
Copy of IMG00140.JPG,conductor,1,0.1667,1291.54,3056.44,2655.49,3764.72
Copy of IMG00140.JPG,conductor,1,0.1644,568.79,4676.21,1399.4,5245.56
Copy of IMG00140.JPG,conductor,1,0.1616,7921.31,3065.61,8879.48,3464.63
Copy of IMG00140.JPG,conductor,1,0.1611,9043.81,2970.28,9499.08,3569.71
Copy of IMG00140.JPG,conductor,1,0.1441,1246.47,4939.38,1969.75,5515.07
Copy of IMG00140.JPG,conductor,1,0.1398,71.02,4903.03,770.16,5434.22
Copy of IMG00140.JPG,conductor,1,0.1358,245.48,3512.28,1515.97,4132.38
Copy of IMG00140.JPG,conductor,1,0.1343,8208.65,3102.98,9121.64,3501.65
Copy of IMG00140.JPG,conductor,1,0.1307,8578.28,3192.51,9425.47,3605.34
Copy of IMG00140.JPG,conductor,1,0.1281,1.73,4430.44,326.14,4961.8
Copy of IMG00140.JPG,conductor,1,0.1279,7404.04,2566.64,8874.74,2982.24
Copy of IMG00140.JPG,conductor,1,0.1276,2.77,3966.99,588.55,4488.92
Copy of IMG00140.JPG,insulator,2,0.1267,5205.63,2291.0,5475.31,2557.12
Copy of IMG00140.JPG,conductor,1,0.125,824.59,3177.0,2341.25,3858.43
Copy of IMG00140.JPG,conductor,1,0.1249,8163.95,2744.91,9321.42,3148.41
Copy of IMG00140.JPG,conductor,1,0.1225,545.42,4766.33,1209.78,5269.67
Copy of IMG00140.JPG,conductor,1,0.1195,8602.01,2824.07,9502.48,3274.39
Copy of IMG00140.JPG,conductor,1,0.1182,1.08,4071.1,429.63,4741.1
Copy of IMG00140.JPG,conductor,1,0.1168,8992.85,3184.78,9502.63,3684.28
Copy of IMG00140.JPG,conductor,1,0.1148,7460.27,2921.72,8244.2,3313.53
Copy of IMG00140.JPG,conductor,1,0.1141,1160.58,4991.45,1911.0,5565.8
Copy of IMG00140.JPG,conductor,1,0.1132,2011.47,5544.16,2815.77,6172.03
Copy of IMG00140.JPG,conductor,1,0.1112,1055.23,5115.62,1764.15,5676.62
Copy of IMG00140.JPG,conductor,1,0.111,8403.53,3611.81,9497.16,4333.38
Copy of IMG00140.JPG,conductor,1,0.1101,4013.25,2995.99,4646.75,3437.52
Copy of IMG00140.JPG,conductor,1,0.1098,5823.81,2830.55,6665.28,3369.99
Copy of IMG00140.JPG,conductor,1,0.1091,7596.84,3408.21,8821.57,4048.75
Copy of IMG00140.JPG,conductor,1,0.109,1357.54,4866.83,2067.57,5442.41
Copy of IMG00140.JPG,conductor,1,0.1063,8860.85,2819.86,9504.0,3309.46
Copy of IMG00140.JPG,conductor,1,0.1053,9108.18,2960.9,9502.81,3380.74
Copy of IMG00140.JPG,conductor,1,0.1052,1124.74,5050.95,1805.71,5607.16
Copy of IMG00140.JPG,conductor,1,0.1052,4247.49,2913.72,4762.76,3367.88
Copy of IMG00140.JPG,insulator,2,0.1051,4875.66,2749.72,5170.52,2961.15
Copy of IMG00140.JPG,conductor,1,0.1032,4142.06,2944.69,4714.07,3406.73
Copy of IMG00140.JPG,conductor,1,0.1027,4373.92,2900.98,4782.22,3338.56
Copy of IMG00140.JPG,conductor,1,0.0983,9099.48,3658.34,9503.94,4699.58
Copy of IMG00140.JPG,conductor,1,0.0947,6926.42,2786.58,7662.57,3188.95
Copy of IMG00140.JPG,conductor,1,0.0896,922.88,4477.17,1795.82,4985.38
Copy of IMG00140.JPG,conductor,1,0.0876,807.47,3961.72,1674.23,4440.95
Copy of IMG00140.JPG,conductor,1,0.0869,0.59,5362.95,458.77,5999.87
Copy of IMG00140.JPG,conductor,1,0.0869,1.67,5234.72,480.36,5917.61
Copy of IMG00140.JPG,conductor,1,0.0864,283.09,4220.34,1031.34,4738.65
Copy of IMG00140.JPG,conductor,1,0.0861,7591.97,2632.76,9103.82,3158.28
Copy of IMG00140.JPG,conductor,1,0.0846,1708.64,4607.71,2725.06,5270.02
Copy of IMG00140.JPG,conductor,1,0.0832,718.74,4020.76,1559.65,4497.91
Copy of IMG00140.JPG,conductor,1,0.0818,1178.3,3764.56,2101.36,4254.11
Copy of IMG00140.JPG,conductor,1,0.081,2633.67,3499.55,3772.77,4225.81
Copy of IMG00140.JPG,conductor,1,0.0804,39.08,3781.69,1027.04,4292.8
Copy of IMG00140.JPG,conductor,1,0.0801,1798.23,2610.7,3426.35,3492.54
Copy of IMG00140.JPG,insulator,2,0.0798,4607.26,1921.84,4971.94,2173.73
Copy of IMG00140.JPG,conductor,1,0.0785,439.86,4164.9,1262.26,4652.18
Copy of IMG00140.JPG,conductor,1,0.0783,2077.44,5395.59,3067.17,6119.7
Copy of IMG00140.JPG,insulator,2,0.0781,4997.8,2396.85,5279.79,2644.13
Copy of IMG00140.JPG,conductor,1,0.078,8898.88,3037.32,9504.0,3640.83
Copy of IMG00140.JPG,conductor,1,0.0768,6514.23,2268.28,8127.07,2874.37
Copy of IMG00140.JPG,conductor,1,0.0768,563.8,4074.53,1389.08,4563.2
Copy of IMG00140.JPG,conductor,1,0.0744,9219.31,3301.41,9503.77,3760.07
Copy of IMG00140.JPG,conductor,1,0.0723,3746.79,5212.47,4635.69,6026.03
Copy of IMG00140.JPG,conductor,1,0.0715,1043.11,3836.48,1955.03,4328.9
Copy of IMG00140.JPG,conductor,1,0.0714,6972.84,3242.93,8598.02,3971.16
Copy of IMG00140.JPG,conductor,1,0.0695,1.22,4065.64,362.43,4590.75
Copy of IMG00140.JPG,conductor,1,0.0687,1753.57,3377.01,2691.84,3931.09
Copy of IMG00140.JPG,conductor,1,0.0677,1.48,4458.22,475.88,4948.74
Copy of IMG00140.JPG,conductor,1,0.0669,6026.8,3012.26,7780.85,3683.87
Copy of IMG00140.JPG,conductor,1,0.0656,0.0,3903.31,823.12,4448.79
Copy of IMG00140.JPG,conductor,1,0.0654,1.3,5236.31,332.95,5888.38
Copy of IMG00140.JPG,conductor,1,0.0642,0.94,5143.87,377.59,5815.82
Copy of IMG00140.JPG,conductor,1,0.0637,9.49,4427.96,692.07,4892.84
Copy of IMG00140.JPG,conductor,1,0.0635,1118.01,4417.74,1895.56,4890.33
Copy of IMG00140.JPG,conductor,1,0.0633,8950.9,3719.63,9504.0,4602.52
Copy of IMG00140.JPG,conductor,1,0.0628,1.84,4551.01,351.68,5013.07
Copy of IMG00140.JPG,conductor,1,0.0615,2273.05,5211.17,3218.35,5888.07
Copy of IMG00140.JPG,conductor,1,0.0614,5849.89,2909.95,7463.36,3545.05
Copy of IMG00140.JPG,conductor,1,0.0608,3464.03,3198.96,4344.66,3821.59
Copy of IMG00140.JPG,conductor,1,0.0602,1529.32,4174.01,2494.43,4721.41
Copy of IMG00140.JPG,conductor,1,0.0532,471.21,3545.64,1590.89,4055.21
Copy of IMG00140.JPG,conductor,1,0.0524,1397.36,3309.89,2650.47,3966.77
Copy of IMG00140.JPG,conductor,1,0.0518,927.97,3881.63,1885.11,4368.53
Copy of IMG00140.JPG,conductor,1,0.051,7790.55,3485.75,9416.04,4178.13
Copy of IMG00140.JPG,conductor,1,0.0509,1451.24,4778.74,2264.34,5352.23
Copy of IMG00420.JPG,conductor,1,0.8458,3007.97,3596.82,4379.69,5001.32
Copy of IMG00420.JPG,insulator,2,0.8281,5545.09,2668.85,5842.64,3091.79
Copy of IMG00420.JPG,pylon,0,0.7855,4714.57,2850.12,5240.96,6266.9
Copy of IMG00420.JPG,insulator,2,0.7169,4497.68,2427.95,4779.63,2785.09
Copy of IMG00420.JPG,insulator,2,0.6796,5031.29,2139.33,5341.74,2463.4
Copy of IMG00420.JPG,pylon,0,0.6332,4826.57,2978.43,5291.23,6336.0
Copy of IMG00420.JPG,conductor,1,0.4147,2443.89,5382.97,3144.66,6023.85
Copy of IMG00420.JPG,conductor,1,0.3325,2914.13,5660.31,3383.73,6283.09
Copy of IMG00420.JPG,conductor,1,0.3252,4965.29,1439.75,5427.09,1874.18
Copy of IMG00420.JPG,conductor,1,0.2775,2517.19,5005.11,3327.0,5726.6
Copy of IMG00420.JPG,conductor,1,0.2613,5478.66,39.85,6340.53,1413.39
Copy of IMG00420.JPG,conductor,1,0.2567,6451.32,39.29,7440.51,1810.09
Copy of IMG00420.JPG,conductor,1,0.2561,4933.7,1569.87,5353.27,1948.45
Copy of IMG00420.JPG,conductor,1,0.2142,3795.05,5287.5,4580.71,6233.2
Copy of IMG00420.JPG,conductor,1,0.1763,3895.57,3003.17,4508.62,3470.95
Copy of IMG00420.JPG,insulator,2,0.1602,5505.84,2671.75,5809.01,3013.83
Copy of IMG00420.JPG,insulator,2,0.1597,4387.02,1990.61,4598.41,2229.56
Copy of IMG00420.JPG,conductor,1,0.1526,4928.36,1618.58,5282.64,1965.7
Copy of IMG00420.JPG,conductor,1,0.1457,8905.4,3634.53,9495.24,4110.7
Copy of IMG00420.JPG,conductor,1,0.1419,2955.56,5580.7,3470.28,6271.24
Copy of IMG00420.JPG,conductor,1,0.1397,2586.05,4940.68,3414.83,5624.69
Copy of IMG00420.JPG,conductor,1,0.1375,6601.54,2152.51,7790.7,2825.34
Copy of IMG00420.JPG,conductor,1,0.1314,8946.41,3702.35,9500.51,4060.65
Copy of IMG00420.JPG,conductor,1,0.1214,384.71,5138.33,921.58,5659.34
Copy of IMG00420.JPG,conductor,1,0.1147,2458.14,5564.95,3007.92,6090.2
Copy of IMG00420.JPG,conductor,1,0.1087,3948.53,2921.87,4508.9,3374.51
Copy of IMG00420.JPG,conductor,1,0.1058,8268.73,3254.54,8904.77,3669.29
Copy of IMG00420.JPG,conductor,1,0.1016,3110.69,3640.7,4379.43,4695.02
Copy of IMG00420.JPG,pylon_fissure,3,0.0973,4876.18,5255.72,5011.15,6287.22
Copy of IMG00420.JPG,conductor,1,0.083,383.38,5121.98,962.77,5926.81
Copy of IMG00420.JPG,conductor,1,0.0729,4148.25,4697.14,4864.71,5533.26
Copy of IMG00420.JPG,conductor,1,0.072,5026.84,1374.55,5498.53,1789.57
Copy of IMG00420.JPG,conductor,1,0.0715,2487.05,5141.37,3278.3,5935.77
Copy of IMG00420.JPG,conductor,1,0.0707,5238.71,1751.55,5541.32,2019.47
Copy of IMG00420.JPG,conductor,1,0.0703,5334.35,3082.07,5621.22,3518.01
Copy of IMG00420.JPG,conductor,1,0.0702,3358.65,4877.89,3863.73,5490.59
Copy of IMG00420.JPG,conductor,1,0.0697,448.06,5547.86,901.36,6001.11
Copy of IMG00420.JPG,conductor,1,0.0622,3019.56,5448.57,3515.25,6143.64
Copy of IMG00420.JPG,conductor,1,0.0585,4900.09,1670.95,5242.59,1989.68
Copy of IMG00420.JPG,conductor,1,0.0585,1.92,2524.38,416.89,3132.92
Copy of IMG00420.JPG,conductor,1,0.058,3293.18,5006.17,3786.2,5552.81
Copy of IMG00420.JPG,conductor,1,0.0558,2434.68,5643.81,2928.0,6135.73
Copy of IMG00420.JPG,conductor,1,0.0548,6268.94,1063.78,6938.05,1904.97
Copy of IMG00420.JPG,conductor,1,0.0517,4484.96,3011.2,4824.39,3488.0
Copy of IMG00420.JPG,conductor,1,0.0516,8842.94,3590.93,9500.23,4004.47
Copy of IMG00420.JPG,conductor,1,0.0516,3859.26,4945.85,4704.87,6148.36
Copy of IMG00420.JPG,conductor,1,0.0515,6636.64,2128.78,7732.0,2601.19
Copy of IMG00420.JPG,conductor,1,0.0508,5303.99,3114.23,5574.05,3523.86
Copy of IMG00420.JPG,conductor,1,0.0501,1.16,2489.51,302.1,3062.4
Copy of IMG00495.JPG,conductor,1,0.5687,0.71,3665.66,1335.78,5294.02
Copy of IMG00495.JPG,conductor,1,0.3774,5433.04,3498.29,9504.0,4552.67
Copy of IMG00495.JPG,insulator,2,0.3052,4957.63,2658.43,5144.94,2851.01
Copy of IMG00495.JPG,pylon,0,0.2911,4415.49,2708.07,5054.25,4848.75
Copy of IMG00495.JPG,conductor,1,0.2041,5498.11,3748.19,9504.0,4794.19
Copy of IMG00495.JPG,pylon,0,0.1742,4326.32,2701.49,5130.16,5376.27
Copy of IMG00495.JPG,conductor,1,0.1399,5495.52,2761.0,9504.0,3428.47
Copy of IMG00495.JPG,conductor,1,0.1267,5456.55,3160.13,9504.0,3813.03
Copy of IMG00495.JPG,conductor,1,0.1237,5411.4,2927.45,9504.0,3728.99
Copy of IMG00495.JPG,conductor,1,0.0872,5416.51,3121.71,9504.0,3992.57
Copy of IMG00495.JPG,insulator,2,0.0849,4217.49,2634.38,4423.55,2863.1
Copy of IMG00495.JPG,conductor,1,0.0591,5439.67,3308.23,9504.0,4266.75
Copy of IMG03457.JPG,pylon,0,0.9264,4186.46,3682.87,5030.35,6278.09
Copy of IMG03457.JPG,insulator,2,0.901,5382.36,3134.25,5704.81,3472.74
Copy of IMG03457.JPG,pylon,0,0.8763,5400.12,4112.76,6240.98,6281.29
Copy of IMG03457.JPG,insulator,2,0.7732,3635.12,2917.49,4024.36,3356.0
Copy of IMG03457.JPG,conductor,1,0.7397,2430.71,5091.23,3564.0,6299.08
Copy of IMG03457.JPG,conductor,1,0.6936,4672.58,1895.25,6685.13,2560.89
Copy of IMG03457.JPG,conductor,1,0.6833,5888.48,2587.41,7376.61,3195.17
Copy of IMG03457.JPG,insulator,2,0.6556,4109.19,2576.35,4486.3,2928.53
Copy of IMG03457.JPG,conductor,1,0.526,8142.84,2712.51,9502.44,3300.88
Copy of IMG03457.JPG,conductor,1,0.5114,6977.08,2088.99,8845.62,2715.59
Copy of IMG03457.JPG,conductor,1,0.4795,7187.66,2047.57,8956.47,2576.14
Copy of IMG03457.JPG,insulator,2,0.4791,4962.49,3567.62,5287.24,3877.04
Copy of IMG03457.JPG,conductor,1,0.4469,3139.79,3446.93,3934.03,4486.02
Copy of IMG03457.JPG,conductor,1,0.3993,5706.36,1625.75,7529.42,2257.28
Copy of IMG03457.JPG,conductor,1,0.391,7160.93,1228.24,9096.0,1757.98
Copy of IMG03457.JPG,conductor,1,0.2671,5500.66,1698.68,7333.85,2326.45
Copy of IMG03457.JPG,conductor,1,0.2383,1693.75,4462.47,3332.95,5067.57
Copy of IMG03457.JPG,pylon,0,0.2375,6204.58,4608.65,6575.02,6283.28
Copy of IMG03457.JPG,insulator,2,0.2337,6714.19,3810.61,7090.38,4167.55
Copy of IMG03457.JPG,conductor,1,0.2297,8624.74,1550.35,9503.53,2182.87
Copy of IMG03457.JPG,conductor,1,0.2163,1440.55,4492.82,3219.62,5145.23
Copy of IMG03457.JPG,conductor,1,0.2157,4855.49,1786.34,6974.72,2398.26
Copy of IMG03457.JPG,insulator,2,0.1988,6379.51,4229.04,6637.06,4556.73
Copy of IMG03457.JPG,conductor,1,0.1912,7856.58,2736.51,9502.98,3407.92
Copy of IMG03457.JPG,conductor,1,0.1739,1378.25,4575.69,2732.73,5252.57
Copy of IMG03457.JPG,conductor,1,0.1576,2875.91,3468.21,3939.25,4549.68
Copy of IMG03457.JPG,conductor,1,0.1404,7264.07,1981.03,9137.63,2517.12
Copy of IMG03457.JPG,conductor,1,0.1284,6034.03,2553.29,7600.78,3030.09
Copy of IMG03457.JPG,conductor,1,0.121,6211.03,4594.8,6592.16,6289.83
Copy of IMG03457.JPG,conductor,1,0.1142,8385.55,2743.36,9498.63,3222.28
Copy of IMG03457.JPG,conductor,1,0.0951,6798.45,2204.07,8546.04,2832.95
Copy of IMG03457.JPG,conductor,1,0.0929,7692.31,3037.38,8717.36,3594.47
Copy of IMG03457.JPG,insulator,2,0.0774,6684.51,3804.32,7110.44,4280.11
Copy of IMG03457.JPG,insulator,2,0.0723,5758.31,3055.85,6088.75,3337.96
Copy of IMG03457.JPG,conductor,1,0.0714,8536.2,1795.52,9498.22,2182.54
Copy of IMG03457.JPG,conductor,1,0.0681,3293.72,3437.87,3893.7,4243.54
Copy of IMG03457.JPG,conductor,1,0.0656,7729.37,2958.9,9491.54,3597.16
Copy of IMG03457.JPG,conductor,1,0.0655,6022.4,1580.98,7595.82,2208.62
Copy of IMG03457.JPG,conductor,1,0.0608,5345.47,1855.92,6896.83,2308.45
Copy of IMG03457.JPG,conductor,1,0.0513,5895.92,2501.39,7733.52,3144.15
Copy of IMG03457.JPG,conductor,1,0.0511,8267.67,2528.51,9502.24,3222.6
Copy of IMG03457.JPG,conductor,1,0.0505,7741.91,1687.46,9503.35,2236.32
Copy of IMG03457.JPG,conductor,1,0.0505,8755.6,1373.8,9504.0,2164.08
Copy of IMG00418.JPG,insulator,2,0.8454,4507.37,2571.89,4868.57,2936.96
Copy of IMG00418.JPG,insulator,2,0.8446,5950.41,2638.16,6274.58,2970.61
Copy of IMG00418.JPG,conductor,1,0.6891,5789.4,4906.84,6474.69,6268.52
Copy of IMG00418.JPG,insulator,2,0.6039,5283.51,2157.3,5659.9,2534.35
Copy of IMG00418.JPG,conductor,1,0.3863,4696.52,3011.06,4979.22,3658.9
Copy of IMG00418.JPG,conductor,1,0.3721,6400.67,4985.96,7081.25,6223.41
Copy of IMG00418.JPG,conductor,1,0.2629,6065.03,3596.73,6798.02,4733.78
Copy of IMG00418.JPG,conductor,1,0.2403,5996.63,3046.08,6320.39,3606.0
Copy of IMG00418.JPG,conductor,1,0.2116,4649.34,3233.0,5266.75,5224.32
Copy of IMG00418.JPG,conductor,1,0.1859,6290.17,4726.43,7101.69,6074.07
Copy of IMG00418.JPG,conductor,1,0.1767,4981.29,3047.33,5363.67,3878.67
Copy of IMG00418.JPG,conductor,1,0.1671,5771.17,4870.18,6445.6,5946.16
Copy of IMG00418.JPG,conductor,1,0.1639,4734.2,3043.32,5068.71,3680.71
Copy of IMG00418.JPG,conductor,1,0.156,5048.35,2928.06,5408.91,3885.23
Copy of IMG00418.JPG,conductor,1,0.1549,6488.83,5310.88,7058.3,6221.78
Copy of IMG00418.JPG,conductor,1,0.1499,5560.91,2971.51,5855.15,3549.54
Copy of IMG00418.JPG,conductor,1,0.1181,5387.34,2738.32,5656.1,3166.66
Copy of IMG00418.JPG,conductor,1,0.1156,5576.79,3287.22,5998.03,4492.88
Copy of IMG00418.JPG,conductor,1,0.1145,5600.48,3060.43,5876.01,3638.58
Copy of IMG00418.JPG,conductor,1,0.1124,4693.15,3019.43,5021.53,3869.01
Copy of IMG00418.JPG,conductor,1,0.1073,5535.24,4229.12,6117.68,5026.07
Copy of IMG00418.JPG,conductor,1,0.1033,5385.61,2763.74,5677.7,3308.27
Copy of IMG00418.JPG,conductor,1,0.1019,6151.94,3657.62,6950.77,5197.22
Copy of IMG00418.JPG,conductor,1,0.1001,4839.14,3097.96,5167.41,3768.44
Copy of IMG00418.JPG,conductor,1,0.0999,5519.06,2845.21,5810.92,3479.94
Copy of IMG00418.JPG,conductor,1,0.0981,6205.95,4414.49,7067.32,5463.62
Copy of IMG00418.JPG,conductor,1,0.0958,4578.43,3021.49,4994.51,3764.99
Copy of IMG00418.JPG,conductor,1,0.0943,2392.36,4978.61,3349.03,5764.8
Copy of IMG00418.JPG,conductor,1,0.093,5986.63,3079.21,6358.56,3725.86
Copy of IMG00418.JPG,conductor,1,0.0895,4104.19,3080.32,4518.91,3518.32
Copy of IMG00418.JPG,conductor,1,0.0895,5597.04,3114.45,5891.84,3803.56
Copy of IMG00418.JPG,conductor,1,0.0878,5092.67,2766.45,5405.0,3776.66
Copy of IMG00418.JPG,conductor,1,0.079,5053.69,2878.51,5365.39,3475.35
Copy of IMG00418.JPG,conductor,1,0.0772,5592.44,3177.08,5928.48,4284.32
Copy of IMG00418.JPG,conductor,1,0.0753,4648.68,3027.33,4956.71,3591.08
Copy of IMG00418.JPG,conductor,1,0.0746,4016.98,3054.78,4456.61,3513.52
Copy of IMG00418.JPG,conductor,1,0.0741,4668.99,3115.95,5029.73,4073.5
Copy of IMG00418.JPG,conductor,1,0.0721,5644.55,3015.11,5944.86,3516.43
Copy of IMG00418.JPG,conductor,1,0.0707,5918.82,3040.25,6259.64,3585.3
Copy of IMG00418.JPG,conductor,1,0.0688,3132.5,5618.65,3658.96,6259.33
Copy of IMG00418.JPG,conductor,1,0.0667,5548.21,3181.2,5853.86,3766.7
Copy of IMG00418.JPG,conductor,1,0.0625,5925.54,5291.95,6510.06,6292.15
Copy of IMG00418.JPG,conductor,1,0.0568,5093.25,2828.48,5428.02,3422.95
Copy of IMG00418.JPG,conductor,1,0.0566,5524.69,3251.08,5880.33,3992.83
Copy of IMG00418.JPG,conductor,1,0.0552,5072.66,2833.32,5332.29,3246.76
Copy of IMG00418.JPG,conductor,1,0.0547,5437.42,2766.93,5751.65,3256.39
Copy of IMG00418.JPG,conductor,1,0.0529,2924.66,5410.5,3473.58,5876.87
Copy of IMG00418.JPG,conductor,1,0.0528,5402.32,2710.35,5642.99,3026.82
Copy of IMG00418.JPG,conductor,1,0.0521,4858.95,3018.01,5137.74,3622.78
Copy of IMG00418.JPG,conductor,1,0.0508,4190.17,3083.2,4584.02,3518.69
Copy of IMG00418.JPG,conductor,1,0.0501,2963.3,5454.93,3536.26,5979.46
Copy of IMG00106.JPG,pylon,0,0.9385,3854.53,3154.31,4269.87,6280.4
Copy of IMG00106.JPG,insulator,2,0.9169,3429.11,3029.04,3687.65,3350.07
Copy of IMG00106.JPG,insulator,2,0.8292,3873.86,2524.51,4169.06,2859.09
Copy of IMG00106.JPG,insulator,2,0.7972,4429.33,2911.48,4685.34,3196.14
Copy of IMG00106.JPG,conductor,1,0.7647,4334.76,4591.48,5260.71,5589.19
Copy of IMG00106.JPG,conductor,1,0.4103,2391.38,1644.23,2973.28,2244.5
Copy of IMG00106.JPG,conductor,1,0.2877,4673.97,5304.14,5533.01,6138.69
Copy of IMG00106.JPG,conductor,1,0.2644,2848.1,2413.82,3458.25,2903.02
Copy of IMG00106.JPG,conductor,1,0.2587,1993.25,108.98,2556.72,561.58
Copy of IMG00106.JPG,conductor,1,0.2013,5479.29,4618.44,6464.45,5284.34
Copy of IMG00106.JPG,conductor,1,0.1876,2486.85,1874.71,3055.35,2309.2
Copy of IMG00106.JPG,conductor,1,0.1872,5882.83,5129.37,6759.0,5700.41
Copy of IMG00106.JPG,conductor,1,0.1748,2400.84,1636.39,2893.78,2036.36
Copy of IMG00106.JPG,conductor,1,0.1705,1637.68,726.15,2251.93,1289.27
Copy of IMG00106.JPG,conductor,1,0.1595,4501.08,4846.88,5493.69,6051.55
Copy of IMG00106.JPG,conductor,1,0.1393,4500.12,3332.39,4972.41,3936.96
Copy of IMG00106.JPG,conductor,1,0.1361,2500.47,725.01,3081.73,1155.76
Copy of IMG00106.JPG,conductor,1,0.1348,4559.63,3310.9,5228.6,3952.46
Copy of IMG00106.JPG,conductor,1,0.1329,1723.46,812.84,2346.99,1377.93
Copy of IMG00106.JPG,conductor,1,0.1273,2929.08,2508.67,3469.67,2892.46
Copy of IMG00106.JPG,conductor,1,0.121,2446.32,1770.46,3030.63,2284.97
Copy of IMG00106.JPG,conductor,1,0.113,4163.82,4207.36,4722.17,4991.98
Copy of IMG00106.JPG,conductor,1,0.1084,3157.48,1504.49,3811.23,2031.24
Copy of IMG00106.JPG,conductor,1,0.108,2645.76,871.01,3181.64,1262.8
Copy of IMG00106.JPG,conductor,1,0.1021,2107.61,1291.69,2609.71,1720.69
Copy of IMG00106.JPG,conductor,1,0.0993,5563.39,4730.0,6585.22,5459.14
Copy of IMG00106.JPG,conductor,1,0.0976,4649.72,3323.21,5348.81,3975.65
Copy of IMG00106.JPG,conductor,1,0.0968,5991.75,5365.65,6938.98,6095.05
Copy of IMG00106.JPG,conductor,1,0.0961,4759.17,5406.44,5594.87,6197.76
Copy of IMG00106.JPG,conductor,1,0.0948,4649.76,3328.3,5251.23,3818.74
Copy of IMG00106.JPG,conductor,1,0.0917,1763.45,905.9,2411.58,1399.15
Copy of IMG00106.JPG,conductor,1,0.0891,2048.03,1227.22,2583.17,1690.55
Copy of IMG00106.JPG,conductor,1,0.0891,1595.02,660.85,2164.57,1091.8
Copy of IMG00106.JPG,conductor,1,0.0861,6312.81,5625.66,7042.67,6246.79
Copy of IMG00106.JPG,pylon_fissure,3,0.084,4024.43,4860.46,4177.1,6290.03
Copy of IMG00106.JPG,conductor,1,0.0835,1932.12,1101.83,2536.61,1646.95
Copy of IMG00106.JPG,conductor,1,0.082,4613.62,3392.69,5274.67,3905.77
Copy of IMG00106.JPG,conductor,1,0.0808,2575.61,805.78,3137.64,1177.49
Copy of IMG00106.JPG,conductor,1,0.08,2995.87,2600.27,3480.43,2932.32
Copy of IMG00106.JPG,conductor,1,0.0798,1387.3,418.92,2024.37,1066.73
Copy of IMG00106.JPG,conductor,1,0.0797,2635.65,877.69,3260.0,1365.1
Copy of IMG00106.JPG,conductor,1,0.0796,5939.67,5188.51,6833.79,5833.3
Copy of IMG00106.JPG,conductor,1,0.0795,1355.1,301.27,1903.38,751.97
Copy of IMG00106.JPG,conductor,1,0.0793,1653.0,713.23,2210.08,1161.63
Copy of IMG00106.JPG,conductor,1,0.079,5372.33,4493.62,6415.98,5180.44
Copy of IMG00106.JPG,pylon_fissure,3,0.0774,4036.66,5229.27,4174.58,6288.75
Copy of IMG00106.JPG,conductor,1,0.076,5757.71,5057.86,6675.87,5656.48
Copy of IMG00106.JPG,conductor,1,0.0746,4458.36,3330.12,4893.21,3855.15
Copy of IMG00106.JPG,conductor,1,0.0739,2218.82,1551.97,2854.52,1986.89
Copy of IMG00106.JPG,conductor,1,0.0728,1133.38,0.0,1499.33,333.43
Copy of IMG00106.JPG,conductor,1,0.0695,4790.74,3797.44,5914.87,4624.19
Copy of IMG00106.JPG,conductor,1,0.0673,1523.69,577.07,2164.51,1148.75
Copy of IMG00106.JPG,conductor,1,0.0665,2889.0,2362.74,3384.36,2736.53
Copy of IMG00106.JPG,conductor,1,0.0655,2570.75,791.76,3222.61,1270.93
Copy of IMG00106.JPG,pylon_fissure,3,0.0654,4013.4,4482.35,4186.5,6286.61
Copy of IMG00106.JPG,conductor,1,0.0645,4456.94,3315.91,4787.15,3799.21
Copy of IMG00106.JPG,conductor,1,0.0626,4690.32,3451.26,5364.18,3934.85
Copy of IMG00106.JPG,conductor,1,0.0609,4384.51,3250.02,4720.0,3748.73
Copy of IMG00106.JPG,conductor,1,0.06,4148.74,4156.5,4623.94,4912.7
Copy of IMG00106.JPG,conductor,1,0.0588,4527.34,3350.23,5114.43,3887.19
Copy of IMG00106.JPG,conductor,1,0.0561,4771.27,3692.67,5853.69,4472.11
Copy of IMG00106.JPG,conductor,1,0.0555,4650.9,3291.68,5223.85,3707.55
Copy of IMG00106.JPG,conductor,1,0.0549,2151.74,1448.28,2745.95,1880.9
Copy of IMG00106.JPG,conductor,1,0.0546,1339.97,303.06,1963.2,929.8
Copy of IMG00106.JPG,conductor,1,0.0537,1824.04,985.75,2462.18,1467.52
Copy of IMG00106.JPG,conductor,1,0.052,1278.88,241.97,1817.45,671.19
Copy of IMG00106.JPG,conductor,1,0.0519,2132.92,1392.99,2660.79,1801.0
Copy of IMG00106.JPG,conductor,1,0.0514,3652.4,2097.76,4063.89,2420.65
Copy of IMG00106.JPG,conductor,1,0.0511,2540.25,1950.86,3108.35,2345.38
Copy of IMG00106.JPG,conductor,1,0.0503,3150.87,3448.85,3548.5,3918.7
Copy of IMG00226.JPG,insulator,2,0.8619,4866.33,2812.65,5141.68,3092.62
Copy of IMG00226.JPG,insulator,2,0.6065,5803.76,3038.15,6059.67,3309.77
Copy of IMG00226.JPG,insulator,2,0.5918,4438.01,3428.46,4722.91,3658.62
Copy of IMG00226.JPG,insulator,2,0.5761,3959.34,2944.5,4252.67,3209.4
Copy of IMG00226.JPG,insulator,2,0.4425,5306.48,3444.19,5655.73,3730.44
Copy of IMG00226.JPG,insulator,2,0.3869,3986.5,2785.67,4245.34,3004.47
Copy of IMG00226.JPG,conductor,1,0.3763,5627.01,3526.36,5918.67,6309.04
Copy of IMG00226.JPG,conductor,1,0.282,4835.0,4046.13,5358.92,6295.91
Copy of IMG00226.JPG,conductor,1,0.2413,0.0,3254.59,3258.79,3944.99
Copy of IMG00226.JPG,insulator,2,0.235,4322.22,3890.79,4660.3,4126.58
Copy of IMG00226.JPG,pylon,0,0.2048,4739.69,4109.57,5312.52,6282.9
Copy of IMG00226.JPG,conductor,1,0.197,4573.96,4066.1,5353.54,6281.88
Copy of IMG00226.JPG,conductor,1,0.1803,4427.34,4127.91,5024.41,6283.48
Copy of IMG00226.JPG,conductor,1,0.1529,5131.64,1051.25,5484.57,2550.2
Copy of IMG00226.JPG,insulator,2,0.1319,3938.37,2783.8,4244.34,3061.79
Copy of IMG00226.JPG,insulator,2,0.1251,4552.57,3051.25,4817.75,3298.67
Copy of IMG00226.JPG,insulator,2,0.1153,4525.66,3065.48,4770.03,3295.63
Copy of IMG00226.JPG,conductor,1,0.1053,37.9,4068.39,3206.47,4662.4
Copy of IMG00226.JPG,insulator,2,0.0805,4772.0,3459.27,4997.53,3698.52
Copy of IMG00226.JPG,insulator,2,0.0781,5477.33,3097.68,5754.43,3366.15
Copy of IMG00226.JPG,conductor,1,0.0771,3187.77,3047.58,3895.88,3413.79
Copy of IMG00226.JPG,insulator,2,0.0767,5404.31,3088.23,5725.86,3368.96
Copy of IMG00226.JPG,insulator,2,0.0711,5218.74,3915.63,5661.81,4175.67
Copy of IMG00226.JPG,insulator,2,0.0594,4747.83,3665.65,4983.65,3883.03
Copy of IMG00226.JPG,conductor,1,0.0547,0.0,3387.73,3563.11,3906.77
Copy of IMG00226.JPG,insulator,2,0.0517,5242.4,3427.0,5584.68,3709.5
Copy of IMG00371.JPG,insulator,2,0.5839,4137.6,2393.9,4440.6,2628.89
Copy of IMG00371.JPG,pylon,0,0.4257,4488.58,2661.24,5118.27,6286.42
Copy of IMG00371.JPG,insulator,2,0.4184,5065.43,2274.48,5302.57,2493.46
Copy of IMG00371.JPG,insulator,2,0.3423,4509.94,2285.54,4780.33,2499.65
Copy of IMG00371.JPG,insulator,2,0.2097,4197.3,2385.68,4495.43,2633.35
Copy of IMG00371.JPG,insulator,2,0.1973,4697.11,2322.04,4899.17,2533.37
Copy of IMG00371.JPG,pylon,0,0.1786,4550.71,2674.75,5064.46,5455.01
Copy of IMG00371.JPG,insulator,2,0.1525,4929.5,2224.81,5221.08,2409.19
Copy of IMG00371.JPG,pylon,0,0.0894,4608.64,2640.7,5052.98,6336.0
Copy of IMG00371.JPG,insulator,2,0.0862,4993.67,2241.72,5282.92,2478.94
Copy of IMG00371.JPG,conductor,1,0.0852,5113.47,3490.8,9134.33,4162.4
Copy of IMG00371.JPG,conductor,1,0.0832,5050.21,2666.29,5390.82,3269.53
Copy of IMG00371.JPG,insulator,2,0.0784,5032.76,2285.04,5327.7,2523.1
Copy of IMG00371.JPG,insulator,2,0.0594,4804.51,2274.4,5034.24,2493.24
Copy of IMG00371.JPG,conductor,1,0.0564,5442.62,3511.87,9487.66,3982.63
Copy of IMG00371.JPG,conductor,1,0.0511,5117.43,3485.0,7632.63,4142.5
Copy of IMG00439.JPG,insulator,2,0.7406,4967.48,3660.35,5368.56,4084.38
Copy of IMG00439.JPG,insulator,2,0.7298,3290.88,2398.46,3702.87,2892.06
Copy of IMG00439.JPG,conductor,1,0.6902,2799.04,5581.9,3523.25,6237.48
Copy of IMG00439.JPG,conductor,1,0.6873,4723.69,2240.08,5490.6,2935.4
Copy of IMG00439.JPG,insulator,2,0.687,4213.22,2884.02,4522.11,3272.44
Copy of IMG00439.JPG,conductor,1,0.5,3923.78,1777.92,4712.09,2385.9
Copy of IMG00439.JPG,conductor,1,0.4347,411.29,4651.35,1249.97,5319.2
Copy of IMG00439.JPG,conductor,1,0.4263,6805.58,1695.68,7708.93,2472.08
Copy of IMG00439.JPG,conductor,1,0.4038,8828.52,102.27,9489.99,848.53
Copy of IMG00439.JPG,conductor,1,0.3849,2566.15,4047.14,3467.54,4753.3
Copy of IMG00439.JPG,conductor,1,0.3744,1462.55,5127.16,2165.64,5858.98
Copy of IMG00439.JPG,conductor,1,0.3652,5115.74,790.38,5887.51,1477.91
Copy of IMG00439.JPG,conductor,1,0.3415,1524.61,5036.0,2266.45,5773.06
Copy of IMG00439.JPG,conductor,1,0.3028,1066.23,5597.28,1704.47,6253.37
Copy of IMG00439.JPG,conductor,1,0.3011,4692.5,2408.99,5380.63,2948.55
Copy of IMG00439.JPG,conductor,1,0.2949,2087.15,4485.89,3012.84,5126.65
Copy of IMG00439.JPG,conductor,1,0.2939,5951.46,235.56,6625.56,812.97
Copy of IMG00439.JPG,conductor,1,0.2782,6433.78,807.06,7204.96,1505.99
Copy of IMG00439.JPG,conductor,1,0.2699,3065.19,5081.81,3962.85,5745.6
Copy of IMG00439.JPG,conductor,1,0.265,6010.3,2396.37,6840.09,3219.85
Copy of IMG00439.JPG,conductor,1,0.2576,4376.4,4111.38,4990.54,4759.98
Copy of IMG00439.JPG,conductor,1,0.2473,5829.9,271.29,6558.14,895.15
Copy of IMG00439.JPG,conductor,1,0.2377,2437.23,3013.97,3175.83,3661.34
Copy of IMG00439.JPG,conductor,1,0.237,1142.92,5533.06,1760.7,6182.54
Copy of IMG00439.JPG,conductor,1,0.2318,5758.53,358.74,6438.27,961.08
Copy of IMG00439.JPG,conductor,1,0.2313,3373.32,4524.42,4537.8,5357.79
Copy of IMG00439.JPG,conductor,1,0.2184,1389.0,5228.07,2065.02,5921.85
Copy of IMG00439.JPG,conductor,1,0.2077,7002.47,374.61,7742.35,1079.74
Copy of IMG00439.JPG,conductor,1,0.201,5797.33,1358.59,6558.22,2085.86
Copy of IMG00439.JPG,conductor,1,0.1982,3353.82,3509.0,3929.9,4117.18
Copy of IMG00439.JPG,conductor,1,0.1945,3870.76,1906.43,4588.88,2407.3
Copy of IMG00439.JPG,conductor,1,0.1922,1872.52,3515.97,2596.08,4134.24
Copy of IMG00439.JPG,conductor,1,0.1889,5599.92,2659.04,6581.9,3510.62
Copy of IMG00439.JPG,conductor,1,0.1859,22.18,5133.58,791.36,5756.12
Copy of IMG00439.JPG,conductor,1,0.1847,4876.23,2080.6,5568.1,2808.73
Copy of IMG00439.JPG,conductor,1,0.1818,5681.51,2540.44,6701.14,3410.29
Copy of IMG00439.JPG,conductor,1,0.1773,1704.52,3573.33,2535.09,4225.35
Copy of IMG00439.JPG,conductor,1,0.1772,1599.78,3688.32,2430.07,4302.73
Copy of IMG00439.JPG,conductor,1,0.1724,4566.51,1212.55,5376.43,1848.84
Copy of IMG00439.JPG,conductor,1,0.1683,6056.63,189.1,6700.08,715.6
Copy of IMG00439.JPG,conductor,1,0.1667,3445.27,3482.75,3985.01,3947.28
Copy of IMG00439.JPG,conductor,1,0.1651,2488.38,2923.92,3244.73,3567.32
Copy of IMG00439.JPG,conductor,1,0.1624,3840.38,2105.26,4357.65,2436.12
Copy of IMG00439.JPG,conductor,1,0.1613,5533.9,2791.9,6475.35,3575.99
Copy of IMG00439.JPG,conductor,1,0.1612,7880.02,893.01,8575.84,1515.12
Copy of IMG00439.JPG,conductor,1,0.1593,1614.71,4960.02,2355.38,5649.6
Copy of IMG00439.JPG,conductor,1,0.1584,2621.19,2905.82,3275.36,3487.04
Copy of IMG00439.JPG,conductor,1,0.1559,4499.86,1300.46,5311.84,1924.84
Copy of IMG00439.JPG,conductor,1,0.1559,1231.02,5354.94,1952.66,6097.74
Copy of IMG00439.JPG,conductor,1,0.1512,2381.45,4118.73,3387.21,4920.12
Copy of IMG00439.JPG,conductor,1,0.1446,1513.77,3791.44,2340.04,4415.5
Copy of IMG00439.JPG,conductor,1,0.1439,7455.46,1199.06,8267.86,1937.31
Copy of IMG00439.JPG,conductor,1,0.1427,5877.49,1258.52,6638.52,2023.94
Copy of IMG00439.JPG,conductor,1,0.1386,2135.47,4315.16,3156.89,5059.51
Copy of IMG00439.JPG,conductor,1,0.1333,3174.34,3559.2,3909.19,4236.89
Copy of IMG00439.JPG,conductor,1,0.1252,971.71,4235.07,1739.67,4784.07
Copy of IMG00439.JPG,conductor,1,0.1244,3849.16,2018.02,4489.66,2433.76
Copy of IMG00439.JPG,conductor,1,0.1233,2773.9,5718.03,3368.39,6269.14
Copy of IMG00439.JPG,conductor,1,0.1225,3535.16,3414.62,4046.79,3907.54
Copy of IMG00439.JPG,conductor,1,0.121,6629.92,625.57,7308.88,1410.05
Copy of IMG00439.JPG,conductor,1,0.1194,5072.22,1984.97,5730.46,2669.41
Copy of IMG00439.JPG,conductor,1,0.1182,3064.68,3626.52,3856.76,4299.43
Copy of IMG00439.JPG,conductor,1,0.1174,7551.43,1082.34,8359.2,1880.61
Copy of IMG00439.JPG,conductor,1,0.1157,6500.81,747.05,7278.38,1408.27
Copy of IMG00439.JPG,conductor,1,0.1149,3133.59,4794.08,4148.46,5700.47
Copy of IMG00439.JPG,conductor,1,0.1136,5309.27,1792.53,6004.36,2484.78
Copy of IMG00439.JPG,conductor,1,0.1108,5389.9,1691.08,6111.1,2411.5
Copy of IMG00439.JPG,conductor,1,0.1091,5542.81,1586.21,6262.38,2319.37
Copy of IMG00439.JPG,conductor,1,0.1085,4699.76,1101.62,5470.21,1756.72
Copy of IMG00439.JPG,conductor,1,0.1085,581.19,5559.01,974.83,6107.7
Copy of IMG00439.JPG,conductor,1,0.1075,5859.76,2418.25,6786.23,3327.1
Copy of IMG00439.JPG,conductor,1,0.1051,2416.38,3111.37,3081.98,3632.6
Copy of IMG00439.JPG,conductor,1,0.1049,0.0,5537.57,258.26,6215.34
Copy of IMG00439.JPG,conductor,1,0.1045,5664.75,1456.43,6413.94,2175.52
Copy of IMG00439.JPG,conductor,1,0.104,2772.64,2879.73,3288.15,3355.41
Copy of IMG00439.JPG,conductor,1,0.1028,1210.89,4006.97,2074.58,4639.08
Copy of IMG00439.JPG,conductor,1,0.1014,3751.1,3329.71,4147.3,3795.43
Copy of IMG00439.JPG,conductor,1,0.0991,3685.43,3361.13,4089.77,3838.61
Copy of IMG00439.JPG,conductor,1,0.099,6484.7,16.79,7094.69,486.59
Copy of IMG00439.JPG,conductor,1,0.0989,6373.89,32.48,7024.71,564.09
Copy of IMG00439.JPG,conductor,1,0.097,1017.7,4125.25,1882.16,4737.44
Copy of IMG00439.JPG,conductor,1,0.0968,531.45,4502.38,1409.66,5147.56
Copy of IMG00439.JPG,conductor,1,0.0954,6061.53,2306.19,6974.94,3132.42
Copy of IMG00439.JPG,conductor,1,0.0947,4997.46,2034.3,5639.9,2736.36
Copy of IMG00439.JPG,conductor,1,0.0945,5686.26,455.28,6348.28,976.75
Copy of IMG00439.JPG,conductor,1,0.0925,7113.9,282.73,7801.25,923.22
Copy of IMG00439.JPG,conductor,1,0.0874,8389.42,590.91,8929.24,1078.37
Copy of IMG00439.JPG,conductor,1,0.0872,1361.19,3888.7,2159.36,4533.1
Copy of IMG00439.JPG,conductor,1,0.0871,6164.06,138.24,6827.16,633.91
Copy of IMG00439.JPG,conductor,1,0.0869,8728.29,267.7,9339.66,901.74
Copy of IMG00439.JPG,conductor,1,0.0859,6004.3,1207.47,6725.98,1932.34
Copy of IMG00439.JPG,conductor,1,0.0849,7316.48,216.39,7924.52,753.52
Copy of IMG00439.JPG,conductor,1,0.0838,7765.68,946.86,8497.34,1705.02
Copy of IMG00439.JPG,conductor,1,0.0797,5167.27,1898.72,5845.2,2521.25
Copy of IMG00439.JPG,conductor,1,0.0769,8611.16,186.14,9413.07,965.77
Copy of IMG00439.JPG,conductor,1,0.0765,4253.76,4198.22,4922.21,4814.24
Copy of IMG00439.JPG,conductor,1,0.0764,5637.05,5070.37,6382.8,5767.9
Copy of IMG00439.JPG,conductor,1,0.0736,2901.45,5456.1,3594.51,6130.76
Copy of IMG00439.JPG,conductor,1,0.0727,0.0,5390.24,297.66,6145.25
Copy of IMG00439.JPG,conductor,1,0.0724,2921.7,3749.83,3798.87,4423.23
Copy of IMG00439.JPG,conductor,1,0.0714,7423.71,194.53,7965.28,678.63
Copy of IMG00439.JPG,conductor,1,0.071,622.19,5595.57,1093.06,6176.54
Copy of IMG00439.JPG,conductor,1,0.0697,1940.27,4606.67,2895.73,5251.16
Copy of IMG00439.JPG,conductor,1,0.069,2358.46,3157.18,2996.58,3698.14
Copy of IMG00439.JPG,conductor,1,0.0687,896.76,5717.77,1608.46,6282.51
Copy of IMG00439.JPG,conductor,1,0.0683,6893.89,431.41,7633.41,1202.35
Copy of IMG00439.JPG,conductor,1,0.068,1170.99,5429.97,1851.85,6067.81
Copy of IMG00439.JPG,conductor,1,0.068,4912.49,850.89,5773.53,1625.68
Copy of IMG00439.JPG,conductor,1,0.0675,8434.63,467.39,9148.73,1044.92
Copy of IMG00439.JPG,conductor,1,0.0652,242.26,4798.57,1100.62,5556.45
Copy of IMG00439.JPG,conductor,1,0.065,126.41,5258.25,762.0,5759.62
Copy of IMG00439.JPG,conductor,1,0.0639,4004.08,1716.32,4732.04,2246.37
Copy of IMG00439.JPG,conductor,1,0.0632,8271.44,645.34,8900.31,1200.14
Copy of IMG00439.JPG,conductor,1,0.0629,7908.9,804.67,8667.38,1439.37
Copy of IMG00439.JPG,conductor,1,0.0616,4446.85,4095.5,5010.69,4610.19
Copy of IMG00439.JPG,conductor,1,0.0615,962.92,5787.6,1524.36,6286.01
Copy of IMG00439.JPG,conductor,1,0.0608,3.5,5193.73,744.71,5927.78
Copy of IMG00439.JPG,conductor,1,0.0603,4681.48,2503.86,5282.37,2963.94
Copy of IMG00439.JPG,conductor,1,0.0596,3851.6,3288.37,4217.07,3750.2
Copy of IMG00439.JPG,conductor,1,0.0592,6035.19,1140.64,6749.45,1792.44
Copy of IMG00439.JPG,conductor,1,0.0586,3809.45,2152.48,4301.8,2455.97
Copy of IMG00439.JPG,conductor,1,0.0584,6734.65,565.63,7400.53,1253.31
Copy of IMG00439.JPG,conductor,1,0.0577,4426.56,1429.37,5110.72,1982.81
Copy of IMG00439.JPG,conductor,1,0.057,0.65,5591.51,175.38,6221.32
Copy of IMG00439.JPG,conductor,1,0.0568,8219.48,675.18,8850.38,1314.8
Copy of IMG00439.JPG,conductor,1,0.0554,4385.44,1366.97,5236.06,2025.83
Copy of IMG00439.JPG,conductor,1,0.0552,6238.92,1026.6,6895.13,1640.13
Copy of IMG00439.JPG,conductor,1,0.0547,902.5,5905.64,1439.32,6291.98
Copy of IMG00439.JPG,conductor,1,0.0537,5196.93,755.34,5911.44,1328.93
Copy of IMG00439.JPG,conductor,1,0.0522,5449.38,3019.75,6292.22,3669.37
Copy of IMG00439.JPG,conductor,1,0.0521,2905.34,5198.21,3837.82,6162.84
Copy of IMG00439.JPG,conductor,1,0.0521,473.96,4610.77,1286.86,5168.08
Copy of IMG00439.JPG,conductor,1,0.0519,3619.19,4342.82,4622.78,5093.37
Copy of IMG00439.JPG,conductor,1,0.0514,8022.59,789.57,8749.69,1333.47
Copy of IMG00439.JPG,conductor,1,0.0508,4870.31,1018.64,5574.37,1635.61
Copy of IMG00439.JPG,conductor,1,0.0504,3216.29,4982.25,4053.33,5695.36
Copy of IMG00439.JPG,conductor,1,0.0503,1943.12,3413.01,2650.83,4044.7
Copy of IMG03495.JPG,insulator,2,0.9094,3265.38,3569.86,3718.82,3972.43
Copy of IMG03495.JPG,pylon,0,0.9043,4697.42,3925.92,5480.76,6302.28
Copy of IMG03495.JPG,insulator,2,0.8449,4088.68,4293.65,4519.18,4687.84
Copy of IMG03495.JPG,conductor,1,0.7408,7487.71,1871.72,8787.85,2574.86
Copy of IMG03495.JPG,insulator,2,0.7029,4220.86,2868.44,4654.88,3237.7
Copy of IMG03495.JPG,conductor,1,0.6861,7855.11,2545.88,9414.53,3654.99
Copy of IMG03495.JPG,conductor,1,0.6079,6593.62,2331.72,8001.87,3100.9
Copy of IMG03495.JPG,conductor,1,0.5871,1639.47,5521.36,2706.03,6224.48
Copy of IMG03495.JPG,conductor,1,0.4814,2333.75,4816.48,3909.06,5749.53
Copy of IMG03495.JPG,conductor,1,0.4758,6366.87,1422.18,7795.98,2040.43
Copy of IMG03495.JPG,conductor,1,0.4194,302.99,4795.71,1727.8,5597.51
Copy of IMG03495.JPG,insulator,2,0.3804,5028.62,3473.92,5384.57,3805.49
Copy of IMG03495.JPG,conductor,1,0.3516,1766.49,4104.35,2950.26,4744.88
Copy of IMG03495.JPG,insulator,2,0.3488,5634.59,3386.02,6012.54,3739.43
Copy of IMG03495.JPG,conductor,1,0.3421,922.76,4399.52,2382.06,5145.36
Copy of IMG03495.JPG,insulator,2,0.3204,5463.36,3098.29,5937.62,3619.54
Copy of IMG03495.JPG,insulator,2,0.2936,5537.96,3197.76,5974.93,3742.6
Copy of IMG03495.JPG,conductor,1,0.2648,7009.7,3281.52,8349.63,4169.2
Copy of IMG03495.JPG,insulator,2,0.2626,5174.39,2671.9,5565.23,3230.2
Copy of IMG03495.JPG,insulator,2,0.2465,6440.62,4125.68,6935.8,4512.91
Copy of IMG03495.JPG,conductor,1,0.2452,7550.21,1162.35,8454.46,1695.79
Copy of IMG03495.JPG,conductor,1,0.2284,7977.19,2348.05,9503.74,3571.95
Copy of IMG03495.JPG,conductor,1,0.2283,5668.04,1782.73,7041.42,2427.25
Copy of IMG03495.JPG,conductor,1,0.227,2575.81,4664.67,4049.55,5635.78
Copy of IMG03495.JPG,conductor,1,0.1938,8673.48,1368.61,9504.0,1994.78
Copy of IMG03495.JPG,conductor,1,0.1931,5563.37,1880.97,6950.87,2527.53
Copy of IMG03495.JPG,conductor,1,0.1667,1531.22,4132.99,2909.41,4876.1
Copy of IMG03495.JPG,conductor,1,0.1645,5551.48,2065.68,6617.88,2584.06
Copy of IMG03495.JPG,conductor,1,0.1594,5541.36,2267.46,6308.05,2615.13
Copy of IMG03495.JPG,conductor,1,0.1575,6544.33,1457.54,7810.39,1946.67
Copy of IMG03495.JPG,conductor,1,0.1506,1923.9,3912.55,3283.8,4653.9
Copy of IMG03495.JPG,conductor,1,0.1465,8188.71,2291.33,9504.0,3370.48
Copy of IMG03495.JPG,insulator,2,0.1458,4671.88,3158.74,4989.19,3507.77
Copy of IMG03495.JPG,conductor,1,0.1447,8694.66,2136.45,9504.0,3157.85
Copy of IMG03495.JPG,conductor,1,0.1372,9126.44,2111.31,9503.18,3077.6
Copy of IMG03495.JPG,conductor,1,0.1248,1289.59,4441.86,2441.06,4956.16
Copy of IMG03495.JPG,insulator,2,0.1219,4813.57,2403.41,5269.41,2707.38
Copy of IMG03495.JPG,conductor,1,0.1208,413.06,4572.36,2157.92,5449.1
Copy of IMG03495.JPG,conductor,1,0.1199,1021.89,4303.45,2568.31,5078.26
Copy of IMG03495.JPG,conductor,1,0.1195,8007.44,924.72,8902.14,1401.09
Copy of IMG03495.JPG,conductor,1,0.1144,5612.87,2021.67,6673.53,2487.6
Copy of IMG03495.JPG,conductor,1,0.1132,2222.18,4927.44,3614.05,5773.67
Copy of IMG03495.JPG,insulator,2,0.1131,5925.61,4490.78,6208.29,4752.17
Copy of IMG03495.JPG,conductor,1,0.1123,5725.24,1645.71,7534.32,2373.55
Copy of IMG03495.JPG,conductor,1,0.1094,553.81,4471.72,2335.1,5268.02
Copy of IMG03495.JPG,conductor,1,0.107,511.42,4813.32,1780.43,5323.21
Copy of IMG03495.JPG,conductor,1,0.0968,5512.02,2151.54,6472.91,2619.56
Copy of IMG03495.JPG,conductor,1,0.0942,1241.93,4183.38,2877.81,4964.71
Copy of IMG03495.JPG,conductor,1,0.0892,7094.04,1946.98,8705.21,2785.96
Copy of IMG03495.JPG,conductor,1,0.0882,387.98,4878.49,1559.41,5494.82
Copy of IMG03495.JPG,conductor,1,0.0881,5894.35,1775.86,7174.92,2318.98
Copy of IMG03495.JPG,insulator,2,0.0868,5225.36,2712.75,5572.67,3155.09
Copy of IMG03495.JPG,conductor,1,0.0781,5836.24,1441.54,7768.85,2233.02
Copy of IMG03495.JPG,insulator,2,0.0778,5439.82,3129.81,5858.52,3512.56
Copy of IMG03495.JPG,conductor,1,0.0746,94.21,4861.71,1568.71,5687.1
Copy of IMG03495.JPG,conductor,1,0.0705,5672.77,1989.58,6797.81,2422.8
Copy of IMG03495.JPG,conductor,1,0.0689,5960.2,1686.92,7402.59,2220.27
Copy of IMG03495.JPG,conductor,1,0.0675,7583.86,995.51,8872.24,1587.39
Copy of IMG03495.JPG,insulator,2,0.0672,5049.8,5252.23,5429.67,5463.61
Copy of IMG03495.JPG,insulator,2,0.0654,4760.79,2492.39,5227.67,3046.35
Copy of IMG03495.JPG,conductor,1,0.0585,9202.16,2040.69,9503.54,2911.28
Copy of IMG03495.JPG,conductor,1,0.0583,7670.89,1825.98,8869.05,2468.12
Copy of IMG03495.JPG,conductor,1,0.0563,6552.58,2466.73,7833.52,3061.12
Copy of IMG03495.JPG,conductor,1,0.054,3206.39,4556.0,4086.61,5398.39
Copy of IMG03495.JPG,conductor,1,0.0532,8514.55,1451.55,9502.53,2055.37
Copy of IMG03495.JPG,conductor,1,0.0521,2852.9,4563.15,4092.69,5549.85
Copy of IMG03495.JPG,conductor,1,0.0517,4056.17,5601.95,4613.31,6191.04
Copy of IMG03495.JPG,insulator,2,0.051,6340.09,4125.64,6947.37,4592.5
Copy of IMG03495.JPG,conductor,1,0.0508,674.84,4755.74,1884.97,5241.91
Copy of IMG03458.JPG,pylon,0,0.8658,3801.92,1187.16,4685.94,6243.56
Copy of IMG03458.JPG,insulator,2,0.7066,5913.92,785.21,6228.13,1146.98
Copy of IMG03458.JPG,pylon,0,0.6551,4798.91,1482.41,5703.57,6225.89
Copy of IMG03458.JPG,insulator,2,0.6449,4784.16,461.11,5047.79,714.22
Copy of IMG03458.JPG,insulator,2,0.5766,4476.27,791.27,4748.58,1146.06
Copy of IMG03458.JPG,insulator,2,0.5667,5645.32,1155.95,5933.18,1512.25
Copy of IMG03458.JPG,insulator,2,0.4513,3362.47,365.56,3669.31,846.48
Copy of IMG03458.JPG,conductor,1,0.3785,6302.15,367.39,7518.51,871.01
Copy of IMG03458.JPG,conductor,1,0.3614,6771.85,873.76,7909.01,1532.5
Copy of IMG03458.JPG,conductor,1,0.3597,523.8,3035.58,2203.33,3591.14
Copy of IMG03458.JPG,conductor,1,0.3283,3027.65,965.26,3655.66,2615.93
Copy of IMG03458.JPG,conductor,1,0.2815,1505.72,2648.38,3017.48,3173.56
Copy of IMG03458.JPG,insulator,2,0.2562,3718.75,182.28,4022.21,447.71
Copy of IMG03458.JPG,conductor,1,0.2527,43.76,1241.29,3130.35,1848.49
Copy of IMG03458.JPG,conductor,1,0.2204,350.77,830.86,3219.68,1408.22
Copy of IMG03458.JPG,pylon,0,0.212,3907.51,1351.15,4530.12,6267.75
Copy of IMG03458.JPG,conductor,1,0.1658,5977.59,1748.74,7236.83,2203.12
Copy of IMG03458.JPG,conductor,1,0.1611,2119.98,3437.91,3170.86,6274.42
Copy of IMG03458.JPG,conductor,1,0.1583,1422.02,2746.22,2790.34,3207.66
Copy of IMG03458.JPG,conductor,1,0.1526,132.55,1142.17,3249.48,1756.02
Copy of IMG03458.JPG,conductor,1,0.1363,2847.25,1005.56,3709.79,2712.47
Copy of IMG03458.JPG,pylon,0,0.1178,4827.6,1613.83,5584.86,5297.58
Copy of IMG03458.JPG,conductor,1,0.1171,75.7,292.93,3395.37,694.71
Copy of IMG03458.JPG,conductor,1,0.1116,585.18,2909.26,2340.64,3523.06
Copy of IMG03458.JPG,conductor,1,0.1076,6765.85,1020.37,8943.04,1625.54
Copy of IMG03458.JPG,conductor,1,0.1063,930.38,2682.44,2843.45,3251.25
Copy of IMG03458.JPG,conductor,1,0.1006,1699.6,3153.95,2950.53,3659.1
Copy of IMG03458.JPG,conductor,1,0.0977,6184.27,1830.72,8402.63,2351.45
Copy of IMG03458.JPG,conductor,1,0.0943,5371.43,3418.36,6130.95,6310.58
Copy of IMG03458.JPG,insulator,2,0.0865,5846.96,826.2,6147.37,1125.37
Copy of IMG03458.JPG,conductor,1,0.0851,0.0,79.88,3456.87,376.77
Copy of IMG03458.JPG,conductor,1,0.084,697.86,2819.33,2473.02,3409.05
Copy of IMG03458.JPG,conductor,1,0.0802,7323.76,654.78,9089.99,1217.87
Copy of IMG03458.JPG,conductor,1,0.0777,6864.5,812.61,7965.62,1408.51
Copy of IMG03458.JPG,conductor,1,0.0742,6686.79,1036.97,7846.09,1616.56
Copy of IMG03458.JPG,conductor,1,0.0697,407.04,377.73,3290.73,845.52
Copy of IMG03458.JPG,conductor,1,0.0639,6353.54,315.44,7971.72,811.35
Copy of IMG03458.JPG,conductor,1,0.0636,6788.59,818.11,8906.28,1495.15
Copy of IMG03458.JPG,conductor,1,0.0634,6083.12,1660.81,7369.28,2152.34
Copy of IMG03458.JPG,conductor,1,0.0621,6908.86,757.83,9090.87,1317.12
Copy of IMG03458.JPG,conductor,1,0.0615,447.6,3063.58,2858.39,3664.57
Copy of IMG03458.JPG,conductor,1,0.0578,979.53,3112.38,2986.24,3635.51
Copy of IMG03458.JPG,insulator,2,0.0562,4671.83,2610.48,4990.5,2909.99
Copy of IMG03458.JPG,conductor,1,0.0542,1782.73,2625.37,3059.66,3090.46
Copy of IMG03458.JPG,conductor,1,0.0533,6361.98,257.14,8160.46,721.77
Copy of IMG03458.JPG,conductor,1,0.0514,843.95,2900.68,2334.27,3389.87
Copy of IMG00415.JPG,insulator,2,0.5923,5138.49,3314.41,5405.57,3566.87
Copy of IMG00415.JPG,insulator,2,0.5199,4539.98,3237.32,4784.62,3473.42
Copy of IMG00415.JPG,insulator,2,0.4693,4861.94,2992.08,5143.17,3222.02
Copy of IMG00415.JPG,conductor,1,0.3962,4418.84,3530.59,4720.61,4222.5
Copy of IMG00415.JPG,conductor,1,0.3337,5273.13,1909.33,5534.98,2834.47
Copy of IMG00415.JPG,conductor,1,0.323,4918.48,157.02,5658.08,1878.74
Copy of IMG00415.JPG,conductor,1,0.2486,5022.14,1946.83,5263.15,2791.84
Copy of IMG00415.JPG,conductor,1,0.2304,4364.78,3582.9,4722.4,4413.35
Copy of IMG00415.JPG,insulator,2,0.2193,4821.22,3353.18,5071.92,3652.33
Copy of IMG00415.JPG,conductor,1,0.2076,0.48,4020.21,387.66,4492.48
Copy of IMG00415.JPG,conductor,1,0.2048,6540.87,5445.29,7103.66,6133.01
Copy of IMG00415.JPG,conductor,1,0.1909,11.09,3864.09,650.07,4345.15
Copy of IMG00415.JPG,conductor,1,0.1808,4302.78,3725.46,4718.99,4591.13
Copy of IMG00415.JPG,conductor,1,0.1474,5109.12,3588.51,5396.24,4352.11
Copy of IMG00415.JPG,conductor,1,0.1449,1.47,4042.89,289.01,4506.17
Copy of IMG00415.JPG,conductor,1,0.1344,4027.84,5136.79,4456.85,6253.17
Copy of IMG00415.JPG,conductor,1,0.116,5005.77,2097.19,5230.61,2754.99
Copy of IMG00415.JPG,conductor,1,0.1156,4246.6,3863.31,4697.06,4857.24
Copy of IMG00415.JPG,conductor,1,0.1062,5128.69,1925.19,5508.33,2795.06
Copy of IMG00415.JPG,conductor,1,0.1027,0.0,3949.27,452.95,4448.45
Copy of IMG00415.JPG,conductor,1,0.0983,4233.56,4050.93,4655.79,4937.88
Copy of IMG00415.JPG,conductor,1,0.0949,4115.61,4763.99,4448.11,6269.54
Copy of IMG00415.JPG,conductor,1,0.0944,7.2,3810.34,853.44,4351.69
Copy of IMG00415.JPG,pylon,0,0.0916,4643.22,3458.53,5148.8,6247.71
Copy of IMG00415.JPG,conductor,1,0.0861,4318.51,3595.94,4673.7,4709.62
Copy of IMG00415.JPG,conductor,1,0.079,4774.46,1737.79,5051.83,2744.32
Copy of IMG00415.JPG,conductor,1,0.0787,6717.44,4560.03,7483.92,5049.03
Copy of IMG00415.JPG,conductor,1,0.0786,4072.97,4627.01,4528.37,6232.96
Copy of IMG00415.JPG,conductor,1,0.0734,4106.25,4322.78,4589.51,6237.56
Copy of IMG00415.JPG,conductor,1,0.0723,4561.6,3570.06,5188.46,6262.94
Copy of IMG00415.JPG,conductor,1,0.0678,5076.95,3650.09,5373.98,4492.25
Copy of IMG00415.JPG,conductor,1,0.0674,4780.95,1889.82,5014.43,2700.56
Copy of IMG00415.JPG,conductor,1,0.0669,7111.08,4983.23,7625.7,5449.27
Copy of IMG00415.JPG,conductor,1,0.0585,4810.15,226.21,5656.1,2384.86
Copy of IMG00415.JPG,conductor,1,0.0579,5123.57,3554.15,5383.95,4168.82
Copy of IMG00415.JPG,conductor,1,0.0577,7147.36,4934.9,7723.28,5520.71
Copy of IMG00415.JPG,conductor,1,0.0515,4103.13,5141.39,4542.13,6243.09
Copy of IMG00415.JPG,conductor,1,0.0508,4224.21,4197.69,4617.56,5186.45
Copy of IMG03407.JPG,insulator,2,0.9091,4763.32,3660.66,5295.75,4093.36
Copy of IMG03407.JPG,insulator,2,0.888,6199.95,4176.1,6737.94,4619.94
Copy of IMG03407.JPG,pylon,0,0.8764,3791.13,4351.14,4573.61,6269.73
Copy of IMG03407.JPG,conductor,1,0.8566,1666.01,4683.99,3106.46,6288.38
Copy of IMG03407.JPG,insulator,2,0.8434,4447.65,4441.0,4805.92,4874.02
Copy of IMG03407.JPG,pylon,0,0.84,5097.01,4853.23,5789.19,6292.41
Copy of IMG03407.JPG,insulator,2,0.8277,3364.25,3249.1,3971.45,3688.0
Copy of IMG03407.JPG,insulator,2,0.8184,2998.25,3915.22,3455.19,4417.4
Copy of IMG03407.JPG,pylon,0,0.811,3814.14,4974.81,4606.54,6283.37
Copy of IMG03407.JPG,insulator,2,0.7926,5849.3,4982.44,6337.31,5442.21
Copy of IMG03407.JPG,conductor,1,0.5675,6433.94,2238.93,7492.26,3740.99
Copy of IMG03407.JPG,conductor,1,0.5034,7655.69,175.58,8321.37,1156.95
Copy of IMG03407.JPG,conductor,1,0.4654,3839.71,5054.39,4631.33,6283.36
Copy of IMG03407.JPG,conductor,1,0.3188,4825.78,452.14,5614.81,1181.27
Copy of IMG03407.JPG,conductor,1,0.298,1767.2,4619.97,3110.07,5923.56
Copy of IMG03407.JPG,conductor,1,0.1858,5000.54,2233.53,6093.95,3305.87
Copy of IMG03407.JPG,conductor,1,0.1429,6178.16,639.08,6777.63,1487.81
Copy of IMG03407.JPG,conductor,1,0.1414,6383.34,107.28,7032.42,886.74
Copy of IMG03407.JPG,conductor,1,0.1304,6393.34,4875.28,7378.74,6235.95
Copy of IMG03407.JPG,insulator,2,0.1212,3900.27,3668.53,4410.3,4184.14
Copy of IMG03407.JPG,conductor,1,0.1007,7150.77,1190.36,7835.13,2368.45
Copy of IMG03407.JPG,conductor,1,0.0917,6218.63,401.39,6869.27,1406.62
Copy of IMG03407.JPG,conductor,1,0.0911,6290.07,801.96,6682.48,1451.63
Copy of IMG03407.JPG,conductor,1,0.0742,6331.95,279.0,6976.87,902.22
Copy of IMG03407.JPG,conductor,1,0.0665,7714.4,347.12,8155.64,1136.41
Copy of IMG03407.JPG,conductor,1,0.0664,5371.25,26.34,5841.62,624.78
Copy of IMG03407.JPG,conductor,1,0.0625,6515.66,55.43,7079.53,787.6
Copy of IMG03407.JPG,conductor,1,0.0602,7301.63,1154.52,7899.13,1793.87
Copy of IMG03407.JPG,conductor,1,0.0588,6257.06,917.07,6638.38,1523.94
Copy of IMG03407.JPG,conductor,1,0.0504,5014.42,2857.93,5780.44,3413.92
Copy of IMG03403.JPG,pylon,0,0.8684,4644.16,4306.22,5496.89,6311.05
Copy of IMG03403.JPG,insulator,2,0.6502,5163.81,2769.83,5533.52,3148.6
Copy of IMG03403.JPG,insulator,2,0.5894,6426.87,3287.97,6829.43,3729.53
Copy of IMG03403.JPG,insulator,2,0.5679,3986.1,2244.13,4373.64,2683.15
Copy of IMG03403.JPG,conductor,1,0.5303,2498.52,3554.82,3966.13,5553.26
Copy of IMG03403.JPG,insulator,2,0.456,5261.69,3363.71,5522.64,3627.82
Copy of IMG03403.JPG,conductor,1,0.3916,4742.0,99.8,5975.52,1836.32
Copy of IMG03403.JPG,insulator,2,0.3744,5055.67,3559.93,5383.77,3923.17
Copy of IMG03403.JPG,conductor,1,0.2775,1478.15,5274.22,2944.59,6211.24
Copy of IMG03403.JPG,insulator,2,0.2581,7253.4,3168.37,7673.71,3644.41
Copy of IMG03403.JPG,conductor,1,0.174,1595.73,5057.39,3177.53,6231.37
Copy of IMG03403.JPG,insulator,2,0.1569,5421.84,2547.74,5754.77,2802.17
Copy of IMG03403.JPG,insulator,2,0.1506,5527.44,3768.72,5789.55,4041.61
Copy of IMG03403.JPG,insulator,2,0.1128,5171.97,3416.42,5468.1,3668.94
Copy of IMG03403.JPG,conductor,1,0.1054,2795.08,3439.99,3965.71,5205.94
Copy of IMG03403.JPG,insulator,2,0.1012,5259.33,2661.32,5587.37,3101.87
Copy of IMG03403.JPG,insulator,2,0.094,6653.59,3024.98,7004.1,3347.34
Copy of IMG03403.JPG,insulator,2,0.0851,5768.03,3669.46,6090.66,3939.85
Copy of IMG03403.JPG,insulator,2,0.082,5150.63,3396.95,5496.6,3763.97
Copy of IMG03403.JPG,conductor,1,0.0719,3.33,5956.15,844.64,6336.0
Copy of IMG03403.JPG,insulator,2,0.0659,4701.42,3172.28,4937.42,3409.56
Copy of IMG03403.JPG,insulator,2,0.0606,5169.22,2685.09,5647.71,3171.15
Copy of IMG03403.JPG,insulator,2,0.0576,4033.77,2231.11,4402.01,2607.75
Copy of IMG03403.JPG,insulator,2,0.056,5060.31,3985.73,5431.59,4220.45
Copy of IMG00134.JPG,pylon,0,0.8605,5115.51,1443.65,5941.58,6326.79
Copy of IMG00134.JPG,insulator,2,0.7287,5195.88,987.15,5458.2,1323.55
Copy of IMG00134.JPG,insulator,2,0.7281,5595.89,781.25,5884.16,1101.81
Copy of IMG00134.JPG,insulator,2,0.7029,5947.82,1585.45,6276.31,1934.24
Copy of IMG00134.JPG,conductor,1,0.3612,2322.75,1659.52,3684.9,2203.59
Copy of IMG00134.JPG,conductor,1,0.3034,4357.0,1678.57,4943.24,2107.51
Copy of IMG00134.JPG,conductor,1,0.2781,1528.26,2927.57,2962.38,3689.38
Copy of IMG00134.JPG,conductor,1,0.2411,1490.52,2028.43,2841.59,2574.62
Copy of IMG00134.JPG,conductor,1,0.2004,4779.89,1447.88,5220.69,1873.37
Copy of IMG00134.JPG,conductor,1,0.1854,4238.8,1707.84,4892.06,2153.41
Copy of IMG00134.JPG,conductor,1,0.1736,136.43,3803.17,1444.18,4727.12
Copy of IMG00134.JPG,conductor,1,0.1589,1789.9,2787.39,3196.2,3573.51
Copy of IMG00134.JPG,conductor,1,0.1561,4404.37,1611.67,4992.19,2052.28
Copy of IMG00134.JPG,conductor,1,0.1556,4612.81,1498.5,5140.41,1958.36
Copy of IMG00134.JPG,conductor,1,0.1525,3092.8,2207.33,4080.99,2907.41
Copy of IMG00134.JPG,pylon,0,0.1459,5102.76,2514.77,5811.47,6284.44
Copy of IMG00134.JPG,conductor,1,0.1425,3344.85,1305.71,4410.81,1812.69
Copy of IMG00134.JPG,conductor,1,0.1419,6010.19,2999.78,6895.67,3831.83
Copy of IMG00134.JPG,conductor,1,0.1409,2889.6,2256.81,4022.81,2996.51
Copy of IMG00134.JPG,conductor,1,0.1367,2491.83,2506.19,3619.89,3210.94
Copy of IMG00134.JPG,conductor,1,0.1336,3846.33,1904.0,4542.56,2402.13
Copy of IMG00134.JPG,conductor,1,0.1328,683.45,2502.37,1594.64,2836.35
Copy of IMG00134.JPG,conductor,1,0.129,1.29,4506.98,516.86,5254.37
Copy of IMG00134.JPG,conductor,1,0.1275,2484.36,1582.22,3797.67,2098.54
Copy of IMG00134.JPG,conductor,1,0.1179,2610.34,2443.25,3797.78,3144.35
Copy of IMG00134.JPG,conductor,1,0.1137,2462.24,1722.89,3620.69,2124.25
Copy of IMG00134.JPG,conductor,1,0.1074,1.2,2975.12,401.38,3590.03
Copy of IMG00134.JPG,conductor,1,0.1068,254.5,5013.22,1276.2,5800.03
Copy of IMG00134.JPG,conductor,1,0.1051,1370.54,3029.27,2822.92,3763.35
Copy of IMG00134.JPG,conductor,1,0.105,3258.31,2166.48,4189.59,2817.53
Copy of IMG00134.JPG,conductor,1,0.1035,1907.72,2709.15,3335.02,3496.78
Copy of IMG00134.JPG,conductor,1,0.1002,4045.14,1757.53,4823.92,2238.78
Copy of IMG00134.JPG,conductor,1,0.099,4863.74,1426.56,5230.33,1804.91
Copy of IMG00134.JPG,conductor,1,0.0973,1112.51,2317.49,2067.5,2643.32
Copy of IMG00134.JPG,conductor,1,0.096,4191.6,1075.99,4836.62,1451.3
Copy of IMG00134.JPG,conductor,1,0.0942,9.02,2862.23,724.2,3201.74
Copy of IMG00134.JPG,conductor,1,0.0937,2703.08,2343.1,3950.0,3086.93
Copy of IMG00134.JPG,conductor,1,0.0907,1283.77,2286.79,2232.68,2584.66
Copy of IMG00134.JPG,conductor,1,0.0876,0.76,2919.78,522.64,3511.05
Copy of IMG00134.JPG,insulator,2,0.0874,5629.89,794.55,5915.08,1142.88
Copy of IMG00134.JPG,conductor,1,0.0864,1.85,4726.13,331.1,5303.84
Copy of IMG00134.JPG,conductor,1,0.086,1946.03,1932.5,3027.66,2455.17
Copy of IMG00134.JPG,conductor,1,0.0858,7195.83,2130.41,8107.28,2477.96
Copy of IMG00134.JPG,conductor,1,0.0856,40.42,2809.29,802.43,3158.16
Copy of IMG00134.JPG,conductor,1,0.0822,1839.59,2002.02,2907.03,2404.44
Copy of IMG00134.JPG,conductor,1,0.0809,217.72,2510.67,1559.9,3035.17
Copy of IMG00134.JPG,conductor,1,0.076,0.0,4690.89,474.88,5303.88
Copy of IMG00134.JPG,pylon_fissure,3,0.0758,5293.73,4890.58,5493.83,6285.83
Copy of IMG00134.JPG,conductor,1,0.0746,2896.22,1555.48,3920.44,1944.74
Copy of IMG00134.JPG,conductor,1,0.0733,1351.24,2238.89,2405.14,2567.02
Copy of IMG00134.JPG,conductor,1,0.073,2.84,4580.1,388.36,5254.88
Copy of IMG00134.JPG,conductor,1,0.0726,1.47,5559.32,201.52,6202.59
Copy of IMG00134.JPG,conductor,1,0.0725,1407.87,2170.05,2523.8,2546.78
Copy of IMG00134.JPG,conductor,1,0.0711,3909.56,1833.79,4690.41,2308.65
Copy of IMG00134.JPG,conductor,1,0.0702,3211.58,1361.89,4351.88,1883.43
Copy of IMG00134.JPG,conductor,1,0.0675,3101.14,1517.81,4010.15,1903.1
Copy of IMG00134.JPG,conductor,1,0.0668,1.1,4319.23,583.31,5164.06
Copy of IMG00134.JPG,conductor,1,0.0668,3381.3,2060.46,4322.25,2747.0
Copy of IMG00134.JPG,conductor,1,0.0662,432.29,2411.61,1949.26,2958.79
Copy of IMG00134.JPG,conductor,1,0.0645,1.46,2991.31,301.71,3544.85
Copy of IMG00134.JPG,conductor,1,0.0613,7144.27,2200.93,8007.32,2506.88
Copy of IMG00134.JPG,pylon,0,0.0584,5360.11,1394.43,5853.95,4701.98
Copy of IMG00134.JPG,conductor,1,0.0583,0.36,4802.51,263.28,5345.3
Copy of IMG00134.JPG,conductor,1,0.0581,992.55,2347.05,2022.27,2703.04
Copy of IMG00134.JPG,conductor,1,0.058,2070.55,2598.51,3509.9,3378.21
Copy of IMG00134.JPG,conductor,1,0.0574,1507.99,2088.14,2683.93,2483.75
Copy of IMG00134.JPG,conductor,1,0.0567,1.32,3042.3,399.61,3754.75
Copy of IMG00134.JPG,conductor,1,0.0558,815.92,2434.61,1800.11,2799.71
Copy of IMG00134.JPG,conductor,1,0.0556,2656.96,1615.25,3828.48,2004.83
Copy of IMG00134.JPG,conductor,1,0.0548,1371.21,2141.47,2695.65,2624.69
Copy of IMG00134.JPG,conductor,1,0.0546,166.37,2752.17,869.53,3060.21
Copy of IMG00134.JPG,conductor,1,0.0536,1.71,2948.76,332.4,3417.67
Copy of IMG00134.JPG,conductor,1,0.053,239.12,3667.07,1702.59,4619.72
Copy of IMG00134.JPG,conductor,1,0.0527,8.17,4641.67,568.26,5187.7
Copy of IMG00134.JPG,conductor,1,0.0523,3499.98,1217.39,4576.22,1691.73
Copy of IMG00134.JPG,conductor,1,0.0517,207.6,2599.33,1292.95,3047.35
Copy of IMG00134.JPG,conductor,1,0.0516,3711.77,4563.14,4636.69,5025.9
Copy of IMG00134.JPG,conductor,1,0.0511,4522.52,1594.99,5045.71,2011.08
Copy of IMG00134.JPG,conductor,1,0.051,1229.29,3106.41,2656.35,3880.06
Copy of IMG03468.JPG,insulator,2,0.8618,5240.92,579.52,5493.61,930.51
Copy of IMG03468.JPG,insulator,2,0.7123,6762.82,773.29,7017.44,1075.14
Copy of IMG03468.JPG,pylon,0,0.6771,5670.88,908.58,6370.69,5910.01
Copy of IMG03468.JPG,conductor,1,0.6361,1069.59,5320.06,2060.57,6230.69
Copy of IMG03468.JPG,insulator,2,0.6287,6015.26,437.5,6237.96,785.62
Copy of IMG03468.JPG,conductor,1,0.5446,2783.26,4803.94,4325.4,6212.53
Copy of IMG03468.JPG,conductor,1,0.5068,4737.85,1008.56,5272.63,1386.96
Copy of IMG03468.JPG,conductor,1,0.4812,3827.2,4000.12,4935.72,4986.82
Copy of IMG03468.JPG,conductor,1,0.4251,2659.06,3752.72,3573.55,4619.14
Copy of IMG03468.JPG,conductor,1,0.4063,1607.03,3602.32,2686.2,4188.23
Copy of IMG03468.JPG,conductor,1,0.3835,410.11,4634.12,1742.85,5370.63
Copy of IMG03468.JPG,conductor,1,0.381,741.2,4165.81,2140.61,4852.59
Copy of IMG03468.JPG,conductor,1,0.3801,2724.5,2587.23,3757.79,3144.32
Copy of IMG03468.JPG,conductor,1,0.3481,3414.81,2976.96,4231.95,3622.91
Copy of IMG03468.JPG,conductor,1,0.3157,2539.38,3831.07,3514.33,4742.79
Copy of IMG03468.JPG,conductor,1,0.2935,4883.47,1553.23,5492.51,2146.57
Copy of IMG03468.JPG,conductor,1,0.2855,4491.14,3094.01,5579.75,4032.25
Copy of IMG03468.JPG,conductor,1,0.273,4057.19,2360.43,4957.81,2879.27
Copy of IMG03468.JPG,conductor,1,0.2661,2165.65,3169.28,3145.78,3729.62
Copy of IMG03468.JPG,conductor,1,0.258,2471.62,3988.15,3451.55,4812.46
Copy of IMG03468.JPG,conductor,1,0.2547,5289.52,1238.14,5677.37,1657.65
Copy of IMG03468.JPG,conductor,1,0.239,3302.35,4509.02,4578.17,5291.11
Copy of IMG03468.JPG,conductor,1,0.2301,5582.49,951.48,5882.18,1309.48
Copy of IMG03468.JPG,conductor,1,0.2281,582.84,4261.08,1996.48,5204.82
Copy of IMG03468.JPG,conductor,1,0.2162,6346.53,1194.83,6761.71,1754.78
Copy of IMG03468.JPG,conductor,1,0.1902,3303.4,3079.44,4150.92,3761.54
Copy of IMG03468.JPG,conductor,1,0.1859,3891.26,3857.23,5023.34,4867.59
Copy of IMG03468.JPG,conductor,1,0.1811,3438.53,4327.01,4648.51,5214.44
Copy of IMG03468.JPG,conductor,1,0.1807,1832.98,4630.0,2741.12,5398.9
Copy of IMG03468.JPG,conductor,1,0.1712,3526.56,4137.27,4759.42,5183.13
Copy of IMG03468.JPG,conductor,1,0.1646,1659.95,4698.17,2731.72,5478.39
Copy of IMG03468.JPG,conductor,1,0.1554,2373.28,4088.74,3358.48,4898.32
Copy of IMG03468.JPG,conductor,1,0.1545,538.23,4406.62,1853.51,5284.54
Copy of IMG03468.JPG,conductor,1,0.1526,0.0,5787.71,333.25,6280.62
Copy of IMG03468.JPG,conductor,1,0.1511,2256.65,3102.65,3262.12,3684.08
Copy of IMG03468.JPG,conductor,1,0.1482,5369.4,1147.76,5742.19,1640.27
Copy of IMG03468.JPG,conductor,1,0.146,3951.78,2428.4,4856.91,3048.93
Copy of IMG03468.JPG,conductor,1,0.1411,7207.28,667.15,8313.67,1050.08
Copy of IMG03468.JPG,conductor,1,0.137,3491.85,1827.54,4464.43,2400.22
Copy of IMG03468.JPG,pylon,0,0.1367,5747.78,1514.39,6278.41,5900.06
Copy of IMG03468.JPG,conductor,1,0.1338,2800.17,3639.21,3677.27,4493.11
Copy of IMG03468.JPG,conductor,1,0.1312,5089.96,1352.3,5597.38,2042.41
Copy of IMG03468.JPG,conductor,1,0.1309,5321.12,1085.82,5803.55,1709.37
Copy of IMG03468.JPG,conductor,1,0.1278,6.78,5142.52,1097.32,5779.39
Copy of IMG03468.JPG,conductor,1,0.1238,2982.31,4843.91,4420.14,5909.15
Copy of IMG03468.JPG,conductor,1,0.123,4299.08,3220.13,5489.18,4118.35
Copy of IMG03468.JPG,conductor,1,0.1222,4527.24,1022.65,5253.27,1550.48
Copy of IMG03468.JPG,conductor,1,0.119,3565.45,2893.23,4393.56,3505.43
Copy of IMG03468.JPG,conductor,1,0.116,0.81,5690.27,461.33,6250.26
Copy of IMG03468.JPG,conductor,1,0.114,1926.24,4544.9,2741.02,5190.08
Copy of IMG03468.JPG,conductor,1,0.1122,4628.21,999.13,5266.34,1466.2
Copy of IMG03468.JPG,conductor,1,0.1117,6416.89,1108.28,6780.73,1561.05
Copy of IMG03468.JPG,conductor,1,0.1108,6321.13,1302.32,6686.74,1781.64
Copy of IMG03468.JPG,conductor,1,0.1096,2061.05,3268.18,3095.76,3789.25
Copy of IMG03468.JPG,conductor,1,0.1084,4277.65,2105.77,5094.04,2744.8
Copy of IMG03468.JPG,pylon,0,0.106,5854.09,935.65,6296.45,4679.94
Copy of IMG03468.JPG,conductor,1,0.1049,2712.41,5195.34,4163.23,6264.89
Copy of IMG03468.JPG,conductor,1,0.1023,2712.84,5496.01,3803.39,6274.85
Copy of IMG03468.JPG,conductor,1,0.1014,1003.54,4038.03,2269.95,4689.53
Copy of IMG03468.JPG,conductor,1,0.0999,2260.06,4221.69,3101.71,4958.27
Copy of IMG03468.JPG,conductor,1,0.0997,6525.94,1125.01,6831.54,1468.64
Copy of IMG03468.JPG,conductor,1,0.0994,4799.32,1641.62,5411.84,2130.95
Copy of IMG03468.JPG,pylon,0,0.0972,5964.54,878.28,6276.04,2105.06
Copy of IMG03468.JPG,conductor,1,0.093,978.93,5712.08,1556.79,6278.48
Copy of IMG03468.JPG,conductor,1,0.093,2618.47,2681.65,3561.07,3279.04
Copy of IMG03468.JPG,conductor,1,0.0921,3410.48,1951.21,4354.82,2533.89
Copy of IMG03468.JPG,conductor,1,0.0917,3832.44,2574.99,4707.09,3244.6
Copy of IMG03468.JPG,conductor,1,0.0914,3200.41,4610.53,4598.2,5647.56
Copy of IMG03468.JPG,conductor,1,0.0871,1.49,5241.3,1001.7,6036.9
Copy of IMG03468.JPG,conductor,1,0.0869,4949.87,1550.91,5463.62,2016.39
Copy of IMG03468.JPG,conductor,1,0.0868,999.08,5432.93,1886.24,6267.56
Copy of IMG03468.JPG,conductor,1,0.0865,5467.21,1003.8,5841.86,1545.35
Copy of IMG03468.JPG,conductor,1,0.0838,7164.3,540.78,8061.74,885.92
Copy of IMG03468.JPG,conductor,1,0.0816,5458.95,929.05,5835.31,1230.02
Copy of IMG03468.JPG,conductor,1,0.0807,5097.05,1373.91,5611.61,1846.02
Copy of IMG03468.JPG,conductor,1,0.0801,144.15,5057.9,1193.79,5683.37
Copy of IMG03468.JPG,conductor,1,0.0774,4037.0,3553.86,5133.09,4609.67
Copy of IMG03468.JPG,conductor,1,0.0753,2099.12,4323.6,2989.24,5050.98
Copy of IMG03468.JPG,conductor,1,0.072,2781.29,2410.19,3956.2,2949.1
Copy of IMG03468.JPG,conductor,1,0.0719,5544.79,978.88,5890.02,1456.79
Copy of IMG03468.JPG,conductor,1,0.071,4411.81,1995.8,5129.9,2517.79
Copy of IMG03468.JPG,conductor,1,0.0695,1693.55,3407.82,2826.09,4071.27
Copy of IMG03468.JPG,conductor,1,0.0677,3726.28,2729.26,4548.17,3330.18
Copy of IMG03468.JPG,conductor,1,0.066,4699.31,1758.77,5346.69,2185.59
Copy of IMG03468.JPG,conductor,1,0.0659,5166.99,1346.24,5619.79,1739.21
Copy of IMG03468.JPG,conductor,1,0.0659,2295.48,2953.63,3301.46,3581.83
Copy of IMG03468.JPG,conductor,1,0.0649,3221.85,2274.73,4032.25,2736.28
Copy of IMG03468.JPG,conductor,1,0.0646,0.0,5419.56,848.06,6211.24
Copy of IMG03468.JPG,conductor,1,0.0642,4224.86,3409.55,5318.35,4194.57
Copy of IMG03468.JPG,conductor,1,0.0637,4085.83,2253.21,4989.93,2801.53
Copy of IMG03468.JPG,conductor,1,0.0634,7143.93,533.45,7902.56,845.34
Copy of IMG03468.JPG,conductor,1,0.0632,7112.74,1089.37,8260.79,1519.95
Copy of IMG03468.JPG,conductor,1,0.0629,6431.23,1032.08,6735.12,1388.36
Copy of IMG03468.JPG,pylon,0,0.0613,5689.7,2381.91,6369.63,5784.54
Copy of IMG03468.JPG,conductor,1,0.06,2680.0,5666.64,3577.84,6291.11
Copy of IMG03468.JPG,conductor,1,0.0596,6352.12,1095.24,6709.07,1605.85
Copy of IMG03468.JPG,conductor,1,0.0596,799.53,4028.11,2299.65,4829.39
Copy of IMG03468.JPG,conductor,1,0.0595,5214.74,1294.04,5681.75,1729.07
Copy of IMG03468.JPG,conductor,1,0.0592,1989.36,4419.82,2866.59,5141.92
Copy of IMG03468.JPG,conductor,1,0.0589,3454.22,2945.85,4258.04,3479.45
Copy of IMG03468.JPG,conductor,1,0.0579,998.38,5558.12,1645.66,6260.28
Copy of IMG03468.JPG,conductor,1,0.0568,7189.57,563.44,8220.56,935.86
Copy of IMG03468.JPG,conductor,1,0.0567,4404.67,1241.84,5045.14,1613.04
Copy of IMG03468.JPG,conductor,1,0.0564,3353.42,2135.99,4223.86,2655.42
Copy of IMG03468.JPG,conductor,1,0.0554,7155.85,968.9,8293.02,1381.22
Copy of IMG03468.JPG,conductor,1,0.055,3101.8,2344.57,4023.79,2814.17
Copy of IMG03468.JPG,conductor,1,0.0529,3536.22,1745.31,4477.85,2217.37
Copy of IMG03468.JPG,conductor,1,0.0512,6596.7,1141.5,6890.44,1429.88
Copy of IMG03468.JPG,conductor,1,0.0511,3644.21,2806.76,4392.3,3314.76
Copy of IMG03468.JPG,conductor,1,0.0511,4851.07,996.95,5363.74,1334.11
Copy of IMG00266.JPG,conductor,1,0.3663,0.0,3027.89,6298.8,4030.25
Copy of IMG00266.JPG,conductor,1,0.1128,33.12,2869.75,7618.44,3851.68
Copy of IMG00266.JPG,conductor,1,0.1122,1990.11,2498.46,9331.02,3485.67
Copy of IMG00266.JPG,conductor,1,0.0928,547.84,1887.72,7979.0,2801.93
Copy of IMG00266.JPG,conductor,1,0.082,0.0,2202.23,6358.42,2925.32
Copy of IMG00266.JPG,conductor,1,0.0796,1736.71,2856.65,4832.01,3807.46
Copy of IMG00266.JPG,conductor,1,0.0747,250.42,2346.29,4817.8,3191.86
Copy of IMG00266.JPG,conductor,1,0.0698,94.28,3153.67,5574.58,4135.96
Copy of IMG00266.JPG,conductor,1,0.0663,1011.7,2468.48,8367.11,3579.71
Copy of IMG00266.JPG,conductor,1,0.06,1.36,1822.77,1859.39,2745.59
Copy of IMG00386.JPG,insulator,2,0.7123,4762.71,2999.82,5056.93,3274.98
Copy of IMG00386.JPG,insulator,2,0.6738,4430.81,2791.07,4709.52,3006.98
Copy of IMG00386.JPG,conductor,1,0.5994,5139.89,3385.81,5680.27,3920.97
Copy of IMG00386.JPG,conductor,1,0.4333,5917.71,4205.28,6889.38,5097.35
Copy of IMG00386.JPG,conductor,1,0.4136,8153.12,4915.73,8934.54,5494.02
Copy of IMG00386.JPG,conductor,1,0.4034,5906.5,5173.92,6627.17,5963.69
Copy of IMG00386.JPG,conductor,1,0.3261,8809.32,5299.44,9496.88,5967.79
Copy of IMG00386.JPG,conductor,1,0.3063,5543.7,4800.02,6150.72,5344.0
Copy of IMG00386.JPG,conductor,1,0.279,6736.75,5083.57,7680.79,5781.73
Copy of IMG00386.JPG,conductor,1,0.2709,7187.32,5609.49,7903.98,6265.22
Copy of IMG00386.JPG,pylon,0,0.238,4458.49,3257.52,4736.85,6102.6
Copy of IMG00386.JPG,conductor,1,0.2287,4854.5,3874.97,5430.31,4615.82
Copy of IMG00386.JPG,insulator,2,0.2002,4202.8,3072.96,4419.4,3347.43
Copy of IMG00386.JPG,conductor,1,0.197,5788.38,3137.88,9335.32,4106.43
Copy of IMG00386.JPG,pylon,0,0.1908,4384.12,3219.39,4770.89,6254.64
Copy of IMG00386.JPG,conductor,1,0.1858,6168.98,5619.99,7001.49,6299.3
Copy of IMG00386.JPG,conductor,1,0.1703,5473.77,3770.82,6075.13,4335.09
Copy of IMG00386.JPG,conductor,1,0.1674,5139.31,4199.04,5768.27,4962.44
Copy of IMG00386.JPG,conductor,1,0.1498,8960.58,5450.34,9504.0,6107.14
Copy of IMG00386.JPG,conductor,1,0.1347,6389.53,5647.75,7027.53,6311.95
Copy of IMG00386.JPG,conductor,1,0.1262,5208.43,4315.05,5829.05,4986.3
Copy of IMG00386.JPG,conductor,1,0.1231,5936.34,4285.17,7006.48,5239.75
Copy of IMG00386.JPG,conductor,1,0.1148,8774.04,5294.24,9451.96,5808.53
Copy of IMG00386.JPG,conductor,1,0.112,4811.94,3761.88,5310.12,4536.65
Copy of IMG00386.JPG,conductor,1,0.1098,4940.35,3995.55,5528.96,4745.42
Copy of IMG00386.JPG,conductor,1,0.1015,5947.98,5262.96,6722.5,6258.28
Copy of IMG00386.JPG,conductor,1,0.1008,5429.87,4606.55,6075.03,5251.96
Copy of IMG00386.JPG,conductor,1,0.1001,6114.79,5376.32,6852.66,6258.79
Copy of IMG00386.JPG,conductor,1,0.0983,5278.82,4416.27,5904.6,5057.92
Copy of IMG00386.JPG,conductor,1,0.0901,9029.86,5554.67,9504.0,6148.02
Copy of IMG00386.JPG,conductor,1,0.0861,9064.19,5656.37,9504.0,6243.32
Copy of IMG00386.JPG,conductor,1,0.0802,6899.81,5231.54,7842.19,6190.8
Copy of IMG00386.JPG,conductor,1,0.0751,3.53,40.48,568.99,477.75
Copy of IMG00386.JPG,conductor,1,0.0749,5855.2,3203.4,9367.21,3764.78
Copy of IMG00386.JPG,conductor,1,0.0746,5848.45,5118.36,6540.44,5771.84
Copy of IMG00386.JPG,conductor,1,0.0697,6017.66,5299.3,6688.94,5998.86
Copy of IMG00386.JPG,conductor,1,0.066,5298.3,4457.13,6032.37,5177.46
Copy of IMG00386.JPG,conductor,1,0.0644,4993.77,4026.23,5639.02,4813.56
Copy of IMG00386.JPG,conductor,1,0.0625,7605.61,4545.61,8404.61,5119.33
Copy of IMG00386.JPG,insulator,2,0.0608,4408.06,2757.91,4706.1,2965.66
Copy of IMG00386.JPG,conductor,1,0.0604,5608.92,4884.46,6263.02,5513.19
Copy of IMG00386.JPG,conductor,1,0.058,9183.25,4847.34,9504.0,5370.05
Copy of IMG00386.JPG,conductor,1,0.0578,5503.64,4748.85,6088.3,5269.77
Copy of IMG00386.JPG,conductor,1,0.057,7.2,3396.44,638.89,3973.85
Copy of IMG00386.JPG,conductor,1,0.0563,9220.75,5674.73,9503.37,6231.78
Copy of IMG00386.JPG,conductor,1,0.0546,5205.41,3450.08,5714.12,3954.23
Copy of IMG00386.JPG,conductor,1,0.0529,5842.43,4113.06,6720.94,5027.67
Copy of IMG00386.JPG,conductor,1,0.0502,1.16,0.0,466.18,435.12
Copy of IMG00037.JPG,conductor,1,0.4942,5007.48,5160.35,5924.71,6237.26
Copy of IMG00037.JPG,conductor,1,0.4808,6145.16,5273.04,6904.26,6219.48
Copy of IMG00037.JPG,conductor,1,0.3682,5156.57,3690.18,5777.36,4341.12
Copy of IMG00037.JPG,conductor,1,0.3407,6014.23,3869.12,7167.97,4910.3
Copy of IMG00037.JPG,conductor,1,0.3056,5530.8,3318.76,6117.34,3763.81
Copy of IMG00037.JPG,insulator,2,0.2918,4664.73,2733.8,5061.96,3178.89
Copy of IMG00037.JPG,conductor,1,0.2696,1141.18,962.0,1929.82,1386.64
Copy of IMG00037.JPG,conductor,1,0.257,1915.68,676.64,2476.82,1028.08
Copy of IMG00037.JPG,conductor,1,0.2548,5123.88,3556.5,5739.96,4284.87
Copy of IMG00037.JPG,conductor,1,0.2399,4722.17,4559.28,5782.95,5972.72
Copy of IMG00037.JPG,conductor,1,0.1964,5034.7,3467.61,5599.32,4122.36
Copy of IMG00037.JPG,conductor,1,0.1932,3403.55,2237.98,4131.25,2722.44
Copy of IMG00037.JPG,conductor,1,0.1835,5648.15,4445.99,6389.32,5343.74
Copy of IMG00037.JPG,conductor,1,0.1772,3256.5,2162.33,4061.27,2649.35
Copy of IMG00037.JPG,conductor,1,0.1678,4666.22,4523.98,5665.38,5444.91
Copy of IMG00037.JPG,conductor,1,0.1535,6082.23,3906.28,7337.17,5112.48
Copy of IMG00037.JPG,conductor,1,0.152,4993.86,3454.74,5551.53,3958.03
Copy of IMG00037.JPG,conductor,1,0.1472,6773.63,4887.74,7848.81,5840.12
Copy of IMG00037.JPG,conductor,1,0.1355,5417.46,3242.67,6042.26,3655.7
Copy of IMG00037.JPG,conductor,1,0.1324,3466.08,2269.72,4074.42,2656.84
Copy of IMG00037.JPG,conductor,1,0.13,4068.53,3395.12,4829.96,4004.0
Copy of IMG00037.JPG,conductor,1,0.1266,4310.81,3848.88,5076.67,4612.38
Copy of IMG00037.JPG,conductor,1,0.1179,6893.04,5104.9,7911.88,6143.0
Copy of IMG00037.JPG,conductor,1,0.1119,4102.72,1933.31,4577.41,2284.06
Copy of IMG00037.JPG,conductor,1,0.1035,6682.63,4775.07,7770.14,5652.79
Copy of IMG00037.JPG,conductor,1,0.1035,718.46,632.42,1398.38,985.72
Copy of IMG00037.JPG,conductor,1,0.0895,3739.88,2861.84,4229.88,3248.4
Copy of IMG00037.JPG,conductor,1,0.0879,5562.85,3390.24,6264.43,3926.86
Copy of IMG00037.JPG,conductor,1,0.0871,3118.22,2040.77,4039.95,2576.2
Copy of IMG00037.JPG,conductor,1,0.082,4994.2,3419.18,5512.17,3854.21
Copy of IMG00037.JPG,conductor,1,0.0786,6869.23,3732.75,9503.95,4683.35
Copy of IMG00037.JPG,conductor,1,0.0668,1869.24,628.42,2429.47,955.56
Copy of IMG00037.JPG,conductor,1,0.0652,1277.32,257.09,1953.42,610.04
Copy of IMG00037.JPG,conductor,1,0.0646,1752.41,571.22,2316.25,930.7
Copy of IMG00037.JPG,conductor,1,0.0645,1333.89,328.41,1950.51,635.11
Copy of IMG00037.JPG,conductor,1,0.0645,5356.67,3204.37,5997.75,3596.75
Copy of IMG00037.JPG,conductor,1,0.0642,3508.86,997.85,3950.37,1333.34
Copy of IMG00037.JPG,conductor,1,0.0631,669.48,593.19,1334.82,939.97
Copy of IMG00037.JPG,conductor,1,0.0612,1970.4,735.94,2504.94,1074.62
Copy of IMG00037.JPG,conductor,1,0.0608,4270.55,3838.8,5020.1,4434.84
Copy of IMG00037.JPG,conductor,1,0.0597,3624.08,2784.27,4217.05,3225.77
Copy of IMG00037.JPG,conductor,1,0.0583,2621.07,799.88,3123.47,1146.59
Copy of IMG00037.JPG,conductor,1,0.0559,3475.27,946.09,3896.69,1243.51
Copy of IMG00037.JPG,conductor,1,0.0552,6329.45,4079.08,7487.57,5269.85
Copy of IMG00037.JPG,conductor,1,0.0539,3979.17,2486.16,4475.75,2820.35
Copy of IMG00037.JPG,conductor,1,0.0523,2870.7,1177.29,3514.57,1549.01
Copy of IMG00037.JPG,conductor,1,0.0522,3811.49,1473.5,4198.43,1774.39
Copy of IMG00011.JPG,pylon,0,0.5743,4366.79,1693.33,4892.45,4519.4
Copy of IMG00011.JPG,insulator,2,0.5737,4662.68,1469.01,4930.86,1703.3
Copy of IMG00011.JPG,insulator,2,0.4583,4475.52,826.22,4696.6,1116.75
Copy of IMG00011.JPG,conductor,1,0.3596,5104.53,378.01,8212.8,711.3
Copy of IMG00011.JPG,conductor,1,0.3032,8716.9,62.62,9500.81,377.52
Copy of IMG00011.JPG,conductor,1,0.2809,5060.73,451.51,8392.81,782.82
Copy of IMG00011.JPG,conductor,1,0.2506,8136.95,93.84,9504.0,414.83
Copy of IMG00011.JPG,conductor,1,0.2275,0.0,1027.1,4107.43,1256.48
Copy of IMG00011.JPG,insulator,2,0.222,4555.36,862.38,4785.27,1149.63
Copy of IMG00011.JPG,insulator,2,0.1911,4496.31,814.58,4763.32,1116.92
Copy of IMG00011.JPG,conductor,1,0.1861,8919.87,463.59,9500.89,1036.38
Copy of IMG00011.JPG,insulator,2,0.171,4480.77,779.54,4669.54,1051.08
Copy of IMG00011.JPG,conductor,1,0.1367,0.0,1071.97,3780.73,1313.24
Copy of IMG00011.JPG,conductor,1,0.133,7628.23,236.46,9331.34,512.03
Copy of IMG00011.JPG,conductor,1,0.1312,5125.07,1074.71,8287.25,1540.49
Copy of IMG00011.JPG,conductor,1,0.1067,7599.6,213.27,9069.58,472.65
Copy of IMG00011.JPG,conductor,1,0.1062,9157.86,435.82,9504.0,920.86
Copy of IMG00011.JPG,conductor,1,0.1038,5032.52,508.02,8025.06,830.15
Copy of IMG00011.JPG,conductor,1,0.0976,7682.94,135.3,9504.0,454.26
Copy of IMG00011.JPG,conductor,1,0.0917,0.0,995.02,4481.44,1221.81
Copy of IMG00011.JPG,insulator,2,0.0892,4681.88,1425.52,4918.12,1681.57
Copy of IMG00011.JPG,conductor,1,0.082,8860.83,74.91,9504.0,331.11
Copy of IMG00011.JPG,conductor,1,0.0771,1.23,1099.44,3298.93,1393.55
Copy of IMG00011.JPG,insulator,2,0.0759,4554.46,761.39,4786.32,1067.27
Copy of IMG00011.JPG,conductor,1,0.0734,2.69,1182.09,1186.35,1374.57
Copy of IMG00011.JPG,conductor,1,0.0722,5045.32,353.79,8885.56,637.22
Copy of IMG00011.JPG,conductor,1,0.0687,7857.25,206.95,9264.1,417.45
Copy of IMG00011.JPG,conductor,1,0.0683,7679.9,206.33,8901.62,431.82
Copy of IMG00011.JPG,conductor,1,0.0624,24.32,1181.78,1759.53,1369.25
Copy of IMG00011.JPG,conductor,1,0.0615,384.2,968.94,4022.34,1208.98
Copy of IMG00011.JPG,conductor,1,0.0606,8947.95,36.61,9504.0,301.51
Copy of IMG00011.JPG,conductor,1,0.0596,8.83,1175.93,825.86,1374.71
Copy of IMG00011.JPG,conductor,1,0.0592,2005.59,837.47,4232.8,1113.1
Copy of IMG00011.JPG,conductor,1,0.0531,1.56,1257.44,416.42,1416.15
Copy of IMG00011.JPG,conductor,1,0.0524,7944.72,177.89,9454.3,399.67
Copy of IMG00011.JPG,conductor,1,0.0521,3317.39,1373.3,4366.67,1826.92
Copy of IMG00047.JPG,insulator,2,0.6316,4164.74,3054.35,4398.37,3252.31
Copy of IMG00047.JPG,insulator,2,0.6314,5174.34,2965.19,5439.11,3226.73
Copy of IMG00047.JPG,pylon,0,0.5484,4450.6,3328.82,4856.52,5836.83
Copy of IMG00047.JPG,conductor,1,0.4544,7554.64,5242.87,8289.08,5769.03
Copy of IMG00047.JPG,insulator,2,0.4057,4688.88,2994.07,4913.94,3208.42
Copy of IMG00047.JPG,conductor,1,0.3197,0.86,5502.35,304.99,6234.33
Copy of IMG00047.JPG,conductor,1,0.269,7291.61,5770.15,7918.66,6235.86
Copy of IMG00047.JPG,conductor,1,0.2484,7182.47,5638.95,7901.95,6219.3
Copy of IMG00047.JPG,insulator,2,0.2313,3988.47,2848.04,4220.21,3057.02
Copy of IMG00047.JPG,conductor,1,0.175,7419.73,5824.92,7940.1,6260.1
Copy of IMG00047.JPG,conductor,1,0.1692,1409.06,909.03,1754.21,1963.26
Copy of IMG00047.JPG,insulator,2,0.1683,4724.5,3005.41,4955.54,3223.97
Copy of IMG00047.JPG,conductor,1,0.1512,7009.65,5455.7,7563.02,5922.74
Copy of IMG00047.JPG,insulator,2,0.1499,4744.06,2994.87,4925.82,3198.74
Copy of IMG00047.JPG,conductor,1,0.1312,556.43,5503.5,1063.54,6139.59
Copy of IMG00047.JPG,conductor,1,0.1206,8116.74,5748.74,8644.72,6128.08
Copy of IMG00047.JPG,pylon,0,0.1169,1439.35,923.7,1708.98,1979.07
Copy of IMG00047.JPG,insulator,2,0.1119,4985.94,2800.81,5254.73,2973.87
Copy of IMG00047.JPG,conductor,1,0.1065,0.0,5603.01,411.29,6232.17
Copy of IMG00047.JPG,conductor,1,0.1032,8070.19,5708.61,8609.51,6080.67
Copy of IMG00047.JPG,conductor,1,0.1003,8220.5,5892.42,8846.16,6279.2
Copy of IMG00047.JPG,conductor,1,0.0979,7598.1,5380.04,8282.15,5820.63
Copy of IMG00047.JPG,conductor,1,0.0978,8164.23,5784.93,8828.2,6255.44
Copy of IMG00047.JPG,conductor,1,0.0971,7060.22,5520.63,7778.69,6085.9
Copy of IMG00047.JPG,insulator,2,0.0852,1735.34,429.03,1929.72,621.0
Copy of IMG00047.JPG,conductor,1,0.0851,1489.34,934.4,1668.65,2013.04
Copy of IMG00047.JPG,conductor,1,0.0773,647.28,5571.95,1122.03,6257.3
Copy of IMG00047.JPG,conductor,1,0.0749,448.94,5280.82,943.4,5892.15
Copy of IMG00047.JPG,conductor,1,0.0697,529.2,5433.82,1024.99,6049.04
Copy of IMG00047.JPG,insulator,2,0.0671,4528.54,2816.89,4757.06,2985.73
Copy of IMG00047.JPG,conductor,1,0.0653,1.23,5336.17,238.53,6108.94
Copy of IMG00047.JPG,conductor,1,0.065,5877.26,4426.38,7308.98,5036.93
Copy of IMG00047.JPG,conductor,1,0.0594,5431.37,3272.46,6026.46,3574.45
Copy of IMG00047.JPG,conductor,1,0.0588,1913.67,5408.75,2613.98,6034.68
Copy of IMG00047.JPG,conductor,1,0.0587,105.41,4790.68,675.25,5338.58
Copy of IMG00047.JPG,conductor,1,0.0569,7026.91,5519.08,7631.01,6029.38
Copy of IMG00047.JPG,conductor,1,0.056,5938.34,4446.76,6745.94,4998.36
Copy of IMG00047.JPG,conductor,1,0.0559,478.67,5346.56,992.14,5970.21
Copy of IMG00047.JPG,conductor,1,0.0531,5395.35,3250.8,5901.26,3551.58
Copy of IMG03462.JPG,pylon,0,0.8243,4314.07,1781.3,4817.83,5475.59
Copy of IMG03462.JPG,conductor,1,0.641,6953.28,5383.06,7882.26,6233.33
Copy of IMG03462.JPG,conductor,1,0.4547,6009.43,5337.95,6893.42,6271.11
Copy of IMG03462.JPG,conductor,1,0.384,35.66,1353.83,3292.92,2146.9
Copy of IMG03462.JPG,conductor,1,0.1681,3046.19,298.46,3759.21,834.5
Copy of IMG03462.JPG,pylon_fissure,3,0.0749,4515.85,4350.68,4661.64,5474.95
Copy of IMG03462.JPG,conductor,1,0.0692,3901.78,0.0,5929.3,320.93
Copy of IMG03462.JPG,conductor,1,0.0687,3231.94,335.34,3873.58,854.99
Copy of IMG03462.JPG,conductor,1,0.0614,4788.12,2702.05,5284.71,3214.12
Copy of IMG03462.JPG,conductor,1,0.0596,5983.27,5292.34,6778.48,5914.42
Copy of IMG03462.JPG,conductor,1,0.0595,4800.31,2723.88,5347.55,3332.96
Copy of IMG03462.JPG,conductor,1,0.0587,6045.8,5594.93,6967.33,6304.37
Copy of IMG03462.JPG,conductor,1,0.0504,36.5,1269.93,3403.55,1943.55
Copy of IMG00263.JPG,conductor,1,0.364,2450.92,1957.55,9480.91,2905.33
Copy of IMG00263.JPG,conductor,1,0.225,5660.71,1457.07,9433.14,2113.65
Copy of IMG00263.JPG,conductor,1,0.1813,6625.16,1392.57,9434.09,2069.7
Copy of IMG00263.JPG,conductor,1,0.1605,0.0,2903.73,7117.25,3872.79
Copy of IMG00263.JPG,conductor,1,0.1243,0.0,2632.62,3414.5,3444.54
Copy of IMG00263.JPG,conductor,1,0.0828,4765.07,2160.48,9445.81,2912.87
Copy of IMG00263.JPG,conductor,1,0.0707,3184.73,2144.47,8671.57,2950.41
Copy of IMG00070.JPG,insulator,2,0.4767,4870.74,2962.87,5193.09,3290.79
Copy of IMG00070.JPG,conductor,1,0.4479,5569.98,2545.56,8808.67,3155.24
Copy of IMG00070.JPG,conductor,1,0.3071,5465.38,2659.85,8837.23,3075.99
Copy of IMG00070.JPG,conductor,1,0.2908,8665.84,2768.19,9504.0,3346.35
Copy of IMG00070.JPG,conductor,1,0.2804,0.0,2840.58,4991.01,3235.98
Copy of IMG00070.JPG,conductor,1,0.1951,35.51,3314.58,4898.3,4072.51
Copy of IMG00070.JPG,conductor,1,0.1813,4401.89,3806.33,5356.49,6241.4
Copy of IMG00070.JPG,conductor,1,0.1572,1030.64,2809.79,4824.21,3257.28
Copy of IMG00070.JPG,insulator,2,0.157,5216.45,3514.5,5469.73,3770.48
Copy of IMG00070.JPG,conductor,1,0.1398,0.0,2899.47,4749.25,3302.1
Copy of IMG00070.JPG,insulator,2,0.1361,4920.57,2938.49,5316.55,3337.98
Copy of IMG00070.JPG,pylon,0,0.1055,4406.02,3775.84,5388.65,6268.49
Copy of IMG00070.JPG,insulator,2,0.097,5097.39,2843.48,5407.47,3069.71
Copy of IMG00070.JPG,conductor,1,0.0601,8735.56,2760.27,9504.0,3180.4
Copy of IMG00070.JPG,conductor,1,0.0515,8824.1,2691.92,9504.0,3132.6
Copy of IMG00021.JPG,insulator,2,0.6573,4350.08,1676.71,4592.86,2022.16
Copy of IMG00021.JPG,conductor,1,0.6005,4492.21,5368.19,5102.39,6286.31
Copy of IMG00021.JPG,conductor,1,0.3189,1961.5,3170.77,3410.83,6245.34
Copy of IMG00021.JPG,insulator,2,0.2886,4923.75,1242.04,5248.43,1549.62
Copy of IMG00021.JPG,insulator,2,0.2721,5445.13,1644.83,5693.3,1925.49
Copy of IMG00021.JPG,conductor,1,0.2717,1844.94,2155.64,3381.88,6194.57
Copy of IMG00021.JPG,conductor,1,0.2331,3426.18,3624.83,4184.11,5456.13
Copy of IMG00021.JPG,conductor,1,0.1997,3281.95,3605.38,4253.74,6224.81
Copy of IMG00021.JPG,conductor,1,0.1728,3727.09,2355.78,4274.65,2923.56
Copy of IMG00021.JPG,conductor,1,0.0795,3274.08,4787.87,4131.41,6225.52
Copy of IMG00021.JPG,conductor,1,0.0758,3742.81,2420.39,4202.29,2890.85
Copy of IMG00021.JPG,insulator,2,0.0605,4593.63,1698.35,4757.58,1910.98
Copy of IMG00021.JPG,conductor,1,0.0581,9069.09,1618.35,9504.0,1971.63
Copy of IMG00033.JPG,pylon,0,0.8244,4281.78,2183.88,4722.37,5010.57
Copy of IMG00033.JPG,insulator,2,0.6254,4941.17,1873.09,5173.8,2155.34
Copy of IMG00033.JPG,conductor,1,0.5207,5060.22,2222.7,5852.8,3434.71
Copy of IMG00033.JPG,insulator,2,0.5052,3829.28,1896.24,4110.43,2144.12
Copy of IMG00033.JPG,insulator,2,0.3758,4951.91,1812.61,5159.79,2113.73
Copy of IMG00033.JPG,conductor,1,0.3622,4711.29,2594.92,5139.29,3279.79
Copy of IMG00033.JPG,insulator,2,0.3598,4399.27,1733.6,4601.42,1957.56
Copy of IMG00033.JPG,insulator,2,0.3145,3830.6,1799.47,4097.85,2112.82
Copy of IMG00033.JPG,conductor,1,0.2461,3928.92,2432.54,4315.97,2896.37
Copy of IMG00033.JPG,insulator,2,0.2103,3842.67,1744.81,4103.27,2046.91
Copy of IMG00033.JPG,conductor,1,0.2053,3991.13,2355.98,4316.59,2817.07
Copy of IMG00033.JPG,insulator,2,0.1645,4909.09,1764.42,5148.78,2058.17
Copy of IMG00033.JPG,conductor,1,0.1326,3500.09,2628.42,4032.03,3034.87
Copy of IMG00033.JPG,conductor,1,0.1308,3981.51,2394.35,4375.44,2865.55
Copy of IMG00033.JPG,conductor,1,0.126,4812.57,2806.56,5304.04,3515.75
Copy of IMG00033.JPG,conductor,1,0.1121,3991.23,2177.3,4248.44,2552.66
Copy of IMG00033.JPG,conductor,1,0.1104,4680.31,2553.33,5081.75,3197.59
Copy of IMG00033.JPG,conductor,1,0.1076,3398.61,2710.51,3966.52,3275.61
Copy of IMG00033.JPG,conductor,1,0.1044,4711.55,969.67,5109.86,1411.01
Copy of IMG00033.JPG,conductor,1,0.101,4763.87,2717.3,5248.33,3404.51
Copy of IMG00033.JPG,conductor,1,0.0996,4013.86,2268.63,4282.81,2659.23
Copy of IMG00033.JPG,conductor,1,0.0926,3727.86,2535.18,4202.13,2944.97
Copy of IMG00033.JPG,conductor,1,0.0923,5044.41,2186.18,5799.09,3112.25
Copy of IMG00033.JPG,conductor,1,0.0914,3893.35,2168.23,4216.67,2541.88
Copy of IMG00033.JPG,conductor,1,0.0879,4038.85,2225.01,4321.49,2690.07
Copy of IMG00033.JPG,conductor,1,0.0879,4841.24,2928.45,5356.81,3572.04
Copy of IMG00033.JPG,conductor,1,0.0863,5961.54,5530.35,6606.03,6216.33
Copy of IMG00033.JPG,conductor,1,0.0861,3355.33,2794.29,3930.48,3339.74
Copy of IMG00033.JPG,conductor,1,0.082,6467.25,5036.93,7547.7,6076.63
Copy of IMG00033.JPG,conductor,1,0.0757,3614.91,2569.56,4111.43,2979.63
Copy of IMG00033.JPG,insulator,2,0.0754,4910.91,1809.72,5192.51,2132.99
Copy of IMG00033.JPG,conductor,1,0.0747,4743.58,915.96,5148.53,1363.78
Copy of IMG00033.JPG,conductor,1,0.0734,3819.08,2257.15,4230.76,2618.11
Copy of IMG00033.JPG,conductor,1,0.0681,3424.96,2673.72,3993.42,3151.93
Copy of IMG00033.JPG,conductor,1,0.068,3871.71,2476.07,4295.77,2942.04
Copy of IMG00033.JPG,conductor,1,0.0623,3841.38,2289.27,4236.13,2832.37
Copy of IMG00033.JPG,conductor,1,0.0577,3903.75,2131.27,4197.84,2458.08
Copy of IMG00033.JPG,conductor,1,0.0572,3714.81,2309.3,4057.16,2610.2
Copy of IMG00033.JPG,conductor,1,0.0548,3760.67,2243.9,4160.95,2585.42
Copy of IMG00033.JPG,conductor,1,0.0539,3980.98,2141.29,4225.04,2463.2
Copy of IMG00033.JPG,insulator,2,0.0528,4403.8,1897.38,4599.91,2085.62
Copy of IMG00525.JPG,conductor,1,0.8926,3254.36,5105.86,3697.91,6273.39
Copy of IMG00525.JPG,insulator,2,0.889,3003.72,2648.25,3463.82,3106.52
Copy of IMG00525.JPG,insulator,2,0.8885,5356.39,3163.36,5821.35,3586.13
Copy of IMG00525.JPG,insulator,2,0.8655,2928.25,3379.32,3364.85,3814.97
Copy of IMG00525.JPG,conductor,1,0.8598,5544.03,4526.87,6194.72,6206.82
Copy of IMG00525.JPG,insulator,2,0.8531,4163.42,2883.45,4653.82,3307.47
Copy of IMG00525.JPG,insulator,2,0.8476,5358.13,3894.15,5822.74,4341.69
Copy of IMG00525.JPG,insulator,2,0.7858,3402.64,4656.06,3802.62,4967.33
Copy of IMG00525.JPG,pylon,0,0.7052,3901.44,4349.5,4545.43,6218.39
Copy of IMG00525.JPG,insulator,2,0.6975,4148.08,3666.61,4563.62,4054.97
Copy of IMG00525.JPG,conductor,1,0.6844,4350.93,4560.98,5011.43,6213.73
Copy of IMG00525.JPG,conductor,1,0.5984,568.1,3472.36,2861.45,4108.09
Copy of IMG00525.JPG,conductor,1,0.4968,905.26,2831.18,2862.99,3304.67
Copy of IMG00525.JPG,insulator,2,0.4413,3584.83,3921.87,4010.36,4224.13
Copy of IMG00525.JPG,conductor,1,0.2984,4009.07,4474.56,5007.51,6217.06
Copy of IMG00525.JPG,insulator,2,0.284,3779.27,3421.14,4045.13,3697.54
Copy of IMG00525.JPG,conductor,1,0.2722,305.89,4226.08,3164.07,4893.3
Copy of IMG00525.JPG,insulator,2,0.2522,3800.26,3372.67,4191.91,3654.98
Copy of IMG00525.JPG,conductor,1,0.2352,0.22,3310.0,885.38,3704.58
Copy of IMG00525.JPG,insulator,2,0.1804,3821.12,3310.55,4224.81,3587.28
Copy of IMG00525.JPG,conductor,1,0.1764,3895.06,4381.61,4478.09,6244.12
Copy of IMG00525.JPG,conductor,1,0.1643,859.65,4259.31,3265.99,4950.08
Copy of IMG00525.JPG,conductor,1,0.1255,37.75,2679.41,1090.37,2984.07
Copy of IMG00525.JPG,conductor,1,0.1239,4383.54,5025.05,5006.56,6216.46
Copy of IMG00525.JPG,pylon,0,0.1229,3234.98,5107.72,3704.56,6262.33
Copy of IMG00525.JPG,conductor,1,0.114,1227.33,2885.87,2892.1,3352.61
Copy of IMG00525.JPG,conductor,1,0.0942,4.94,2672.21,497.19,2933.38
Copy of IMG00525.JPG,conductor,1,0.0939,1646.84,2910.0,2928.19,3358.88
Copy of IMG00525.JPG,conductor,1,0.0901,3935.54,4341.69,4653.62,6211.95
Copy of IMG00525.JPG,conductor,1,0.0778,13.27,2638.15,823.07,2977.03
Copy of IMG00525.JPG,insulator,2,0.0772,4160.85,3436.13,4513.84,3701.72
Copy of IMG00525.JPG,conductor,1,0.0681,4371.11,4786.19,4883.66,6182.03
Copy of IMG00525.JPG,conductor,1,0.0659,0.54,3347.53,680.22,3660.21
Copy of IMG00525.JPG,conductor,1,0.063,3341.46,5083.32,3599.96,6285.06
Copy of IMG00525.JPG,conductor,1,0.0582,814.83,2783.71,2889.94,3175.26
Copy of IMG00525.JPG,conductor,1,0.0566,5552.68,4442.61,5870.42,4991.98
Copy of IMG00525.JPG,conductor,1,0.0557,14.72,2666.42,687.51,2931.52
Copy of IMG00525.JPG,conductor,1,0.0553,4078.17,1017.48,4475.66,2803.72
Copy of IMG00525.JPG,conductor,1,0.0514,1.51,3869.26,516.01,4400.21
Copy of IMG00525.JPG,insulator,2,0.0509,3305.35,4659.81,3629.46,4935.83
Copy of IMG00427.JPG,conductor,1,0.4912,58.46,3424.73,4151.02,4191.21
Copy of IMG00427.JPG,pylon,0,0.4403,4675.14,3043.38,5150.85,4689.52
Copy of IMG00427.JPG,conductor,1,0.3852,5546.59,3577.43,9504.0,4340.3
Copy of IMG00427.JPG,insulator,2,0.3187,4448.61,2813.59,4674.46,3051.04
Copy of IMG00427.JPG,conductor,1,0.2273,65.17,3191.69,4149.43,4097.0
Copy of IMG00427.JPG,conductor,1,0.1648,3654.06,4733.35,4540.31,6322.58
Copy of IMG00427.JPG,conductor,1,0.1595,3726.23,4690.07,4571.96,5549.91
Copy of IMG00427.JPG,insulator,2,0.1576,4554.3,2439.71,4846.42,2688.52
Copy of IMG00427.JPG,conductor,1,0.1493,5516.16,3789.29,9504.0,4567.16
Copy of IMG00427.JPG,insulator,2,0.1431,5057.09,2550.99,5370.26,2848.16
Copy of IMG00427.JPG,conductor,1,0.1153,3582.11,5232.67,4490.83,6320.78
Copy of IMG00427.JPG,pylon,0,0.1036,1461.91,0.0,1817.13,588.72
Copy of IMG00427.JPG,conductor,1,0.0921,4333.61,4875.42,4885.9,6313.87
Copy of IMG00427.JPG,conductor,1,0.0806,3756.73,4144.32,4621.3,5501.34
Copy of IMG00427.JPG,conductor,1,0.0766,3824.87,3657.38,4645.1,5355.97
Copy of IMG00427.JPG,insulator,2,0.0691,4967.56,2541.51,5238.52,2772.97
Copy of IMG00427.JPG,conductor,1,0.0575,5570.84,3211.91,9504.0,4242.07
Copy of IMG00427.JPG,insulator,2,0.0553,4595.33,2433.24,4910.16,2695.87
Copy of IMG00427.JPG,conductor,1,0.0541,5568.36,3915.38,9503.7,4811.04
Copy of IMG00215.JPG,insulator,2,0.8762,3907.14,4101.92,4235.69,4498.15
Copy of IMG00215.JPG,conductor,1,0.8434,5636.09,3432.37,6691.81,3960.59
Copy of IMG00215.JPG,pylon,0,0.8315,4590.7,3670.23,5040.43,6281.65
Copy of IMG00215.JPG,conductor,1,0.7512,5045.12,4823.29,6046.42,5458.67
Copy of IMG00215.JPG,insulator,2,0.7392,5226.73,3112.27,5539.99,3475.48
Copy of IMG00215.JPG,conductor,1,0.7108,7908.52,4554.41,9203.06,5118.28
Copy of IMG00215.JPG,conductor,1,0.4934,6349.71,5563.33,7553.6,6228.75
Copy of IMG00215.JPG,conductor,1,0.4726,6502.83,4542.47,7681.29,5182.2
Copy of IMG00215.JPG,conductor,1,0.4724,553.33,2989.78,2031.4,3697.35
Copy of IMG00215.JPG,insulator,2,0.4536,4584.89,3395.36,4808.49,3732.49
Copy of IMG00215.JPG,conductor,1,0.4322,6788.99,4036.15,7856.67,4610.38
Copy of IMG00215.JPG,conductor,1,0.4173,2.72,2709.76,770.03,3238.28
Copy of IMG00215.JPG,conductor,1,0.4137,3211.62,3180.24,4297.98,3674.79
Copy of IMG00215.JPG,conductor,1,0.367,2202.7,3734.89,3763.55,4439.55
Copy of IMG00215.JPG,conductor,1,0.3178,5032.74,3733.89,5669.65,4171.53
Copy of IMG00215.JPG,conductor,1,0.3177,8262.59,5338.75,9430.27,5980.38
Copy of IMG00215.JPG,conductor,1,0.3064,498.19,2199.63,1838.0,2736.09
Copy of IMG00215.JPG,conductor,1,0.3012,7811.93,3750.91,8760.74,4388.73
Copy of IMG00215.JPG,conductor,1,0.2993,5353.84,3897.41,6222.98,4407.72
Copy of IMG00215.JPG,conductor,1,0.2845,5850.69,4151.72,6684.09,4676.39
Copy of IMG00215.JPG,conductor,1,0.2725,2001.15,2205.4,3381.91,2717.88
Copy of IMG00215.JPG,conductor,1,0.2667,5450.7,3987.72,6418.08,4522.77
Copy of IMG00215.JPG,conductor,1,0.262,8133.27,5232.92,9165.29,5904.55
Copy of IMG00215.JPG,conductor,1,0.2571,502.26,3044.19,2488.98,3838.98
Copy of IMG00215.JPG,conductor,1,0.2564,6696.48,4654.59,7774.05,5286.59
Copy of IMG00215.JPG,conductor,1,0.2458,8783.05,4902.43,9501.69,5457.6
Copy of IMG00215.JPG,conductor,1,0.2358,5273.63,3848.7,6143.98,4352.98
Copy of IMG00215.JPG,conductor,1,0.2353,4980.2,3678.14,5490.67,4105.82
Copy of IMG00215.JPG,conductor,1,0.2289,5134.28,3804.07,6042.52,4312.86
Copy of IMG00215.JPG,conductor,1,0.2254,1.71,2531.8,700.35,3213.01
Copy of IMG00215.JPG,conductor,1,0.2191,5069.57,4872.83,6295.61,5528.92
Copy of IMG00215.JPG,conductor,1,0.2141,8027.06,4619.27,9351.93,5237.86
Copy of IMG00215.JPG,conductor,1,0.2083,3.62,1889.85,683.77,2292.61
Copy of IMG00215.JPG,conductor,1,0.2064,5682.08,4102.02,6604.28,4631.69
Copy of IMG00215.JPG,conductor,1,0.1935,8312.79,5853.26,8872.25,6320.14
Copy of IMG00215.JPG,conductor,1,0.1869,1881.25,3596.03,3698.98,4416.01
Copy of IMG00215.JPG,conductor,1,0.1865,6343.79,4430.68,7203.7,4958.2
Copy of IMG00215.JPG,conductor,1,0.173,5802.04,3529.7,6758.48,4052.66
Copy of IMG00215.JPG,conductor,1,0.1689,1405.02,2489.22,2528.87,3023.05
Copy of IMG00215.JPG,conductor,1,0.1491,7649.4,4993.84,8446.94,5561.24
Copy of IMG00215.JPG,conductor,1,0.147,8229.49,4764.32,9499.33,5355.76
Copy of IMG00215.JPG,conductor,1,0.1468,5057.99,3751.63,5893.41,4240.53
Copy of IMG00215.JPG,conductor,1,0.1315,5590.4,4046.79,6535.55,4573.01
Copy of IMG00215.JPG,conductor,1,0.1306,2573.1,2893.67,3820.79,3460.44
Copy of IMG00215.JPG,conductor,1,0.1198,5552.06,3400.68,6436.74,3866.83
Copy of IMG00215.JPG,conductor,1,0.1134,8360.82,5439.5,9502.38,6131.98
Copy of IMG00215.JPG,conductor,1,0.1107,5829.81,5237.46,6795.58,5867.15
Copy of IMG00215.JPG,conductor,1,0.1035,1582.86,2546.43,2657.41,3109.97
Copy of IMG00215.JPG,conductor,1,0.1024,7940.69,5167.23,8931.37,5792.5
Copy of IMG00215.JPG,conductor,1,0.1024,7802.83,4487.07,8994.78,5017.39
Copy of IMG00215.JPG,conductor,1,0.1014,7732.52,5034.3,8587.93,5618.63
Copy of IMG00215.JPG,conductor,1,0.0958,3268.21,2581.93,4492.27,3122.85
Copy of IMG00215.JPG,conductor,1,0.0956,6014.04,4223.18,6755.3,4738.45
Copy of IMG00215.JPG,conductor,1,0.0943,0.0,2779.68,892.1,3267.41
Copy of IMG00215.JPG,conductor,1,0.0939,6142.44,5396.43,7450.53,6173.83
Copy of IMG00215.JPG,conductor,1,0.091,8902.85,3826.89,9504.0,4714.25
Copy of IMG00215.JPG,conductor,1,0.088,3415.04,2722.86,4570.54,3170.37
Copy of IMG00215.JPG,conductor,1,0.0871,1516.53,3417.57,3684.78,4260.78
Copy of IMG00215.JPG,conductor,1,0.0864,605.34,3139.58,2962.3,4004.96
Copy of IMG00215.JPG,conductor,1,0.0863,5688.4,5187.46,6701.5,5797.96
Copy of IMG00215.JPG,conductor,1,0.0838,608.66,3208.36,3717.07,4248.64
Copy of IMG00215.JPG,conductor,1,0.0821,2761.56,2998.0,4175.53,3581.19
Copy of IMG00215.JPG,conductor,1,0.0814,894.67,1795.2,2097.25,2261.21
Copy of IMG00215.JPG,conductor,1,0.0799,6654.7,3926.47,7717.99,4482.48
Copy of IMG00215.JPG,conductor,1,0.0797,6244.64,3714.65,7147.18,4232.17
Copy of IMG00215.JPG,conductor,1,0.0784,6191.95,4394.65,7144.09,4898.77
Copy of IMG00215.JPG,conductor,1,0.0769,7773.17,4469.1,8753.99,4925.64
Copy of IMG00215.JPG,conductor,1,0.0768,6417.97,4464.46,7336.87,5025.4
Copy of IMG00215.JPG,conductor,1,0.0744,5321.07,4993.99,6426.97,5635.08
Copy of IMG00215.JPG,conductor,1,0.0738,7888.11,3858.78,8703.32,4409.27
Copy of IMG00215.JPG,conductor,1,0.0729,7455.58,4943.76,8413.55,5520.28
Copy of IMG00215.JPG,conductor,1,0.0682,38.42,1945.9,839.89,2374.19
Copy of IMG00215.JPG,conductor,1,0.0681,4982.28,4777.97,5902.82,5396.09
Copy of IMG00215.JPG,conductor,1,0.0657,19.66,1411.72,852.99,1789.62
Copy of IMG00215.JPG,conductor,1,0.0609,1.73,2434.68,563.72,3104.66
Copy of IMG00215.JPG,conductor,1,0.0581,1136.05,1831.93,2127.57,2292.38
Copy of IMG00215.JPG,conductor,1,0.0578,1163.17,3377.98,3008.89,4161.16
Copy of IMG00215.JPG,conductor,1,0.057,9082.44,5652.06,9504.0,6283.05
Copy of IMG00215.JPG,conductor,1,0.0557,8932.7,4221.44,9503.13,4838.0
Copy of IMG00215.JPG,conductor,1,0.0557,7.39,1425.95,1058.76,1910.54
Copy of IMG00215.JPG,conductor,1,0.0556,5493.55,5082.46,6585.95,5724.39
Copy of IMG00215.JPG,conductor,1,0.0547,2300.62,2283.26,3454.12,2754.13
Copy of IMG00215.JPG,conductor,1,0.0545,1.23,2396.83,431.78,3052.88
Copy of IMG00215.JPG,conductor,1,0.0545,8563.39,927.54,9501.38,1734.28
Copy of IMG00215.JPG,conductor,1,0.0541,1080.86,2336.7,2026.04,2772.2
Copy of IMG00215.JPG,conductor,1,0.0529,3009.73,3036.84,3881.92,3485.28
Copy of IMG00215.JPG,conductor,1,0.0529,6689.36,5723.19,7639.2,6273.28
Copy of IMG00215.JPG,conductor,1,0.0528,1823.93,2634.98,3313.24,3276.08
Copy of IMG00215.JPG,conductor,1,0.051,1.39,2321.42,337.08,2998.72
Copy of IMG00215.JPG,conductor,1,0.0504,5954.75,5301.25,7001.71,5970.39
Copy of IMG00215.JPG,conductor,1,0.0501,2511.94,2781.25,3587.38,3386.94
Copy of IMG03418.JPG,pylon,0,0.9053,3765.23,3460.99,4334.57,6286.5
Copy of IMG03418.JPG,insulator,2,0.657,4126.63,3831.81,4395.36,4082.76
Copy of IMG03418.JPG,conductor,1,0.6535,4718.43,2776.47,7197.01,3309.86
Copy of IMG03418.JPG,conductor,1,0.6389,1940.54,3907.78,3799.65,4911.39
Copy of IMG03418.JPG,insulator,2,0.6289,3498.94,3014.61,3765.7,3284.91
Copy of IMG03418.JPG,conductor,1,0.5416,1637.45,3996.08,3742.35,5057.38
Copy of IMG03418.JPG,conductor,1,0.5275,143.4,4315.42,3226.1,5357.43
Copy of IMG03418.JPG,conductor,1,0.4993,939.05,3395.11,2466.93,3886.91
Copy of IMG03418.JPG,insulator,2,0.4551,3917.73,3136.08,4189.5,3371.74
Copy of IMG03418.JPG,conductor,1,0.4294,5257.1,3510.34,6820.59,3980.36
Copy of IMG03418.JPG,conductor,1,0.3888,4560.89,3538.1,6788.35,4230.53
Copy of IMG03418.JPG,conductor,1,0.3598,8714.84,2439.56,9504.0,2822.22
Copy of IMG03418.JPG,conductor,1,0.3583,2015.56,3161.93,3361.7,3559.79
Copy of IMG03418.JPG,conductor,1,0.2912,4590.55,3601.13,5897.01,4204.33
Copy of IMG03418.JPG,conductor,1,0.286,719.13,4021.26,3716.71,5100.16
Copy of IMG03418.JPG,conductor,1,0.2813,315.79,4190.6,3758.35,5276.24
Copy of IMG03418.JPG,conductor,1,0.2656,160.24,3823.66,1112.24,4209.15
Copy of IMG03418.JPG,conductor,1,0.2565,7064.04,2662.4,8324.66,3052.79
Copy of IMG03418.JPG,conductor,1,0.2306,2002.06,3176.27,3435.04,3786.75
Copy of IMG03418.JPG,conductor,1,0.2295,28.3,4362.89,2539.56,5416.5
Copy of IMG03418.JPG,conductor,1,0.2286,8800.21,2443.42,9501.65,2695.81
Copy of IMG03418.JPG,conductor,1,0.2239,24.66,4502.07,1733.3,5428.24
Copy of IMG03418.JPG,conductor,1,0.1827,60.92,3787.21,1162.23,4270.24
Copy of IMG03418.JPG,conductor,1,0.182,5325.87,3458.36,7259.5,3936.75
Copy of IMG03418.JPG,conductor,1,0.1734,18.11,3833.39,1116.99,4400.12
Copy of IMG03418.JPG,conductor,1,0.1551,2.94,4178.4,506.43,4621.27
Copy of IMG03418.JPG,conductor,1,0.1479,1045.13,3374.72,2465.56,3748.97
Copy of IMG03418.JPG,conductor,1,0.1442,913.12,3425.16,2233.37,3815.45
Copy of IMG03418.JPG,conductor,1,0.1284,149.04,3763.47,1218.09,4166.06
Copy of IMG03418.JPG,conductor,1,0.1184,810.2,3513.04,1917.6,3879.76
Copy of IMG03418.JPG,conductor,1,0.1139,437.01,4249.18,2738.6,5309.13
Copy of IMG03418.JPG,conductor,1,0.112,1.53,4002.28,653.06,4597.52
Copy of IMG03418.JPG,conductor,1,0.1115,7283.89,2635.07,8564.36,2995.14
Copy of IMG03418.JPG,conductor,1,0.1097,978.56,3688.68,2427.59,4162.86
Copy of IMG03418.JPG,conductor,1,0.1074,1087.72,3182.58,3355.61,3626.77
Copy of IMG03418.JPG,conductor,1,0.1067,0.76,4124.93,421.04,4583.51
Copy of IMG03418.JPG,conductor,1,0.1044,1357.72,3762.26,2320.36,4151.68
Copy of IMG03418.JPG,conductor,1,0.1038,4761.09,2725.54,7292.02,3158.67
Copy of IMG03418.JPG,conductor,1,0.1005,4840.76,3000.39,6356.98,3317.86
Copy of IMG03418.JPG,conductor,1,0.1004,8672.23,2492.0,9493.47,2734.13
Copy of IMG03418.JPG,conductor,1,0.1003,18.42,3798.96,1026.57,4145.57
Copy of IMG03418.JPG,conductor,1,0.0998,937.28,3372.82,3254.62,4075.31
Copy of IMG03418.JPG,conductor,1,0.0914,236.98,3706.65,1352.93,4049.8
Copy of IMG03418.JPG,conductor,1,0.0894,2430.42,3497.76,3456.84,3824.24
Copy of IMG03418.JPG,conductor,1,0.0881,8838.14,2505.51,9501.78,2818.06
Copy of IMG03418.JPG,conductor,1,0.0868,4199.38,2981.78,5307.57,3435.97
Copy of IMG03418.JPG,conductor,1,0.0852,103.23,3881.61,1012.25,4266.82
Copy of IMG03418.JPG,conductor,1,0.0817,1076.39,3878.89,1935.7,4219.25
Copy of IMG03418.JPG,conductor,1,0.0805,1495.96,3760.09,2451.2,4115.85
Copy of IMG03418.JPG,conductor,1,0.079,356.52,3687.0,1539.19,4008.51
Copy of IMG03418.JPG,conductor,1,0.076,2156.94,3137.68,3424.12,3459.26
Copy of IMG03418.JPG,insulator,2,0.0746,3817.43,3168.79,4050.95,3401.39
Copy of IMG03418.JPG,conductor,1,0.0742,698.33,3585.47,1708.44,3900.32
Copy of IMG03418.JPG,conductor,1,0.0729,5237.21,3562.3,6590.83,3928.2
Copy of IMG03418.JPG,conductor,1,0.0704,1160.38,3837.11,2057.06,4190.94
Copy of IMG03418.JPG,conductor,1,0.0686,4736.99,2815.31,6650.09,3144.28
Copy of IMG03418.JPG,conductor,1,0.0685,1247.55,3797.18,2186.61,4172.8
Copy of IMG03418.JPG,conductor,1,0.0682,7562.52,2748.26,8261.5,2968.64
Copy of IMG03418.JPG,conductor,1,0.0661,2241.72,3515.66,3377.3,3865.13
Copy of IMG03418.JPG,insulator,2,0.0654,4058.94,3421.56,4354.31,3636.8
Copy of IMG03418.JPG,conductor,1,0.0652,0.46,4035.67,383.16,4459.28
Copy of IMG03418.JPG,conductor,1,0.0638,1642.4,3255.99,3017.52,3617.83
Copy of IMG03418.JPG,conductor,1,0.0635,948.68,3293.54,3271.58,3837.51
Copy of IMG03418.JPG,conductor,1,0.0624,6866.79,2868.03,7420.18,3100.94
Copy of IMG03418.JPG,conductor,1,0.0621,1.51,3840.34,986.85,4561.58
Copy of IMG03418.JPG,conductor,1,0.0601,4195.06,2924.59,6433.77,3425.49
Copy of IMG03418.JPG,conductor,1,0.0588,8850.9,2355.8,9499.04,2625.31
Copy of IMG03418.JPG,conductor,1,0.058,1.76,4065.06,590.59,4491.06
Copy of IMG03418.JPG,conductor,1,0.0577,7266.85,2784.3,7944.05,2996.83
Copy of IMG03418.JPG,conductor,1,0.0573,1749.23,3214.21,3141.2,3581.27
Copy of IMG03418.JPG,conductor,1,0.0572,6.31,4232.47,806.51,4597.89
Copy of IMG03418.JPG,conductor,1,0.0572,5789.39,2756.6,7141.19,3005.05
Copy of IMG03418.JPG,conductor,1,0.0551,362.08,3915.94,1301.81,4230.34
Copy of IMG03418.JPG,conductor,1,0.0551,512.68,3614.84,1669.06,3940.65
Copy of IMG03418.JPG,pylon,0,0.0548,3808.15,4033.34,4286.72,6280.51
Copy of IMG03418.JPG,conductor,1,0.0545,11.71,3957.96,953.83,4346.12
Copy of IMG03418.JPG,conductor,1,0.054,1473.84,3305.84,2908.17,3644.97
Copy of IMG03418.JPG,conductor,1,0.0525,7303.59,2847.57,7915.01,3098.91
Copy of IMG03418.JPG,conductor,1,0.0518,4590.02,2828.0,6473.96,3400.17
Copy of IMG03418.JPG,insulator,2,0.051,3809.12,3107.66,4053.67,3356.46
Copy of IMG03418.JPG,conductor,1,0.0504,7350.92,2775.35,8109.67,2984.25
Copy of IMG03418.JPG,conductor,1,0.0502,6.29,4128.12,824.66,4532.69
Copy of IMG03418.JPG,conductor,1,0.0501,490.93,3959.75,1342.05,4264.62
Copy of IMG00046.JPG,insulator,2,0.8909,6144.93,3162.48,6611.16,3680.8
Copy of IMG00046.JPG,insulator,2,0.8603,4820.44,3982.72,5201.72,4300.04
Copy of IMG00046.JPG,insulator,2,0.7266,4673.98,2882.34,5172.89,3400.55
Copy of IMG00046.JPG,insulator,2,0.6848,5533.98,2961.95,5869.08,3259.1
Copy of IMG00046.JPG,pylon,0,0.6081,5267.43,4116.86,5825.77,6300.33
Copy of IMG00046.JPG,conductor,1,0.5581,6394.69,3891.83,7868.81,6174.85
Copy of IMG00046.JPG,insulator,2,0.5179,5138.12,3658.98,5513.61,3984.03
Copy of IMG00046.JPG,insulator,2,0.3949,5458.12,3253.57,5745.6,3518.99
Copy of IMG00046.JPG,conductor,1,0.3711,5668.19,5374.17,6221.12,6273.98
Copy of IMG00046.JPG,conductor,1,0.2635,5887.7,4159.87,6785.27,6194.37
Copy of IMG00046.JPG,conductor,1,0.1632,864.38,2965.42,4574.39,3464.4
Copy of IMG00046.JPG,insulator,2,0.1338,5611.49,3479.16,5860.35,3743.75
Copy of IMG00046.JPG,conductor,1,0.1324,5858.5,1673.13,6401.04,2466.78
Copy of IMG00046.JPG,insulator,2,0.132,5501.39,3154.86,5822.3,3513.87
Copy of IMG00046.JPG,conductor,1,0.1116,6461.4,5610.69,6955.12,6309.73
Copy of IMG00046.JPG,conductor,1,0.099,5842.19,4107.45,6667.11,5909.96
Copy of IMG00046.JPG,conductor,1,0.0987,6178.99,4392.33,6940.63,6316.4
Copy of IMG00046.JPG,conductor,1,0.0892,5120.37,1740.79,5791.15,2444.52
Copy of IMG00046.JPG,conductor,1,0.0885,6389.99,3871.38,7692.3,5567.55
Copy of IMG00046.JPG,conductor,1,0.0833,5813.86,3981.11,6171.08,4615.78
Copy of IMG00046.JPG,conductor,1,0.0763,43.03,2676.85,3863.63,3112.38
Copy of IMG00046.JPG,conductor,1,0.0714,6438.45,2045.31,6929.45,2906.29
Copy of IMG00046.JPG,conductor,1,0.0641,130.27,2879.05,4530.1,3354.06
Copy of IMG00046.JPG,conductor,1,0.0637,5742.64,5540.1,6233.53,6309.87
Copy of IMG00046.JPG,conductor,1,0.0603,5837.38,1950.03,6290.05,2569.07
Copy of IMG00046.JPG,insulator,2,0.0573,6175.52,3154.91,6603.26,3560.29
Copy of IMG00481.JPG,pylon,0,0.5706,4519.11,2905.1,4891.8,5264.21
Copy of IMG00481.JPG,pylon,0,0.5239,4376.05,2960.2,4915.56,5304.63
Copy of IMG00481.JPG,conductor,1,0.4327,5396.68,3517.02,9504.0,4300.3
Copy of IMG00481.JPG,insulator,2,0.3279,4970.29,2886.7,5183.45,3089.86
Copy of IMG00481.JPG,conductor,1,0.1565,5367.9,3393.01,9504.0,4176.76
Copy of IMG00481.JPG,conductor,1,0.126,5387.21,3642.81,9504.0,4595.81
Copy of IMG00481.JPG,conductor,1,0.1156,3549.01,3174.18,4416.97,4726.52
Copy of IMG00481.JPG,conductor,1,0.1041,5898.73,99.93,6312.12,1020.53
Copy of IMG00481.JPG,conductor,1,0.0736,0.0,2029.15,841.42,3068.66
Copy of IMG00481.JPG,conductor,1,0.0588,5494.1,3232.27,9504.0,4149.32
Copy of IMG00467.JPG,conductor,1,0.6602,5580.1,3404.7,9504.0,4340.1
Copy of IMG00467.JPG,conductor,1,0.6042,3378.21,4337.76,4429.14,6283.93
Copy of IMG00467.JPG,pylon,0,0.5543,4602.32,3196.98,5084.38,5630.26
Copy of IMG00467.JPG,insulator,2,0.443,5101.38,3100.55,5338.63,3332.48
Copy of IMG00467.JPG,conductor,1,0.4049,37.11,4050.06,3618.86,5170.94
Copy of IMG00467.JPG,insulator,2,0.3444,4283.29,3010.91,4573.85,3336.72
Copy of IMG00467.JPG,pylon,0,0.2632,4556.01,3278.43,5064.37,6266.5
Copy of IMG00467.JPG,conductor,1,0.1119,5581.27,3083.55,8918.83,4105.43
Copy of IMG00467.JPG,conductor,1,0.0984,5488.66,2494.39,9291.44,3262.37
Copy of IMG00467.JPG,conductor,1,0.0911,5502.07,2607.72,9504.0,3445.99
Copy of IMG00467.JPG,conductor,1,0.0879,5608.75,2695.89,9504.0,3244.84
Copy of IMG00467.JPG,conductor,1,0.0835,5591.06,3320.91,8822.76,4253.54
Copy of IMG00467.JPG,conductor,1,0.0819,0.0,2095.68,3545.9,3054.28
Copy of IMG00467.JPG,conductor,1,0.0814,23.4,3390.86,3752.43,4817.53
Copy of IMG00467.JPG,conductor,1,0.0768,5616.71,1516.95,9418.48,2229.14
Copy of IMG00467.JPG,conductor,1,0.0749,22.05,2933.74,3889.38,3691.27
Copy of IMG00467.JPG,conductor,1,0.0651,13.93,2600.58,3990.84,3294.62
Copy of IMG00467.JPG,conductor,1,0.0622,3456.92,3923.24,4419.66,6025.77
Copy of IMG00467.JPG,conductor,1,0.0535,3961.96,3423.9,4446.34,4208.08
Copy of IMG00467.JPG,conductor,1,0.0526,0.0,2316.86,3558.7,3330.1
Copy of IMG00006.JPG,pylon,0,0.7745,4765.95,3762.53,5360.78,6313.41
Copy of IMG00006.JPG,insulator,2,0.722,4852.02,3248.62,5080.24,3494.29
Copy of IMG00006.JPG,insulator,2,0.4939,5085.79,3112.27,5345.43,3325.44
Copy of IMG00006.JPG,conductor,1,0.4788,4085.28,3791.69,4855.36,4194.99
Copy of IMG00006.JPG,conductor,1,0.4744,3443.39,4617.51,4536.89,5432.45
Copy of IMG00006.JPG,conductor,1,0.3551,393.6,186.54,1400.26,1122.29
Copy of IMG00006.JPG,conductor,1,0.3206,1998.2,5062.32,3641.38,5867.14
Copy of IMG00006.JPG,conductor,1,0.2929,2811.61,4003.1,4229.92,4615.23
Copy of IMG00006.JPG,conductor,1,0.2056,2712.76,3460.11,4078.26,4043.67
Copy of IMG00006.JPG,conductor,1,0.1565,2953.93,3450.08,4136.12,3960.73
Copy of IMG00006.JPG,conductor,1,0.1433,2379.68,3471.21,4004.68,4130.62
Copy of IMG00006.JPG,conductor,1,0.1269,3153.73,3458.15,4254.15,3828.47
Copy of IMG00006.JPG,conductor,1,0.1032,3913.95,3788.64,4847.99,4271.63
Copy of IMG00006.JPG,conductor,1,0.1027,479.25,3892.65,852.49,6293.88
Copy of IMG00006.JPG,pylon,0,0.102,472.16,3889.09,890.76,6308.67
Copy of IMG00006.JPG,pylon_fissure,3,0.0964,4938.69,5563.81,5172.89,6308.55
Copy of IMG00006.JPG,conductor,1,0.0896,3731.91,3261.94,4635.38,3699.74
Copy of IMG00006.JPG,insulator,2,0.0888,821.75,4407.77,1157.71,4660.23
Copy of IMG00006.JPG,conductor,1,0.0808,2235.36,3564.28,3696.34,4197.45
Copy of IMG00006.JPG,insulator,2,0.0719,5084.19,3338.15,5291.37,3538.87
Copy of IMG00006.JPG,conductor,1,0.0629,3108.58,3313.71,4582.77,3815.53
Copy of IMG00006.JPG,conductor,1,0.0584,5413.73,2723.32,8099.42,3129.63
Copy of IMG00006.JPG,conductor,1,0.055,3744.5,3829.15,4809.01,4341.27
Copy of IMG00006.JPG,insulator,2,0.0538,4850.07,3198.37,5053.77,3474.08
Copy of IMG00006.JPG,conductor,1,0.053,3815.71,3256.49,4706.36,3566.13
Copy of IMG00006.JPG,insulator,2,0.0505,5058.8,3155.17,5329.9,3379.34
Copy of IMG00090.JPG,conductor,1,0.4601,8383.74,5193.44,9338.26,6288.55
Copy of IMG00090.JPG,conductor,1,0.3425,8902.13,3980.34,9501.15,5308.69
Copy of IMG00090.JPG,conductor,1,0.3359,6683.03,2663.83,7671.55,3597.07
Copy of IMG00090.JPG,conductor,1,0.2659,7812.02,4252.09,8818.06,5419.99
Copy of IMG00090.JPG,pylon,0,0.2152,4488.54,0.0,4867.37,3432.54
Copy of IMG00090.JPG,conductor,1,0.2097,6242.73,1827.81,7251.19,2953.9
Copy of IMG00090.JPG,conductor,1,0.1782,7563.64,3982.86,8766.32,5345.91
Copy of IMG00090.JPG,conductor,1,0.1688,7424.83,3812.96,8541.35,4833.37
Copy of IMG00090.JPG,pylon,0,0.1521,4390.03,0.0,4929.4,3295.31
Copy of IMG00090.JPG,conductor,1,0.143,6108.95,1740.58,7028.98,2759.35
Copy of IMG00090.JPG,conductor,1,0.1036,7246.32,1227.43,7797.8,1614.75
Copy of IMG00090.JPG,conductor,1,0.0861,6821.6,1099.84,7244.07,1472.53
Copy of IMG00090.JPG,conductor,1,0.0766,6478.4,2156.35,7605.93,3551.49
Copy of IMG00090.JPG,conductor,1,0.0742,7297.34,1766.88,9269.28,3433.03
Copy of IMG00090.JPG,conductor,1,0.0637,9073.05,4065.01,9504.0,5410.28
Copy of IMG00090.JPG,conductor,1,0.0612,5195.27,174.65,5953.72,636.91
Copy of IMG00090.JPG,conductor,1,0.0597,7191.72,1136.66,7692.67,1537.95
Copy of IMG00090.JPG,conductor,1,0.059,5700.76,1088.03,6533.55,1757.23
Copy of IMG00090.JPG,conductor,1,0.0558,8395.8,2776.39,9306.31,3339.63
Copy of IMG00090.JPG,conductor,1,0.053,8476.22,5422.89,9475.74,6321.31
Copy of IMG00090.JPG,conductor,1,0.0513,9156.06,3673.72,9497.76,4076.72
Copy of IMG00090.JPG,conductor,1,0.0513,9355.74,3788.25,9504.0,4192.41
Copy of IMG00042.JPG,conductor,1,0.6508,3191.91,0.0,4248.07,1150.26
Copy of IMG00042.JPG,insulator,2,0.4854,4443.18,3139.49,4880.75,3683.96
Copy of IMG00042.JPG,conductor,1,0.3097,4715.16,4800.12,5694.55,6319.15
Copy of IMG00042.JPG,conductor,1,0.0592,4310.87,3821.66,7232.3,6307.93
Copy of IMG00143.JPG,conductor,1,0.694,5192.82,779.33,5847.35,1340.13
Copy of IMG00143.JPG,insulator,2,0.6521,4792.05,422.89,5138.75,803.69
Copy of IMG00143.JPG,insulator,2,0.6156,3899.61,628.28,4276.34,924.49
Copy of IMG00143.JPG,pylon,0,0.5347,4217.71,1476.91,4648.77,4928.88
Copy of IMG00143.JPG,conductor,1,0.4479,4662.19,1543.6,5163.38,2187.78
Copy of IMG00143.JPG,conductor,1,0.4326,4701.2,1621.59,5286.53,2271.39
Copy of IMG00143.JPG,insulator,2,0.3539,4522.93,735.67,4807.76,1047.28
Copy of IMG00143.JPG,insulator,2,0.3436,4184.21,1131.0,4448.82,1382.36
Copy of IMG00143.JPG,conductor,1,0.3326,4925.36,1150.4,5397.57,1585.48
Copy of IMG00143.JPG,conductor,1,0.3305,7158.68,3958.93,8002.66,4779.16
Copy of IMG00143.JPG,conductor,1,0.3071,8704.56,5396.07,9502.28,6283.94
Copy of IMG00143.JPG,insulator,2,0.2807,3769.36,1008.37,4118.79,1260.3
Copy of IMG00143.JPG,conductor,1,0.2719,7826.22,4603.31,8705.42,5307.54
Copy of IMG00143.JPG,conductor,1,0.243,7083.58,3888.69,7873.94,4708.07
Copy of IMG00143.JPG,conductor,1,0.2343,8878.83,4552.58,9501.13,5230.83
Copy of IMG00143.JPG,conductor,1,0.2263,4945.94,1184.26,5463.99,1661.81
Copy of IMG00143.JPG,conductor,1,0.2183,8566.37,5272.94,9499.21,6092.77
Copy of IMG00143.JPG,insulator,2,0.2101,4424.2,363.71,4712.36,600.74
Copy of IMG00143.JPG,conductor,1,0.196,4770.27,1696.58,5343.24,2322.98
Copy of IMG00143.JPG,conductor,1,0.185,8516.02,3692.01,9385.06,4263.92
Copy of IMG00143.JPG,conductor,1,0.1463,5458.62,2491.91,6282.28,3227.14
Copy of IMG00143.JPG,conductor,1,0.1406,4636.6,1473.23,5010.6,2031.41
Copy of IMG00143.JPG,conductor,1,0.1388,7627.59,4498.59,8553.32,5243.08
Copy of IMG00143.JPG,conductor,1,0.1368,5165.79,737.72,5746.55,1289.19
Copy of IMG00143.JPG,conductor,1,0.1366,5046.46,1261.3,5616.0,1724.06
Copy of IMG00143.JPG,conductor,1,0.1272,9008.53,5584.04,9504.0,6298.43
Copy of IMG00143.JPG,conductor,1,0.1171,4812.84,1757.18,5439.98,2419.64
Copy of IMG00143.JPG,conductor,1,0.1171,4840.3,1036.09,5151.69,1427.42
Copy of IMG00143.JPG,conductor,1,0.1113,8002.79,3211.1,8862.13,3833.77
Copy of IMG00143.JPG,conductor,1,0.1063,6242.88,3254.43,7194.07,3997.97
Copy of IMG00143.JPG,conductor,1,0.0989,4865.84,1072.38,5278.84,1491.33
Copy of IMG00143.JPG,conductor,1,0.0851,6985.68,3821.42,7809.01,4584.11
Copy of IMG00143.JPG,conductor,1,0.0839,8491.19,5163.4,9425.48,5859.2
Copy of IMG00143.JPG,conductor,1,0.082,7705.66,3599.71,8332.22,4153.32
Copy of IMG00143.JPG,conductor,1,0.0801,9070.3,4112.26,9502.62,4601.72
Copy of IMG00143.JPG,conductor,1,0.0774,4949.28,1910.94,5615.96,2573.88
Copy of IMG00143.JPG,conductor,1,0.0763,6006.36,3023.74,6913.15,3806.43
Copy of IMG00143.JPG,conductor,1,0.0747,5051.8,2016.75,5734.23,2673.62
Copy of IMG00143.JPG,conductor,1,0.0741,8632.34,3757.52,9439.54,4386.22
Copy of IMG00143.JPG,conductor,1,0.0739,5147.09,1345.65,5666.87,1851.77
Copy of IMG00143.JPG,conductor,1,0.0715,8201.92,4052.78,8873.02,4592.57
Copy of IMG00143.JPG,conductor,1,0.0711,4586.09,1437.91,4877.09,1967.58
Copy of IMG00143.JPG,conductor,1,0.07,6390.47,3389.19,7254.8,4064.25
Copy of IMG00143.JPG,conductor,1,0.0671,4894.18,1832.33,5510.13,2464.08
Copy of IMG00143.JPG,conductor,1,0.0653,8187.87,3356.95,9064.85,4015.0
Copy of IMG00143.JPG,insulator,2,0.0652,4198.79,1090.55,4490.28,1370.92
Copy of IMG00143.JPG,conductor,1,0.0646,8241.05,4112.62,8908.6,4682.51
Copy of IMG00143.JPG,conductor,1,0.0643,6078.49,3083.79,7039.32,3878.14
Copy of IMG00143.JPG,conductor,1,0.0635,8155.88,3308.03,8965.12,3889.78
Copy of IMG00143.JPG,conductor,1,0.0608,4952.14,1084.99,5535.83,1525.59
Copy of IMG00143.JPG,conductor,1,0.0577,8109.06,3992.03,8755.85,4545.76
Copy of IMG00143.JPG,conductor,1,0.0572,7514.61,2828.51,8475.99,3450.88
Copy of IMG00143.JPG,conductor,1,0.0544,5729.39,1251.97,6475.43,1873.28
Copy of IMG00143.JPG,conductor,1,0.0521,7329.67,2625.17,8328.66,3330.48
Copy of IMG00143.JPG,conductor,1,0.0505,7567.63,3534.37,8263.83,4116.52
Copy of IMG00403.JPG,insulator,2,0.8328,3506.34,1807.36,3940.21,2279.71
Copy of IMG00403.JPG,insulator,2,0.7179,5074.29,2404.77,5432.67,2786.81
Copy of IMG00403.JPG,insulator,2,0.5899,4333.57,1748.62,4756.56,2145.52
Copy of IMG00403.JPG,insulator,2,0.3569,4194.49,2176.65,4456.63,2526.08
Copy of IMG00403.JPG,conductor,1,0.3427,3075.89,4878.09,4108.44,6263.33
Copy of IMG00403.JPG,conductor,1,0.2212,3828.28,95.58,4668.15,1489.92
Copy of IMG00403.JPG,conductor,1,0.1528,3715.43,2296.94,4883.08,6301.11
Copy of IMG00403.JPG,conductor,1,0.1041,4649.24,58.0,5403.69,1506.92
Copy of IMG00403.JPG,conductor,1,0.0804,1859.94,4979.53,2897.92,6265.07
Copy of IMG03404.JPG,insulator,2,0.5417,6844.43,3210.47,7324.28,3588.16
Copy of IMG03404.JPG,insulator,2,0.5379,6341.75,4291.32,6734.08,4688.82
Copy of IMG03404.JPG,insulator,2,0.4377,3120.08,3231.12,3671.65,3750.29
Copy of IMG03404.JPG,conductor,1,0.4103,7966.82,4074.16,9500.93,5578.69
Copy of IMG03404.JPG,insulator,2,0.3471,8242.76,1762.15,8602.23,2096.17
Copy of IMG03404.JPG,insulator,2,0.2566,5837.37,4082.33,6190.89,4348.34
Copy of IMG03404.JPG,insulator,2,0.225,4612.65,4796.77,5013.08,5173.87
Copy of IMG03404.JPG,conductor,1,0.2175,1.9,4158.19,1633.81,5949.71
Copy of IMG03404.JPG,conductor,1,0.1833,8423.33,5551.87,9503.91,6326.94
Copy of IMG03404.JPG,conductor,1,0.1398,1013.25,1041.32,2378.12,2311.13
Copy of IMG03404.JPG,insulator,2,0.1285,5656.35,4941.91,6037.53,5305.51
Copy of IMG03404.JPG,insulator,2,0.1055,7000.39,2202.6,7440.56,2586.51
Copy of IMG03404.JPG,insulator,2,0.0974,5771.28,4001.73,6127.26,4273.88
Copy of IMG03404.JPG,conductor,1,0.0953,1130.02,1239.54,2486.64,2411.28
Copy of IMG03404.JPG,conductor,1,0.0705,0.14,5789.94,346.93,6294.75
Copy of IMG03404.JPG,insulator,2,0.0702,3772.38,4102.96,4294.84,4597.77
Copy of IMG03404.JPG,insulator,2,0.0694,5884.95,4658.83,6341.04,5054.32
Copy of IMG03404.JPG,conductor,1,0.06,1.49,5690.05,240.0,6279.29
Copy of IMG03404.JPG,conductor,1,0.0555,1226.99,5337.0,2270.44,6209.33
Copy of IMG03404.JPG,conductor,1,0.0552,931.08,955.92,2069.17,1923.8
Copy of IMG03404.JPG,insulator,2,0.0501,6171.33,3386.56,6370.19,3581.49
Copy of IMG03545.JPG,pylon,0,0.6509,3858.89,3891.01,4362.7,6268.87
Copy of IMG03545.JPG,conductor,1,0.6427,5065.37,4364.83,6441.56,5022.94
Copy of IMG03545.JPG,insulator,2,0.439,3822.61,4508.57,4056.81,4801.07
Copy of IMG03545.JPG,conductor,1,0.4039,7234.14,5396.52,8469.24,6126.88
Copy of IMG03545.JPG,conductor,1,0.375,5756.65,5375.65,6704.4,6141.29
Copy of IMG03545.JPG,conductor,1,0.3676,5042.57,5062.53,5995.15,5651.59
Copy of IMG03545.JPG,conductor,1,0.349,857.18,2827.82,2186.0,3413.57
Copy of IMG03545.JPG,conductor,1,0.3087,6038.88,4932.8,7625.14,5602.77
Copy of IMG03545.JPG,conductor,1,0.2738,3990.42,1062.08,5207.23,1586.53
Copy of IMG03545.JPG,insulator,2,0.2105,3879.81,3811.63,4110.38,4122.16
Copy of IMG03545.JPG,conductor,1,0.181,50.18,2612.99,1024.58,3008.8
Copy of IMG03545.JPG,insulator,2,0.1548,3857.88,4117.55,4088.79,4390.75
Copy of IMG03545.JPG,conductor,1,0.1364,5940.96,4829.91,7438.26,5470.35
Copy of IMG03545.JPG,conductor,1,0.1313,181.69,2703.76,963.08,3020.43
Copy of IMG03545.JPG,conductor,1,0.1211,7367.45,5536.03,8595.28,6228.72
Copy of IMG03545.JPG,conductor,1,0.1122,7800.53,5687.0,8644.7,6264.38
Copy of IMG03545.JPG,insulator,2,0.1098,3785.04,4480.68,4050.1,4839.79
Copy of IMG03545.JPG,conductor,1,0.0992,4045.64,1018.95,5519.99,1533.91
Copy of IMG03545.JPG,conductor,1,0.0914,4837.67,579.53,6120.54,1112.8
Copy of IMG03545.JPG,conductor,1,0.0886,5016.18,4342.87,6225.29,4915.83
Copy of IMG03545.JPG,conductor,1,0.0825,3379.06,1672.52,4299.62,2182.52
Copy of IMG03545.JPG,insulator,2,0.0824,3860.39,3869.17,4099.48,4401.34
Copy of IMG03545.JPG,conductor,1,0.0823,884.67,2825.19,1851.22,3242.8
Copy of IMG03545.JPG,conductor,1,0.0819,7895.87,5775.9,8690.76,6281.11
Copy of IMG03545.JPG,conductor,1,0.0749,5144.29,4437.85,6642.81,5095.13
Copy of IMG03545.JPG,conductor,1,0.0733,7253.99,5414.51,8227.84,6028.5
Copy of IMG03545.JPG,pylon_fissure,3,0.0723,4051.06,4681.94,4208.01,6298.36
Copy of IMG03545.JPG,conductor,1,0.066,7080.39,5306.6,8272.54,6024.09
Copy of IMG03545.JPG,conductor,1,0.0627,5619.32,4632.81,6782.27,5179.95
Copy of IMG03545.JPG,conductor,1,0.0622,4104.43,1008.49,5177.18,1395.06
Copy of IMG03545.JPG,conductor,1,0.0613,4874.21,4972.99,5947.31,5630.58
Copy of IMG03545.JPG,conductor,1,0.0592,6787.52,5183.24,8305.52,5988.29
Copy of IMG03545.JPG,conductor,1,0.0562,4798.47,679.35,5934.88,1122.9
Copy of IMG03422.JPG,pylon,0,0.7923,4386.5,1721.99,4922.94,5305.33
Copy of IMG03422.JPG,conductor,1,0.5594,6699.72,2969.92,8028.5,3707.76
Copy of IMG03422.JPG,conductor,1,0.4722,8549.18,2979.61,9504.0,3460.8
Copy of IMG03422.JPG,conductor,1,0.4225,7741.55,3409.1,9189.83,4168.37
Copy of IMG03422.JPG,conductor,1,0.3462,8761.46,3055.59,9491.59,3430.31
Copy of IMG03422.JPG,insulator,2,0.3227,3953.1,1703.45,4127.88,1889.57
Copy of IMG03422.JPG,conductor,1,0.3108,7308.1,2580.43,8578.76,3029.87
Copy of IMG03422.JPG,conductor,1,0.268,8631.65,2997.26,9476.69,3332.91
Copy of IMG03422.JPG,conductor,1,0.2634,8843.76,3787.53,9502.77,4455.0
Copy of IMG03422.JPG,insulator,2,0.2163,4583.99,1465.48,4723.29,1652.67
Copy of IMG03422.JPG,insulator,2,0.1718,5131.24,1501.3,5314.39,1687.62
Copy of IMG03422.JPG,conductor,1,0.1577,8520.56,2990.11,9404.35,3244.11
Copy of IMG03422.JPG,conductor,1,0.1564,8611.53,3704.68,9504.0,4431.9
Copy of IMG03422.JPG,conductor,1,0.1223,8937.39,3209.55,9502.83,3500.72
Copy of IMG03422.JPG,conductor,1,0.1088,8920.66,3133.4,9501.52,3473.79
Copy of IMG03422.JPG,conductor,1,0.0876,9061.01,3243.74,9502.85,3518.64
Copy of IMG03422.JPG,conductor,1,0.0791,7317.56,2681.89,8592.92,3122.69
Copy of IMG03422.JPG,conductor,1,0.0747,2534.99,1432.88,3909.88,1855.94
Copy of IMG03422.JPG,conductor,1,0.0746,8458.13,2992.35,9236.18,3216.64
Copy of IMG03422.JPG,conductor,1,0.0687,2340.3,1476.47,3878.12,2072.57
Copy of IMG03422.JPG,conductor,1,0.0636,8596.25,2944.55,9437.42,3193.55
Copy of IMG03422.JPG,conductor,1,0.0626,8545.86,2924.52,9406.41,3125.7
Copy of IMG03422.JPG,pylon_fissure,3,0.057,4534.46,4656.12,4674.08,5275.14
Copy of IMG03422.JPG,conductor,1,0.0565,678.34,4761.27,2398.58,5499.34
Copy of IMG03422.JPG,conductor,1,0.0544,8401.38,2785.28,9012.26,2981.05
Copy of IMG03422.JPG,conductor,1,0.0526,8420.36,2812.77,9077.39,3011.06
Copy of IMG00133.JPG,pylon,0,0.7199,4037.26,533.62,4697.02,6336.0
Copy of IMG00133.JPG,insulator,2,0.6912,4770.48,568.35,5035.88,873.79
Copy of IMG00133.JPG,insulator,2,0.661,4007.14,120.13,4263.74,482.92
Copy of IMG00133.JPG,conductor,1,0.5326,2587.42,402.91,3572.84,938.82
Copy of IMG00133.JPG,conductor,1,0.4254,1483.12,778.1,2820.06,1437.25
Copy of IMG00133.JPG,pylon,0,0.3121,4154.35,514.2,4728.69,5362.07
Copy of IMG00133.JPG,conductor,1,0.312,2300.97,1351.22,3381.48,2143.92
Copy of IMG00133.JPG,conductor,1,0.3081,803.85,2371.68,2028.73,3211.86
Copy of IMG00133.JPG,conductor,1,0.2324,4743.58,4961.55,6265.24,5206.52
Copy of IMG00133.JPG,conductor,1,0.2289,2663.43,348.27,3644.19,816.3
Copy of IMG00133.JPG,conductor,1,0.2263,587.86,1172.43,1882.86,1768.18
Copy of IMG00133.JPG,conductor,1,0.1877,2975.24,244.64,3719.47,665.12
Copy of IMG00133.JPG,conductor,1,0.1876,3155.73,208.13,3739.86,606.21
Copy of IMG00133.JPG,conductor,1,0.1645,1355.55,2005.64,2568.98,2703.73
Copy of IMG00133.JPG,conductor,1,0.1501,653.22,2433.19,1924.72,3298.64
Copy of IMG00133.JPG,conductor,1,0.1427,2118.3,1479.78,3197.16,2228.81
Copy of IMG00133.JPG,conductor,1,0.1405,1047.51,2046.81,2536.19,2922.41
Copy of IMG00133.JPG,conductor,1,0.1375,2768.07,297.57,3675.95,700.07
Copy of IMG00133.JPG,insulator,2,0.1331,4429.21,0.0,4670.64,162.16
Copy of IMG00133.JPG,conductor,1,0.1172,4658.72,2244.76,5508.2,2987.87
Copy of IMG00133.JPG,pylon,0,0.1,4197.23,513.2,4660.78,3753.92
Copy of IMG00133.JPG,conductor,1,0.0981,3764.26,689.56,4102.43,1068.13
Copy of IMG00133.JPG,conductor,1,0.0945,3195.66,146.7,3822.06,557.53
Copy of IMG00133.JPG,conductor,1,0.0784,3725.35,722.63,4060.09,1140.73
Copy of IMG00133.JPG,conductor,1,0.0782,34.01,1589.56,988.54,2009.75
Copy of IMG00133.JPG,conductor,1,0.0764,3150.49,1022.96,3797.79,1482.43
Copy of IMG00133.JPG,conductor,1,0.0755,547.5,1289.45,1766.1,1726.75
Copy of IMG00133.JPG,conductor,1,0.0746,969.77,2133.88,2407.19,3057.09
Copy of IMG00133.JPG,conductor,1,0.0745,13.27,3073.87,1063.59,3920.7
Copy of IMG00133.JPG,conductor,1,0.0731,1833.3,720.12,2942.14,1193.04
Copy of IMG00133.JPG,conductor,1,0.0693,1.23,2445.63,426.88,3124.1
Copy of IMG00133.JPG,conductor,1,0.0631,8.72,1658.91,860.41,2070.61
Copy of IMG00133.JPG,insulator,2,0.0593,4489.74,0.0,4686.35,236.81
Copy of IMG00133.JPG,pylon,0,0.0582,4116.31,1285.61,4606.56,5401.76
Copy of IMG00133.JPG,conductor,1,0.055,3028.72,3493.97,3913.05,4109.98
Copy of IMG00133.JPG,conductor,1,0.052,2465.75,469.15,3363.82,999.18
Copy of IMG00133.JPG,conductor,1,0.052,4611.89,1241.42,5126.91,2035.56
Copy of IMG00133.JPG,conductor,1,0.0515,4582.06,2323.05,5315.22,2958.3
Copy of IMG00133.JPG,conductor,1,0.0513,988.03,805.34,2694.84,1542.37
Copy of IMG00133.JPG,conductor,1,0.0512,1770.94,1782.06,2798.65,2564.08
Copy of IMG00133.JPG,conductor,1,0.0511,3606.14,808.87,3950.55,1199.87
Copy of IMG00133.JPG,conductor,1,0.0509,2371.1,2512.55,3844.11,4554.81
Copy of IMG00471.JPG,pylon,0,0.7262,4852.4,3137.66,5275.14,6243.62
Copy of IMG00471.JPG,insulator,2,0.7255,5057.76,2725.75,5263.12,2980.68
Copy of IMG00471.JPG,insulator,2,0.6614,4483.29,2750.41,4786.09,3054.58
Copy of IMG00471.JPG,conductor,1,0.5956,3685.41,3153.79,4403.67,3832.51
Copy of IMG00471.JPG,insulator,2,0.5613,5552.89,2894.5,5812.42,3191.88
Copy of IMG00471.JPG,conductor,1,0.4482,2706.9,5671.54,3341.08,6268.03
Copy of IMG00471.JPG,conductor,1,0.4326,3590.78,4647.27,4352.37,5437.94
Copy of IMG00471.JPG,conductor,1,0.3783,3096.66,3791.59,3876.98,4355.7
Copy of IMG00471.JPG,conductor,1,0.3674,1098.81,5638.3,1675.69,6214.38
Copy of IMG00471.JPG,conductor,1,0.3324,2528.25,4211.44,3381.94,4799.59
Copy of IMG00471.JPG,conductor,1,0.3234,1827.19,5672.27,2346.49,6233.62
Copy of IMG00471.JPG,conductor,1,0.313,6455.0,2641.46,9504.0,3344.28
Copy of IMG00471.JPG,conductor,1,0.243,1681.21,4948.81,2495.13,5545.06
Copy of IMG00471.JPG,conductor,1,0.2407,4259.11,3956.62,4894.3,4653.3
Copy of IMG00471.JPG,conductor,1,0.2397,1584.32,5071.55,2318.96,5612.33
Copy of IMG00471.JPG,conductor,1,0.2385,4173.76,4016.86,4855.03,4757.32
Copy of IMG00471.JPG,conductor,1,0.2292,1762.83,5711.72,2184.93,6261.39
Copy of IMG00471.JPG,conductor,1,0.2228,2065.16,5401.53,2610.08,5925.25
Copy of IMG00471.JPG,conductor,1,0.2224,1863.71,5583.02,2391.76,6162.25
Copy of IMG00471.JPG,conductor,1,0.208,2151.12,5387.61,2621.2,5842.5
Copy of IMG00471.JPG,conductor,1,0.202,4360.95,3884.39,4932.12,4596.5
Copy of IMG00471.JPG,conductor,1,0.1995,3202.17,5154.53,3986.8,5787.8
Copy of IMG00471.JPG,conductor,1,0.1993,1929.08,5480.27,2487.48,6100.04
Copy of IMG00471.JPG,conductor,1,0.1936,3842.77,4453.04,4514.27,5073.23
Copy of IMG00471.JPG,conductor,1,0.1545,3444.06,4779.4,4245.01,5644.23
Copy of IMG00471.JPG,conductor,1,0.1535,1181.05,5517.74,1796.3,6119.37
Copy of IMG00471.JPG,conductor,1,0.1532,1271.37,5408.63,1842.31,6020.35
Copy of IMG00471.JPG,conductor,1,0.1461,3228.82,5001.07,4110.23,5750.33
Copy of IMG00471.JPG,conductor,1,0.1411,1307.16,5359.11,1940.75,5914.25
Copy of IMG00471.JPG,conductor,1,0.1405,3123.77,5239.65,3851.96,5836.47
Copy of IMG00471.JPG,conductor,1,0.1266,1486.21,5173.17,2242.11,5726.47
Copy of IMG00471.JPG,conductor,1,0.1259,3382.95,4174.55,3905.32,4683.18
Copy of IMG00471.JPG,conductor,1,0.1246,3789.8,3097.7,4474.53,3699.64
Copy of IMG00471.JPG,conductor,1,0.1221,1727.81,4835.59,2563.4,5469.28
Copy of IMG00471.JPG,conductor,1,0.1163,3976.87,4323.9,4672.56,4961.4
Copy of IMG00471.JPG,conductor,1,0.1133,2719.44,4818.24,3303.89,5346.41
Copy of IMG00471.JPG,conductor,1,0.1087,3902.46,3068.72,4511.02,3621.61
Copy of IMG00471.JPG,conductor,1,0.1007,3699.83,4514.3,4447.66,5269.56
Copy of IMG00471.JPG,conductor,1,0.095,4083.47,4144.7,4794.67,4837.82
Copy of IMG00471.JPG,conductor,1,0.0933,4477.34,3840.36,4965.97,4511.49
Copy of IMG00471.JPG,conductor,1,0.0931,2533.25,5096.69,3105.97,5601.87
Copy of IMG00471.JPG,conductor,1,0.0881,1067.59,5735.37,1532.07,6249.64
Copy of IMG00471.JPG,conductor,1,0.0875,1380.07,5270.89,2078.12,5797.31
Copy of IMG00471.JPG,conductor,1,0.0821,3016.83,4567.7,3585.71,5004.36
Copy of IMG00471.JPG,conductor,1,0.082,2688.38,3866.31,3787.13,4496.88
Copy of IMG00471.JPG,conductor,1,0.0786,2542.74,4109.23,3548.65,4746.31
Copy of IMG00471.JPG,conductor,1,0.0724,2342.93,4561.4,2901.61,5065.41
Copy of IMG00471.JPG,conductor,1,0.0685,3007.73,3857.26,3784.75,4406.19
Copy of IMG00471.JPG,conductor,1,0.0638,4060.84,3050.64,4531.62,3502.98
Copy of IMG00471.JPG,conductor,1,0.0636,2639.44,4827.78,3241.26,5445.33
Copy of IMG00471.JPG,conductor,1,0.0592,2524.45,4295.26,3269.64,4882.84
Copy of IMG00471.JPG,conductor,1,0.0583,1731.73,5810.55,2132.66,6273.38
Copy of IMG00471.JPG,conductor,1,0.0582,2064.86,5455.79,2581.54,6051.86
Copy of IMG00471.JPG,conductor,1,0.0577,3623.67,3252.97,4306.03,3876.83
Copy of IMG00471.JPG,conductor,1,0.0555,3355.73,3285.59,4246.01,4174.02
Copy of IMG00471.JPG,conductor,1,0.0541,3170.38,3667.5,3912.44,4258.31
Copy of IMG00117.JPG,insulator,2,0.9293,4101.57,2407.65,4483.7,2765.35
Copy of IMG00117.JPG,insulator,2,0.9239,5635.58,2745.86,6045.52,3123.45
Copy of IMG00117.JPG,insulator,2,0.7759,4902.24,2458.94,5301.37,2837.97
Copy of IMG00117.JPG,insulator,2,0.7485,3910.73,2825.42,4310.5,3174.48
Copy of IMG00117.JPG,insulator,2,0.6545,4743.55,3032.22,5103.8,3415.59
Copy of IMG00117.JPG,conductor,1,0.529,4916.23,4175.48,5981.33,6275.59
Copy of IMG00117.JPG,insulator,2,0.391,5556.01,3244.77,5967.52,3564.56
Copy of IMG00117.JPG,conductor,1,0.3383,7575.43,5411.19,8295.26,6143.07
Copy of IMG00117.JPG,conductor,1,0.225,0.53,4616.54,616.13,5479.97
Copy of IMG00117.JPG,conductor,1,0.2168,0.47,1455.07,924.43,2075.16
Copy of IMG00117.JPG,conductor,1,0.1949,5312.15,3663.37,5853.08,4755.58
Copy of IMG00117.JPG,conductor,1,0.1766,7070.13,5096.13,8039.91,5816.52
Copy of IMG00117.JPG,conductor,1,0.1676,5988.12,4491.7,7285.92,5416.07
Copy of IMG00117.JPG,conductor,1,0.1429,7141.47,5255.79,8287.3,6135.57
Copy of IMG00117.JPG,conductor,1,0.126,7643.48,5531.43,8268.12,6094.63
Copy of IMG00117.JPG,conductor,1,0.1227,3500.51,3374.79,4484.7,6329.15
Copy of IMG00117.JPG,conductor,1,0.1208,5334.93,3680.47,6021.1,4879.26
Copy of IMG00117.JPG,conductor,1,0.0908,1474.76,4362.43,3215.83,5588.6
Copy of IMG00117.JPG,conductor,1,0.0907,3566.71,4694.96,4714.39,6310.09
Copy of IMG00117.JPG,conductor,1,0.0807,2183.9,2631.48,3780.17,3297.14
Copy of IMG00117.JPG,conductor,1,0.0788,0.0,3507.06,593.98,4500.72
Copy of IMG00117.JPG,insulator,2,0.0649,4501.36,2771.79,4720.28,3029.62
Copy of IMG00117.JPG,conductor,1,0.0646,0.61,3520.27,398.81,4420.49
Copy of IMG00117.JPG,insulator,2,0.0639,4477.47,2813.99,4705.27,3075.51
Copy of IMG00117.JPG,insulator,2,0.0611,4520.41,2740.24,4804.41,2982.58
Copy of IMG00117.JPG,conductor,1,0.0567,0.0,4599.25,484.7,5355.31
Copy of IMG00117.JPG,conductor,1,0.0564,1.32,3518.34,872.35,4551.25
Copy of IMG00117.JPG,insulator,2,0.0515,4408.96,3482.54,4672.19,3692.46
Copy of IMG00449.JPG,insulator,2,0.7544,4136.17,4397.88,4570.56,4935.28
Copy of IMG00449.JPG,conductor,1,0.6767,5838.73,3537.05,7060.72,4012.91
Copy of IMG00449.JPG,insulator,2,0.53,6779.01,4955.75,7122.96,5381.12
Copy of IMG00449.JPG,conductor,1,0.4997,5318.02,5206.71,5729.83,6290.55
Copy of IMG00449.JPG,insulator,2,0.4899,5472.37,4771.22,5826.41,5198.39
Copy of IMG00449.JPG,insulator,2,0.4691,4891.59,4342.64,5147.27,4638.67
Copy of IMG00449.JPG,conductor,1,0.295,7000.67,3944.33,8845.89,4977.96
Copy of IMG00449.JPG,conductor,1,0.2552,7356.01,4256.55,8957.02,5045.61
Copy of IMG00449.JPG,insulator,2,0.2307,5466.88,3396.51,5813.93,3704.77
Copy of IMG00449.JPG,insulator,2,0.2157,5433.06,3417.28,5762.3,3795.52
Copy of IMG00449.JPG,insulator,2,0.2103,6756.37,4938.44,7101.72,5646.07
Copy of IMG00449.JPG,conductor,1,0.1863,8729.9,4727.57,9502.92,5532.24
Copy of IMG00449.JPG,insulator,2,0.1723,5397.22,4265.05,5619.28,4545.57
Copy of IMG00449.JPG,conductor,1,0.1644,5912.95,3603.9,7383.9,4116.3
Copy of IMG00449.JPG,conductor,1,0.1602,6602.55,5373.39,7005.31,6295.47
Copy of IMG00449.JPG,conductor,1,0.1526,6478.43,5094.15,7045.18,6276.36
Copy of IMG00449.JPG,conductor,1,0.1499,3906.06,5019.55,4390.56,6308.7
Copy of IMG00449.JPG,conductor,1,0.1488,4805.47,1596.8,8368.74,2093.06
Copy of IMG00449.JPG,conductor,1,0.1356,1501.17,2679.71,2589.57,3020.6
Copy of IMG00449.JPG,conductor,1,0.1166,6958.42,4011.69,8704.92,4753.89
Copy of IMG00449.JPG,conductor,1,0.1099,5901.96,3994.95,6622.58,4331.25
Copy of IMG00449.JPG,conductor,1,0.1057,2402.19,2851.27,3507.57,3225.28
Copy of IMG00449.JPG,insulator,2,0.1007,4911.66,4309.02,5211.25,4612.13
Copy of IMG00449.JPG,conductor,1,0.0927,8220.2,2034.73,9500.99,2511.61
Copy of IMG00449.JPG,insulator,2,0.0876,5358.99,4350.27,5585.54,4681.82
Copy of IMG00449.JPG,conductor,1,0.0863,8225.67,2059.29,9097.93,2373.84
Copy of IMG00449.JPG,conductor,1,0.0858,8438.88,4648.22,9502.64,5499.59
Copy of IMG00449.JPG,conductor,1,0.08,1680.14,2721.46,2515.96,2995.24
Copy of IMG00449.JPG,conductor,1,0.0715,5364.19,1647.88,8391.01,2174.97
Copy of IMG00449.JPG,pylon,0,0.0709,6613.39,5199.75,7020.13,6291.93
Copy of IMG00449.JPG,conductor,1,0.0678,3280.24,3053.21,4783.25,3450.4
Copy of IMG00449.JPG,conductor,1,0.0656,7544.35,4275.44,9134.15,5161.16
Copy of IMG00449.JPG,conductor,1,0.0584,2.35,2403.69,527.82,2640.32
Copy of IMG00449.JPG,conductor,1,0.0581,9027.09,4719.9,9503.51,5624.71
Copy of IMG00449.JPG,conductor,1,0.0581,6925.88,3986.06,8404.3,4628.16
Copy of IMG00449.JPG,conductor,1,0.0532,5110.07,5202.47,5723.75,6336.0
Copy of IMG00449.JPG,conductor,1,0.0532,5796.09,3938.15,6506.93,4258.86
Copy of IMG03492.JPG,insulator,2,0.8963,4868.45,2132.89,5249.48,2485.15
Copy of IMG03492.JPG,pylon,0,0.7582,4779.08,3753.31,5700.27,6297.67
Copy of IMG03492.JPG,insulator,2,0.5933,4748.11,3173.81,5179.96,3571.59
Copy of IMG03492.JPG,insulator,2,0.5917,3834.61,4726.87,4281.43,5042.37
Copy of IMG03492.JPG,conductor,1,0.5906,7372.29,5031.29,9476.75,5708.21
Copy of IMG03492.JPG,insulator,2,0.5691,5658.21,3238.26,6113.27,3669.63
Copy of IMG03492.JPG,insulator,2,0.3905,3992.08,3316.73,4465.92,3636.33
Copy of IMG03492.JPG,insulator,2,0.3287,4821.55,2667.33,5180.59,3009.96
Copy of IMG03492.JPG,conductor,1,0.325,7826.16,2576.3,9502.29,2920.64
Copy of IMG03492.JPG,insulator,2,0.3055,5727.33,2755.73,6110.93,3117.78
Copy of IMG03492.JPG,insulator,2,0.296,5682.28,2217.41,6087.68,2666.14
Copy of IMG03492.JPG,insulator,2,0.2642,6326.91,3554.66,6728.65,3864.62
Copy of IMG03492.JPG,conductor,1,0.2507,6186.98,4945.5,9444.97,5732.14
Copy of IMG03492.JPG,pylon,0,0.2424,4891.27,5047.97,5608.66,6288.77
Copy of IMG03492.JPG,conductor,1,0.2346,6489.06,3521.06,9437.01,4273.71
Copy of IMG03492.JPG,conductor,1,0.233,6279.06,2304.08,8028.13,2762.85
Copy of IMG03492.JPG,conductor,1,0.1658,6324.23,2363.19,9053.0,2766.91
Copy of IMG03492.JPG,insulator,2,0.1436,6253.78,3551.85,6649.36,3847.52
Copy of IMG03492.JPG,conductor,1,0.1356,6514.38,3545.98,8767.96,4199.68
Copy of IMG03492.JPG,insulator,2,0.1354,5458.84,2191.46,5821.38,2523.74
Copy of IMG03492.JPG,conductor,1,0.1277,6831.16,2545.74,9504.0,2896.89
Copy of IMG03492.JPG,insulator,2,0.1205,5329.88,3244.66,5753.0,3607.73
Copy of IMG03492.JPG,insulator,2,0.1178,5285.98,2491.51,5579.62,2786.04
Copy of IMG03492.JPG,conductor,1,0.1065,6309.58,2431.05,9504.0,2807.57
Copy of IMG03492.JPG,insulator,2,0.1031,6191.56,4989.17,6636.26,5272.34
Copy of IMG03492.JPG,conductor,1,0.0896,7877.98,2575.13,9220.68,2848.7
Copy of IMG03492.JPG,insulator,2,0.0888,5289.02,2500.83,5698.16,3015.87
Copy of IMG03492.JPG,insulator,2,0.0851,5593.59,2195.12,6059.11,2632.3
Copy of IMG03492.JPG,insulator,2,0.079,5394.34,2748.18,5752.26,3008.25
Copy of IMG03492.JPG,insulator,2,0.0724,5356.82,3247.75,5899.92,3637.88
Copy of IMG03492.JPG,conductor,1,0.0718,186.25,3189.87,4268.51,3559.74
Copy of IMG03492.JPG,insulator,2,0.0688,5288.85,2496.03,5628.01,2904.7
Copy of IMG03492.JPG,insulator,2,0.0655,6113.16,5001.82,6498.58,5255.66
Copy of IMG03492.JPG,conductor,1,0.0627,0.0,1945.29,4136.49,2288.01
Copy of IMG03492.JPG,insulator,2,0.0609,4192.1,2185.36,4690.65,2425.35
Copy of IMG03492.JPG,conductor,1,0.0577,8960.26,2761.16,9501.79,3023.59
Copy of IMG03492.JPG,insulator,2,0.0557,3798.48,4635.66,4280.08,5022.89
Copy of IMG03492.JPG,conductor,1,0.055,0.0,4564.68,4380.54,4832.76
Copy of IMG03470.JPG,conductor,1,0.4655,7993.91,5454.87,8784.45,6157.73
Copy of IMG03470.JPG,conductor,1,0.4387,6313.49,5391.1,7201.96,6234.16
Copy of IMG03470.JPG,conductor,1,0.3626,5346.18,3870.21,6234.95,4817.39
Copy of IMG03470.JPG,conductor,1,0.293,4081.36,3979.11,5267.05,5278.77
Copy of IMG03470.JPG,conductor,1,0.2889,6109.49,3701.2,7187.06,4795.63
Copy of IMG03470.JPG,conductor,1,0.2877,8218.47,5859.04,8933.04,6293.68
Copy of IMG03470.JPG,conductor,1,0.2697,7685.79,5867.98,8175.72,6281.92
Copy of IMG03470.JPG,conductor,1,0.2317,7284.83,5319.32,7919.15,5956.83
Copy of IMG03470.JPG,conductor,1,0.2272,6379.41,5554.07,7301.68,6277.87
Copy of IMG03470.JPG,conductor,1,0.2109,8379.5,5890.35,8924.35,6309.84
Copy of IMG03470.JPG,conductor,1,0.1675,7316.16,5376.25,7940.12,6116.83
Copy of IMG03470.JPG,conductor,1,0.158,5684.9,4640.96,6662.58,5489.11
Copy of IMG03470.JPG,conductor,1,0.1547,6775.33,4692.7,8015.55,5388.24
Copy of IMG03470.JPG,conductor,1,0.1316,7431.38,5595.3,8131.91,6245.97
Copy of IMG03470.JPG,conductor,1,0.124,7671.15,5148.7,8229.43,5570.29
Copy of IMG03470.JPG,insulator,2,0.1092,4343.13,1972.37,4693.38,2228.09
Copy of IMG03470.JPG,conductor,1,0.1086,7972.63,5433.29,8689.85,6004.81
Copy of IMG03470.JPG,conductor,1,0.1072,7361.35,5508.6,8039.17,6186.43
Copy of IMG03470.JPG,conductor,1,0.099,5430.52,4055.26,6295.25,4861.26
Copy of IMG03470.JPG,conductor,1,0.0801,6510.01,5740.0,7305.63,6291.84
Copy of IMG03470.JPG,conductor,1,0.0778,8027.65,5504.53,8882.4,6268.41
Copy of IMG03470.JPG,insulator,2,0.0724,1304.95,1943.3,1555.52,2212.26
Copy of IMG03470.JPG,conductor,1,0.0693,7592.98,5745.7,8165.33,6271.56
Copy of IMG03470.JPG,conductor,1,0.0691,5388.66,3908.29,6359.71,5155.04
Copy of IMG03470.JPG,conductor,1,0.0679,6640.09,5818.54,7332.99,6299.95
Copy of IMG03470.JPG,insulator,2,0.0629,8054.6,1261.67,8388.78,1524.06
Copy of IMG03470.JPG,conductor,1,0.0573,7082.62,5243.42,7837.76,5768.55
Copy of IMG03470.JPG,insulator,2,0.0531,2974.51,1931.42,3211.89,2183.38
Copy of IMG00153.JPG,insulator,2,0.922,4648.62,3603.19,5087.55,4059.74
Copy of IMG00153.JPG,conductor,1,0.8774,5328.66,4906.18,6531.82,6256.5
Copy of IMG00153.JPG,insulator,2,0.7437,5384.91,3100.1,5839.6,3591.7
Copy of IMG00153.JPG,insulator,2,0.7352,5977.35,2985.61,6411.3,3456.54
Copy of IMG00153.JPG,insulator,2,0.2988,5782.49,3619.09,6055.44,3959.77
Copy of IMG00153.JPG,conductor,1,0.2978,3869.09,4761.28,4954.77,5431.99
Copy of IMG00153.JPG,insulator,2,0.2467,4561.01,3117.57,4866.3,3396.79
Copy of IMG00153.JPG,conductor,1,0.1966,6551.75,5398.82,7291.17,6110.15
Copy of IMG00153.JPG,conductor,1,0.1439,5859.98,3915.68,6354.52,4545.35
Copy of IMG00153.JPG,conductor,1,0.1116,4828.62,4078.19,5404.95,4966.56
Copy of IMG00153.JPG,conductor,1,0.0796,3275.55,5773.06,4096.01,6302.61
Copy of IMG00153.JPG,conductor,1,0.0723,5339.12,5417.94,6533.16,6272.71
Copy of IMG00223.JPG,insulator,2,0.6827,4846.39,2028.78,5053.85,2240.74
Copy of IMG00223.JPG,insulator,2,0.6587,4225.25,2155.71,4511.49,2466.35
Copy of IMG00223.JPG,insulator,2,0.5201,5191.31,2319.33,5447.06,2637.58
Copy of IMG00223.JPG,insulator,2,0.3994,5440.43,2150.93,5663.1,2380.56
Copy of IMG00223.JPG,insulator,2,0.3853,4575.37,2326.53,4893.5,2644.09
Copy of IMG00223.JPG,conductor,1,0.371,4728.07,2858.48,5281.27,5353.71
Copy of IMG00223.JPG,insulator,2,0.3145,4519.33,1682.03,4858.47,1988.79
Copy of IMG00223.JPG,pylon,0,0.2809,4758.49,2865.75,5299.25,5372.84
Copy of IMG00223.JPG,conductor,1,0.2305,5728.73,572.16,6399.47,1932.08
Copy of IMG00223.JPG,insulator,2,0.1466,5160.62,2354.34,5433.74,2685.22
Copy of IMG00223.JPG,conductor,1,0.1024,37.74,2676.75,3791.91,4527.33
Copy of IMG00223.JPG,insulator,2,0.0551,5457.18,2133.76,5689.12,2419.45
Copy of IMG00235.JPG,insulator,2,0.4746,5039.95,76.23,5478.03,513.4
Copy of IMG00235.JPG,insulator,2,0.4336,4061.16,1546.16,4417.29,1921.64
Copy of IMG00235.JPG,pylon,0,0.4108,4617.58,913.75,5179.28,5581.71
Copy of IMG00235.JPG,conductor,1,0.3677,5576.68,400.32,6713.25,877.85
Copy of IMG00235.JPG,insulator,2,0.2877,692.46,2921.77,1191.72,3447.97
Copy of IMG00235.JPG,pylon,0,0.1817,4659.84,678.56,5151.63,4449.34
Copy of IMG00235.JPG,conductor,1,0.1508,5647.13,435.4,6512.29,835.96
Copy of IMG00235.JPG,insulator,2,0.1482,8577.06,3399.31,9177.18,3983.65
Copy of IMG00235.JPG,insulator,2,0.1165,9006.58,4518.11,9503.18,5112.66
Copy of IMG00235.JPG,insulator,2,0.1119,8188.63,3868.47,8718.47,4436.37
Copy of IMG00235.JPG,insulator,2,0.0756,2357.87,85.27,2733.47,614.48
Copy of IMG00235.JPG,pylon,0,0.0732,4681.14,1425.81,5165.98,4172.39
Copy of IMG00235.JPG,conductor,1,0.0681,6320.04,716.31,7057.02,1059.26
Copy of IMG00235.JPG,insulator,2,0.0502,648.74,2855.31,1165.24,3380.87
Copy of IMG00016.JPG,insulator,2,0.6824,3179.7,447.83,3474.49,802.99
Copy of IMG00016.JPG,insulator,2,0.2684,4561.89,0.0,4860.62,244.34
Copy of IMG00016.JPG,insulator,2,0.1672,4541.32,21.71,4815.21,294.06
Copy of IMG00016.JPG,conductor,1,0.1594,5265.78,5258.66,6296.48,6198.52
Copy of IMG00016.JPG,conductor,1,0.148,3642.71,3645.36,4745.56,5214.3
Copy of IMG00016.JPG,insulator,2,0.1472,3874.04,40.05,4132.0,236.98
Copy of IMG00016.JPG,conductor,1,0.1391,7127.96,5252.79,7855.57,6192.63
Copy of IMG00016.JPG,conductor,1,0.1359,4794.35,4178.03,5962.96,5185.65
Copy of IMG00016.JPG,insulator,2,0.1098,3815.34,380.01,3999.35,665.46
Copy of IMG00016.JPG,conductor,1,0.1023,6194.64,4757.56,6876.74,5488.57
Copy of IMG00016.JPG,insulator,2,0.0756,3217.98,464.98,3527.11,796.5
Copy of IMG00016.JPG,conductor,1,0.0539,4090.15,3024.1,5320.38,3662.46
Copy of IMG00016.JPG,conductor,1,0.053,7064.53,5076.26,7821.38,5944.4
Copy of IMG00383.JPG,conductor,1,0.6139,7999.76,5634.68,8761.95,6219.87
Copy of IMG00383.JPG,pylon,0,0.3412,3571.04,3521.13,3855.25,5445.44
Copy of IMG00383.JPG,conductor,1,0.2925,4614.49,3594.6,9465.82,4217.81
Copy of IMG00383.JPG,pylon,0,0.2013,3460.62,3520.89,3911.95,6295.36
Copy of IMG00383.JPG,insulator,2,0.128,3754.02,3284.37,3982.79,3524.18
Copy of IMG00383.JPG,conductor,1,0.1153,7455.95,5336.06,8134.91,5809.26
Copy of IMG00383.JPG,conductor,1,0.1137,4548.5,3777.35,9454.43,4653.28
Copy of IMG00383.JPG,insulator,2,0.1135,3359.29,3337.92,3589.65,3562.23
Copy of IMG00383.JPG,conductor,1,0.111,6964.52,4705.89,7921.82,5246.16
Copy of IMG00383.JPG,conductor,1,0.1099,1.88,3886.02,546.04,4418.07
Copy of IMG00383.JPG,conductor,1,0.0815,8975.14,4863.74,9504.0,5430.37
Copy of IMG00383.JPG,conductor,1,0.0812,6861.08,4657.99,7803.77,5183.0
Copy of IMG00383.JPG,conductor,1,0.0798,7446.71,5076.28,8178.57,5653.53
Copy of IMG00383.JPG,conductor,1,0.073,9022.53,4919.57,9504.0,5550.15
Copy of IMG00383.JPG,conductor,1,0.07,4355.53,3244.24,9493.81,3960.45
Copy of IMG00383.JPG,conductor,1,0.0669,8904.09,5292.34,9504.0,5918.54
Copy of IMG00383.JPG,conductor,1,0.0635,8099.75,5702.48,8839.6,6253.09
Copy of IMG00383.JPG,conductor,1,0.062,7499.03,5186.78,8221.63,5774.26
Copy of IMG00383.JPG,conductor,1,0.06,1.32,3887.7,380.48,4391.59
Copy of IMG00383.JPG,insulator,2,0.0598,3531.42,3115.34,3803.6,3317.92
Copy of IMG00383.JPG,conductor,1,0.0588,8843.84,5392.01,9503.56,6004.87
Copy of IMG00383.JPG,conductor,1,0.0583,7406.84,5027.14,8166.35,5523.82
Copy of IMG00383.JPG,conductor,1,0.0575,7086.69,4811.85,8040.12,5308.7
Copy of IMG00383.JPG,conductor,1,0.0559,8999.29,5189.95,9504.0,5824.24
Copy of IMG00383.JPG,conductor,1,0.0504,7151.05,4869.87,8097.38,5371.78
Copy of IMG03450.JPG,pylon,0,0.9325,4735.01,4157.73,5328.72,6297.58
Copy of IMG03450.JPG,insulator,2,0.7085,4135.11,4355.14,4492.01,4763.04
Copy of IMG03450.JPG,insulator,2,0.6935,5481.22,3441.46,5819.56,3767.21
Copy of IMG03450.JPG,conductor,1,0.6622,6202.59,3781.77,7696.84,4406.06
Copy of IMG03450.JPG,conductor,1,0.6069,678.95,3454.0,3863.53,4762.75
Copy of IMG03450.JPG,conductor,1,0.5552,487.44,3196.65,3797.35,4577.48
Copy of IMG03450.JPG,insulator,2,0.5165,4827.31,3575.75,5132.79,3964.2
Copy of IMG03450.JPG,conductor,1,0.4525,5979.77,5496.72,7383.75,6268.93
Copy of IMG03450.JPG,conductor,1,0.4326,6963.88,4834.68,8216.51,5521.07
Copy of IMG03450.JPG,conductor,1,0.4146,7918.56,5210.47,8976.76,5805.81
Copy of IMG03450.JPG,conductor,1,0.3472,6214.09,3777.42,7986.13,4524.85
Copy of IMG03450.JPG,conductor,1,0.3352,6338.65,3866.56,8153.04,4616.33
Copy of IMG03450.JPG,conductor,1,0.3204,8225.99,4784.87,9504.0,5368.97
Copy of IMG03450.JPG,conductor,1,0.3055,5963.43,4326.06,7090.82,5044.97
Copy of IMG03450.JPG,conductor,1,0.2722,147.63,3087.06,3269.44,4534.25
Copy of IMG03450.JPG,conductor,1,0.2684,7536.51,4470.31,9359.0,5177.15
Copy of IMG03450.JPG,conductor,1,0.2649,8863.39,5015.45,9503.09,5526.92
Copy of IMG03450.JPG,conductor,1,0.2344,6846.7,4743.19,8091.21,5468.95
Copy of IMG03450.JPG,conductor,1,0.2299,8732.79,5615.26,9502.83,6089.4
Copy of IMG03450.JPG,conductor,1,0.2205,7226.91,4383.9,8858.54,4891.94
Copy of IMG03450.JPG,conductor,1,0.2132,0.0,2533.64,293.88,3229.05
Copy of IMG03450.JPG,conductor,1,0.2118,8487.57,5503.22,9488.62,6017.19
Copy of IMG03450.JPG,conductor,1,0.2076,7880.48,4560.38,9415.1,5213.29
Copy of IMG03450.JPG,conductor,1,0.2015,2254.59,2569.18,4014.0,3142.96
Copy of IMG03450.JPG,conductor,1,0.1985,8034.29,5285.28,9087.68,5864.41
Copy of IMG03450.JPG,conductor,1,0.195,2.44,1595.63,511.9,2136.1
Copy of IMG03450.JPG,conductor,1,0.182,1554.56,2339.98,2692.62,2752.07
Copy of IMG03450.JPG,conductor,1,0.1803,6112.51,5636.08,7489.56,6301.56
Copy of IMG03450.JPG,conductor,1,0.1773,1498.04,2308.44,2981.71,2797.18
Copy of IMG03450.JPG,conductor,1,0.1679,6891.58,4120.41,8745.67,4842.83
Copy of IMG03450.JPG,conductor,1,0.1676,8488.0,4905.12,9502.76,5487.27
Copy of IMG03450.JPG,conductor,1,0.1615,6710.91,4055.46,8401.97,4761.04
Copy of IMG03450.JPG,conductor,1,0.1598,7611.79,5079.69,8739.57,5686.04
Copy of IMG03450.JPG,conductor,1,0.1508,5788.28,5316.63,7125.23,6227.84
Copy of IMG03450.JPG,conductor,1,0.1474,2057.84,2564.47,4309.62,3256.94
Copy of IMG03450.JPG,conductor,1,0.1247,8240.61,5405.74,9407.38,5969.07
Copy of IMG03450.JPG,conductor,1,0.1208,6546.56,3983.74,8216.69,4663.15
Copy of IMG03450.JPG,conductor,1,0.117,6432.41,5787.58,7525.27,6313.24
Copy of IMG03450.JPG,conductor,1,0.117,1.32,1699.4,338.38,2179.6
Copy of IMG03450.JPG,conductor,1,0.1137,7217.61,4923.98,8267.03,5521.7
Copy of IMG03450.JPG,conductor,1,0.1126,1297.97,2667.93,2164.09,3110.15
Copy of IMG03450.JPG,conductor,1,0.1076,7943.92,4683.58,9504.0,5264.78
Copy of IMG03450.JPG,conductor,1,0.1028,7023.92,4218.43,8882.96,4924.23
Copy of IMG03450.JPG,conductor,1,0.1014,677.39,2035.49,1759.9,2449.29
Copy of IMG03450.JPG,conductor,1,0.1007,1837.61,2562.63,4233.85,3478.38
Copy of IMG03450.JPG,conductor,1,0.1007,1.04,1631.71,431.62,2080.87
Copy of IMG03450.JPG,conductor,1,0.0985,2149.8,2529.09,3280.25,2954.07
Copy of IMG03450.JPG,conductor,1,0.0897,8948.35,5631.03,9503.63,6111.95
Copy of IMG03450.JPG,conductor,1,0.0865,760.22,3215.25,2440.85,4285.75
Copy of IMG03450.JPG,conductor,1,0.0865,185.33,1988.49,1944.62,2444.35
Copy of IMG03450.JPG,conductor,1,0.0856,1927.67,2477.13,3961.46,3020.81
Copy of IMG03450.JPG,conductor,1,0.0835,6618.43,5901.29,7521.72,6325.22
Copy of IMG03450.JPG,conductor,1,0.0833,1405.67,2300.97,2666.02,2689.4
Copy of IMG03450.JPG,conductor,1,0.0822,5593.46,5166.29,6985.24,6198.16
Copy of IMG03450.JPG,conductor,1,0.0815,42.58,2955.98,1966.43,4199.35
Copy of IMG03450.JPG,conductor,1,0.0799,725.87,2092.59,2394.5,2581.31
Copy of IMG03450.JPG,conductor,1,0.0786,6295.39,3901.83,7799.19,4500.89
Copy of IMG03450.JPG,conductor,1,0.076,1164.59,2215.27,2750.7,2697.01
Copy of IMG03450.JPG,conductor,1,0.0739,5877.62,4253.28,6938.14,4931.37
Copy of IMG03450.JPG,conductor,1,0.0735,1914.64,2830.61,3982.05,3575.38
Copy of IMG03450.JPG,conductor,1,0.0735,78.84,3073.24,2254.32,4414.56
Copy of IMG03450.JPG,conductor,1,0.0713,1160.6,2257.91,2231.56,2600.2
Copy of IMG03450.JPG,conductor,1,0.071,677.45,2031.22,2177.12,2492.54
Copy of IMG03450.JPG,conductor,1,0.0679,7385.11,4465.69,9126.06,5009.81
Copy of IMG03450.JPG,conductor,1,0.0673,3769.27,3010.31,4742.04,3407.43
Copy of IMG03450.JPG,conductor,1,0.0673,7506.99,5047.81,8602.38,5614.42
Copy of IMG03450.JPG,conductor,1,0.0668,7349.3,4990.51,8493.01,5569.95
Copy of IMG03450.JPG,conductor,1,0.0657,9050.8,5690.83,9502.77,6183.27
Copy of IMG03450.JPG,conductor,1,0.0653,6.45,1765.7,863.6,2240.42
Copy of IMG03450.JPG,conductor,1,0.0632,632.65,2449.85,1393.91,2841.45
Copy of IMG03450.JPG,conductor,1,0.0628,441.24,2002.31,1572.4,2397.78
Copy of IMG03450.JPG,conductor,1,0.0617,78.85,1920.59,1630.32,2405.22
Copy of IMG03450.JPG,conductor,1,0.0578,1669.88,2797.65,2654.5,3254.21
Copy of IMG03450.JPG,conductor,1,0.0574,977.43,2227.03,2139.8,2552.28
Copy of IMG03450.JPG,conductor,1,0.0563,782.6,2159.1,2501.99,2668.62
Copy of IMG03450.JPG,conductor,1,0.0551,7731.79,4530.41,9264.38,5113.54
Copy of IMG03450.JPG,conductor,1,0.0547,0.89,1840.18,252.32,2365.57
Copy of IMG03450.JPG,conductor,1,0.0538,478.05,2414.0,1344.92,2815.08
Copy of IMG03450.JPG,conductor,1,0.0538,1112.64,2603.56,2011.32,3056.05
Copy of IMG03450.JPG,conductor,1,0.053,1569.91,2384.03,3730.53,2930.73
Copy of IMG03450.JPG,conductor,1,0.0515,1811.47,2439.3,4445.36,3325.53
Copy of IMG03450.JPG,conductor,1,0.0513,2959.39,2767.64,4081.25,3200.12
Copy of IMG03450.JPG,conductor,1,0.0512,1257.09,2278.66,2429.68,2642.65
Copy of IMG00465.JPG,conductor,1,0.9052,4140.91,4005.53,4489.26,6315.44
Copy of IMG00465.JPG,pylon,0,0.7842,4764.38,3809.98,5366.03,6305.78
Copy of IMG00465.JPG,insulator,2,0.5751,4608.18,3206.86,4997.93,3487.36
Copy of IMG00465.JPG,conductor,1,0.5712,5583.19,3660.02,5870.44,6287.3
Copy of IMG00465.JPG,insulator,2,0.539,4279.33,3611.1,4547.1,3871.38
Copy of IMG00465.JPG,insulator,2,0.4964,3952.4,3412.04,4345.88,3756.07
Copy of IMG00465.JPG,conductor,1,0.4908,0.09,2097.93,724.0,2549.62
Copy of IMG00465.JPG,conductor,1,0.4732,421.78,2483.88,3917.95,3046.3
Copy of IMG00465.JPG,insulator,2,0.4633,5253.76,3008.75,5565.13,3218.44
Copy of IMG00465.JPG,conductor,1,0.4284,4248.04,3987.65,4477.45,6331.75
Copy of IMG00465.JPG,conductor,1,0.349,328.47,2390.97,4099.64,2931.78
Copy of IMG00465.JPG,insulator,2,0.3038,4989.65,3377.88,5321.7,3722.09
Copy of IMG00465.JPG,conductor,1,0.1934,533.56,2707.95,3806.83,3435.27
Copy of IMG00465.JPG,conductor,1,0.1559,587.68,2973.8,3786.26,3625.72
Copy of IMG00465.JPG,insulator,2,0.1241,4159.18,3453.64,4498.53,3835.66
Copy of IMG00465.JPG,insulator,2,0.1193,5539.56,3147.89,5811.65,3436.66
Copy of IMG00465.JPG,conductor,1,0.1154,108.62,2591.49,3866.99,3253.82
Copy of IMG00465.JPG,conductor,1,0.113,48.05,2316.55,3873.91,2798.08
Copy of IMG00465.JPG,conductor,1,0.0877,4.28,2457.9,710.71,2874.08
Copy of IMG00465.JPG,conductor,1,0.0679,0.7,2061.84,406.51,2495.9
Copy of IMG00465.JPG,insulator,2,0.0653,5512.4,3123.94,5828.26,3378.45
Copy of IMG00465.JPG,conductor,1,0.0642,1.0,2469.08,668.02,3152.56
Copy of IMG00465.JPG,conductor,1,0.062,8.35,2762.12,839.63,3270.72
Copy of IMG00465.JPG,conductor,1,0.0599,0.46,2221.27,687.11,2861.6
Copy of IMG00465.JPG,conductor,1,0.0525,1.31,2722.5,669.25,3227.74
Copy of IMG00058.JPG,insulator,2,0.9213,4218.2,2233.23,4789.83,2858.82
Copy of IMG00058.JPG,insulator,2,0.9154,3689.96,898.07,4238.26,1457.7
Copy of IMG00058.JPG,insulator,2,0.8725,5699.3,2029.45,6253.09,2671.44
Copy of IMG00058.JPG,insulator,2,0.8638,7090.55,1910.47,7656.84,2531.32
Copy of IMG00058.JPG,insulator,2,0.8217,6435.99,660.89,6997.59,1198.47
Copy of IMG00058.JPG,insulator,2,0.7407,5116.84,842.06,5696.1,1390.4
Copy of IMG00058.JPG,conductor,1,0.4382,756.29,2388.47,2364.85,2886.27
Copy of IMG00058.JPG,conductor,1,0.2998,6061.92,3009.08,7739.1,5610.65
Copy of IMG00058.JPG,conductor,1,0.2637,4539.27,3112.13,6065.6,4926.57
Copy of IMG00058.JPG,conductor,1,0.2206,7320.31,2787.88,9504.0,6294.08
Copy of IMG00058.JPG,conductor,1,0.1763,822.53,2322.83,1679.05,2522.7
Copy of IMG00058.JPG,conductor,1,0.1565,908.79,2391.42,1643.16,2587.68
Copy of IMG00058.JPG,conductor,1,0.1059,5100.51,4823.31,6412.94,6268.05
Copy of IMG00058.JPG,conductor,1,0.1002,271.31,2144.74,994.51,2384.83
Copy of IMG00058.JPG,conductor,1,0.0963,3582.15,4027.62,4928.03,5607.49
Copy of IMG00058.JPG,conductor,1,0.0932,341.71,2169.17,1100.43,2411.42
Copy of IMG00058.JPG,conductor,1,0.0892,149.01,2074.97,915.58,2320.34
Copy of IMG00058.JPG,conductor,1,0.0835,443.74,2176.12,1281.75,2424.11
Copy of IMG00058.JPG,conductor,1,0.0825,6105.66,3017.79,8088.74,6215.3
Copy of IMG00058.JPG,conductor,1,0.0772,734.34,2271.77,1549.18,2484.23
Copy of IMG00058.JPG,conductor,1,0.076,2.59,1940.97,498.21,2222.44
Copy of IMG00058.JPG,conductor,1,0.0708,1.75,2017.14,484.51,2244.21
Copy of IMG00058.JPG,insulator,2,0.0576,5336.55,1633.14,5772.84,2090.06
Copy of IMG00058.JPG,conductor,1,0.0517,1595.19,2474.82,2410.63,2846.06
Copy of IMG00252.JPG,conductor,1,0.3279,1083.6,5149.55,5526.15,5681.18
Copy of IMG00252.JPG,conductor,1,0.2525,5267.72,4003.69,9370.3,4947.83
Copy of IMG00252.JPG,insulator,2,0.2134,4859.79,3370.91,5167.55,3769.21
Copy of IMG00252.JPG,conductor,1,0.1558,474.96,3765.93,5060.1,4753.69
Copy of IMG00252.JPG,conductor,1,0.1094,0.0,3674.83,5054.49,4587.85
Copy of IMG00252.JPG,insulator,2,0.1009,4969.07,4611.41,5230.49,4901.2
Copy of IMG00252.JPG,insulator,2,0.0881,4702.81,3238.2,4878.37,3417.19
Copy of IMG00252.JPG,conductor,1,0.0803,0.0,3363.39,5070.53,4547.41
Copy of IMG00252.JPG,insulator,2,0.0773,3848.89,3817.48,4102.63,4058.26
Copy of IMG00252.JPG,conductor,1,0.0618,0.0,5111.4,5015.46,5751.12
Copy of IMG00365.JPG,conductor,1,0.3105,5527.96,5613.56,6235.55,6298.2
Copy of IMG00365.JPG,conductor,1,0.2258,1403.7,5547.93,1934.88,6280.26
Copy of IMG00365.JPG,conductor,1,0.1109,1958.34,5297.5,2696.5,6182.65
Copy of IMG00365.JPG,conductor,1,0.1106,987.13,4833.62,1661.0,5642.57
Copy of IMG00365.JPG,conductor,1,0.1097,1134.09,4897.22,1714.25,5575.32
Copy of IMG00365.JPG,conductor,1,0.0827,51.73,4892.69,729.24,5535.11
Copy of IMG00365.JPG,conductor,1,0.0827,21.91,5118.11,673.51,5748.85
Copy of IMG00365.JPG,conductor,1,0.082,2473.2,5720.85,3076.05,6294.68
Copy of IMG00365.JPG,conductor,1,0.081,3343.85,2416.01,4144.51,3059.27
Copy of IMG00365.JPG,conductor,1,0.0802,54.25,4999.09,731.01,5667.1
Copy of IMG00365.JPG,conductor,1,0.0733,1258.29,5531.39,1876.53,6245.74
Copy of IMG00365.JPG,conductor,1,0.0729,813.91,4986.71,1458.94,5578.34
Copy of IMG00365.JPG,conductor,1,0.0697,3373.94,2454.33,4495.44,3067.81
Copy of IMG00365.JPG,conductor,1,0.0691,1485.15,5648.1,1971.11,6292.97
Copy of IMG00365.JPG,conductor,1,0.066,5077.26,4881.73,5736.33,5455.49
Copy of IMG00365.JPG,conductor,1,0.0656,2030.65,5456.86,2661.45,6235.13
Copy of IMG00365.JPG,conductor,1,0.0612,3170.97,4784.23,3892.96,5397.72
Copy of IMG00365.JPG,conductor,1,0.061,5023.48,4782.76,5651.74,5387.79
Copy of IMG00365.JPG,conductor,1,0.056,822.13,4828.79,1559.8,5613.65
Copy of IMG00365.JPG,conductor,1,0.055,2838.8,5365.45,3523.87,6023.34
Copy of IMG00365.JPG,conductor,1,0.0541,55.65,5255.13,663.62,5794.85
Copy of IMG00365.JPG,conductor,1,0.054,5789.29,5737.48,6251.86,6309.15
Copy of IMG00268.JPG,conductor,1,0.3739,0.0,1932.24,6925.52,2840.4
Copy of IMG00268.JPG,conductor,1,0.3451,3.49,3073.01,6272.38,4014.09
Copy of IMG00268.JPG,conductor,1,0.079,5318.02,1566.77,8714.94,2355.42
Copy of IMG00268.JPG,conductor,1,0.0702,1014.21,2071.51,5371.86,2937.27
Copy of IMG00268.JPG,conductor,1,0.065,0.0,2886.45,7470.32,3882.69
Copy of IMG00268.JPG,conductor,1,0.0563,34.1,2340.39,4259.32,3229.37
Copy of IMG00268.JPG,conductor,1,0.0561,26.55,3212.91,5139.26,4109.35
Copy of IMG00268.JPG,conductor,1,0.0558,10.02,3179.73,3751.64,4223.15
Copy of IMG00268.JPG,conductor,1,0.0544,12.23,3202.36,2469.08,4217.17
Copy of IMG00268.JPG,conductor,1,0.0544,1406.36,1935.6,5283.37,2840.73
Copy of IMG00268.JPG,conductor,1,0.0533,80.81,2160.53,5879.16,2996.92
Copy of IMG00268.JPG,conductor,1,0.051,1035.84,1836.22,8560.79,2805.77
Copy of IMG00009.JPG,insulator,2,0.6895,5553.97,2911.86,5776.77,3183.31
Copy of IMG00009.JPG,insulator,2,0.6389,5001.29,2709.44,5251.07,2993.15
Copy of IMG00009.JPG,conductor,1,0.6329,864.99,4964.38,1919.73,5562.65
Copy of IMG00009.JPG,pylon,0,0.5682,5113.6,3127.52,5487.74,6274.51
Copy of IMG00009.JPG,conductor,1,0.546,371.24,4542.01,1435.56,5079.3
Copy of IMG00009.JPG,conductor,1,0.5158,7245.58,3121.6,8665.2,3902.4
Copy of IMG00009.JPG,conductor,1,0.4643,2404.86,4297.68,3177.23,4812.77
Copy of IMG00009.JPG,insulator,2,0.4199,8881.09,1767.05,9193.49,2227.17
Copy of IMG00009.JPG,conductor,1,0.3922,1273.28,4112.51,2264.61,4670.93
Copy of IMG00009.JPG,conductor,1,0.3561,2508.5,3685.91,3384.49,4241.08
Copy of IMG00009.JPG,conductor,1,0.3215,2282.0,5015.35,3366.77,5629.72
Copy of IMG00009.JPG,conductor,1,0.2894,3691.68,4076.66,4835.67,4823.09
Copy of IMG00009.JPG,conductor,1,0.2657,2895.6,4596.36,4033.42,5305.02
Copy of IMG00009.JPG,conductor,1,0.2528,3669.04,3638.71,4282.25,4084.56
Copy of IMG00009.JPG,conductor,1,0.243,8185.87,566.79,9338.59,1107.04
Copy of IMG00009.JPG,conductor,1,0.2339,1327.14,4009.4,2545.85,4582.09
Copy of IMG00009.JPG,conductor,1,0.2166,8303.56,447.35,9496.75,1043.71
Copy of IMG00009.JPG,conductor,1,0.2058,3281.57,3223.15,4101.5,3718.94
Copy of IMG00009.JPG,conductor,1,0.2003,2.53,5052.59,447.53,5558.72
Copy of IMG00009.JPG,conductor,1,0.1986,529.02,4542.1,1506.03,5005.85
Copy of IMG00009.JPG,insulator,2,0.1945,5284.47,2531.4,5549.62,2745.05
Copy of IMG00009.JPG,insulator,2,0.1846,6858.36,3373.64,7046.31,3565.01
Copy of IMG00009.JPG,conductor,1,0.1826,195.0,5407.94,942.91,6044.63
Copy of IMG00009.JPG,conductor,1,0.1765,1016.21,4903.69,2018.86,5509.12
Copy of IMG00009.JPG,conductor,1,0.1706,4355.73,3231.79,5016.92,3785.04
Copy of IMG00009.JPG,conductor,1,0.1698,4304.08,3324.15,4944.74,3814.43
Copy of IMG00009.JPG,conductor,1,0.1693,1871.98,4616.15,2527.28,5118.95
Copy of IMG00009.JPG,conductor,1,0.1631,776.78,5047.19,1785.61,5650.14
Copy of IMG00009.JPG,conductor,1,0.1613,1436.18,4818.03,2159.08,5359.79
Copy of IMG00009.JPG,conductor,1,0.1604,5468.0,4102.96,6632.51,5176.75
Copy of IMG00009.JPG,conductor,1,0.1581,2584.25,3756.92,3266.84,4259.49
Copy of IMG00009.JPG,conductor,1,0.1541,2447.42,4916.88,3463.08,5569.93
Copy of IMG00009.JPG,conductor,1,0.1531,8481.27,365.7,9503.67,956.62
Copy of IMG00009.JPG,conductor,1,0.1387,2053.64,4380.7,3042.02,4975.09
Copy of IMG00009.JPG,conductor,1,0.1304,8820.85,197.32,9503.86,881.54
Copy of IMG00009.JPG,conductor,1,0.1295,275.7,4738.01,1037.34,5210.9
Copy of IMG00009.JPG,conductor,1,0.1283,3047.1,4422.65,4198.32,5193.42
Copy of IMG00009.JPG,conductor,1,0.1282,8022.02,883.1,8741.62,1253.75
Copy of IMG00009.JPG,conductor,1,0.1243,3583.48,4122.88,4608.46,4900.93
Copy of IMG00009.JPG,conductor,1,0.124,2240.84,4321.17,3119.79,4886.54
Copy of IMG00009.JPG,conductor,1,0.1238,304.57,4636.71,1304.09,5167.29
Copy of IMG00009.JPG,conductor,1,0.1215,8098.86,767.94,9124.44,1228.33
Copy of IMG00009.JPG,conductor,1,0.1159,1956.74,4498.87,2779.31,5059.88
Copy of IMG00009.JPG,conductor,1,0.1092,8538.81,1082.47,9238.53,1522.83
Copy of IMG00009.JPG,conductor,1,0.1046,3330.63,3126.61,4487.15,3641.31
Copy of IMG00009.JPG,conductor,1,0.101,4266.07,3385.7,4859.52,3854.13
Copy of IMG00009.JPG,conductor,1,0.0993,8599.95,1039.85,9328.79,1472.39
Copy of IMG00009.JPG,conductor,1,0.0979,3.9,4910.79,536.16,5449.72
Copy of IMG00009.JPG,conductor,1,0.0973,2758.61,3624.33,3488.21,4082.89
Copy of IMG00009.JPG,conductor,1,0.0921,1265.13,4221.83,2088.63,4717.52
Copy of IMG00009.JPG,conductor,1,0.0914,7358.8,3034.36,8725.81,3776.08
Copy of IMG00009.JPG,conductor,1,0.0902,8990.33,871.63,9502.79,1261.42
Copy of IMG00009.JPG,conductor,1,0.0887,5620.52,1709.95,7740.91,2287.19
Copy of IMG00009.JPG,conductor,1,0.0873,1509.8,4770.93,2258.48,5279.63
Copy of IMG00009.JPG,conductor,1,0.0851,1457.85,3979.68,2645.82,4475.2
Copy of IMG00009.JPG,conductor,1,0.0849,8187.04,691.56,9091.26,1105.48
Copy of IMG00009.JPG,conductor,1,0.082,5882.97,3104.32,6709.15,3461.36
Copy of IMG00009.JPG,conductor,1,0.0796,8003.15,958.29,8593.18,1285.87
Copy of IMG00009.JPG,conductor,1,0.0784,3214.48,3297.21,4059.17,3783.41
Copy of IMG00009.JPG,conductor,1,0.0752,809.21,5062.77,1658.54,5537.51
Copy of IMG00009.JPG,conductor,1,0.0751,2031.08,3860.0,3187.15,4298.36
Copy of IMG00009.JPG,conductor,1,0.0723,1551.24,4667.47,2445.06,5220.26
Copy of IMG00009.JPG,conductor,1,0.0711,3163.0,3934.28,3818.23,4413.66
Copy of IMG00009.JPG,conductor,1,0.0708,2013.08,5068.22,3241.39,5766.52
Copy of IMG00009.JPG,conductor,1,0.0705,65.45,5496.21,831.17,6060.8
Copy of IMG00009.JPG,conductor,1,0.0689,8092.15,839.7,8943.0,1205.04
Copy of IMG00009.JPG,conductor,1,0.0676,3441.58,4920.81,5090.52,6234.16
Copy of IMG00009.JPG,conductor,1,0.0667,625.07,5208.77,1304.28,5725.21
Copy of IMG00009.JPG,conductor,1,0.0658,4422.48,3169.76,4998.64,3659.78
Copy of IMG00009.JPG,conductor,1,0.0651,8493.12,1126.38,9154.15,1559.1
Copy of IMG00009.JPG,conductor,1,0.0641,8378.04,1165.21,9093.04,1620.23
Copy of IMG00009.JPG,conductor,1,0.064,6015.36,1687.06,7633.87,2232.86
Copy of IMG00009.JPG,insulator,2,0.0626,5517.27,2922.39,5739.63,3202.97
Copy of IMG00009.JPG,conductor,1,0.0603,2070.33,3877.72,2922.6,4288.98
Copy of IMG00009.JPG,conductor,1,0.0597,2609.94,4731.59,3743.91,5454.37
Copy of IMG00009.JPG,conductor,1,0.0591,1689.54,3926.29,2820.88,4420.24
Copy of IMG00009.JPG,conductor,1,0.0582,176.3,4830.19,857.7,5246.17
Copy of IMG00009.JPG,conductor,1,0.0578,2512.67,4267.2,3238.88,4694.53
Copy of IMG00009.JPG,conductor,1,0.0575,687.89,5126.59,1522.4,5687.74
Copy of IMG00009.JPG,conductor,1,0.0574,3757.8,3606.22,4308.99,4030.6
Copy of IMG00009.JPG,conductor,1,0.0573,9048.06,835.56,9503.28,1201.1
Copy of IMG00009.JPG,conductor,1,0.0561,8327.71,647.02,9165.52,1056.9
Copy of IMG00009.JPG,conductor,1,0.0556,2285.34,3767.88,3241.45,4265.31
Copy of IMG00009.JPG,conductor,1,0.0519,3415.84,3016.23,4560.71,3498.57
Copy of IMG00009.JPG,conductor,1,0.0508,4579.16,3133.49,4912.48,3453.62
Copy of IMG00009.JPG,insulator,2,0.0503,6879.48,3403.26,7058.95,3625.99
Copy of IMG00009.JPG,conductor,1,0.0501,3512.63,3685.84,4213.45,4166.96
Copy of IMG00062.JPG,insulator,2,0.7768,4599.9,2678.3,4875.59,2960.82
Copy of IMG00062.JPG,insulator,2,0.5457,4803.87,2100.4,5217.36,2501.55
Copy of IMG00062.JPG,insulator,2,0.2481,4693.61,2062.32,5232.65,2505.45
Copy of IMG00062.JPG,insulator,2,0.135,4557.16,2649.56,4927.55,2959.39
Copy of IMG00062.JPG,insulator,2,0.1266,4662.31,2090.86,5144.83,2470.89
Copy of IMG00062.JPG,insulator,2,0.1238,5399.08,2729.48,5686.58,3010.78
Copy of IMG00062.JPG,insulator,2,0.1027,5128.23,2240.6,5432.95,2505.25
Copy of IMG00062.JPG,conductor,1,0.0577,6.77,1290.76,947.17,1667.29
Copy of IMG00062.JPG,insulator,2,0.0568,5351.8,2631.74,5686.23,3017.45
Copy of IMG00485.JPG,insulator,2,0.8516,4786.14,3233.65,5040.03,3543.31
Copy of IMG00485.JPG,conductor,1,0.7362,4095.86,1200.27,4662.93,2804.8
Copy of IMG00485.JPG,conductor,1,0.7286,3633.37,3721.84,4135.82,6292.37
Copy of IMG00485.JPG,pylon,0,0.6588,4632.26,3656.54,5082.82,6260.94
Copy of IMG00485.JPG,conductor,1,0.6236,4911.52,1055.36,5197.72,2794.63
Copy of IMG00485.JPG,insulator,2,0.5494,5592.42,3433.2,5895.54,3747.24
Copy of IMG00485.JPG,insulator,2,0.4636,3908.75,3374.06,4235.19,3672.67
Copy of IMG00485.JPG,conductor,1,0.3672,4951.8,1301.19,5104.21,2820.38
Copy of IMG00485.JPG,conductor,1,0.2412,3836.66,3760.92,4180.96,4658.73
Copy of IMG00485.JPG,conductor,1,0.229,3823.8,3716.59,4158.53,6184.73
Copy of IMG00485.JPG,conductor,1,0.2119,5571.16,1636.98,5912.58,3065.91
Copy of IMG00485.JPG,conductor,1,0.1849,4896.51,1289.5,5148.83,2786.07
Copy of IMG00485.JPG,conductor,1,0.1575,8905.03,4697.08,9503.24,5318.07
Copy of IMG00485.JPG,conductor,1,0.1569,3860.2,3729.16,4166.59,5475.7
Copy of IMG00485.JPG,conductor,1,0.1171,4915.24,2025.45,5166.22,2810.39
Copy of IMG00485.JPG,conductor,1,0.1151,8952.12,4284.61,9504.0,4732.67
Copy of IMG00485.JPG,conductor,1,0.1098,3783.72,3820.72,4143.18,4844.74
Copy of IMG00485.JPG,pylon,0,0.1096,4717.82,3614.59,5042.39,6336.0
Copy of IMG00485.JPG,conductor,1,0.0934,8358.77,4433.93,9011.79,4900.27
Copy of IMG00485.JPG,conductor,1,0.0921,8816.67,4688.27,9469.42,5163.66
Copy of IMG00485.JPG,conductor,1,0.0917,3881.37,3735.14,4187.21,4410.15
Copy of IMG00485.JPG,conductor,1,0.0875,8279.22,4388.24,8960.81,4852.63
Copy of IMG00485.JPG,conductor,1,0.0867,9231.94,4864.95,9503.44,5379.42
Copy of IMG00485.JPG,conductor,1,0.0844,9062.81,4771.89,9503.07,5455.96
Copy of IMG00485.JPG,conductor,1,0.0817,4169.71,1513.64,4554.09,2762.43
Copy of IMG00485.JPG,conductor,1,0.0735,9272.75,4386.69,9504.0,4823.44
Copy of IMG00485.JPG,conductor,1,0.0709,5185.48,1745.43,5621.99,2426.31
Copy of IMG00485.JPG,conductor,1,0.0684,4945.53,1026.01,5129.14,2762.35
Copy of IMG00485.JPG,conductor,1,0.0644,8856.92,3890.22,9503.22,4280.27
Copy of IMG00485.JPG,conductor,1,0.0628,9197.34,4791.18,9504.0,5307.97
Copy of IMG00485.JPG,conductor,1,0.0601,4913.44,1691.93,5162.62,2727.44
Copy of IMG00485.JPG,conductor,1,0.0571,8217.34,4360.5,8857.06,4788.09
Copy of IMG00485.JPG,conductor,1,0.0564,9135.01,4865.02,9504.0,5522.01
Copy of IMG00485.JPG,conductor,1,0.0541,8708.36,4620.12,9383.86,5100.92
Copy of IMG00485.JPG,conductor,1,0.0525,9040.64,3941.61,9503.86,4335.02
Copy of IMG00485.JPG,conductor,1,0.0518,8525.08,4513.56,9110.92,4977.1
Copy of IMG00485.JPG,conductor,1,0.0509,9036.82,4338.3,9504.0,4781.95
Copy of IMG00485.JPG,conductor,1,0.0502,3740.05,4157.31,4034.55,6308.08
Copy of IMG00043.JPG,insulator,2,0.5773,4487.57,2268.23,4885.94,2610.17
Copy of IMG00043.JPG,insulator,2,0.5641,5415.41,2456.15,5720.75,2766.05
Copy of IMG00043.JPG,insulator,2,0.5543,4752.87,2777.96,5058.54,3031.95
Copy of IMG00043.JPG,pylon,0,0.5342,4794.83,3126.93,5319.77,6336.0
Copy of IMG00043.JPG,conductor,1,0.4957,8885.75,0.0,9368.77,789.19
Copy of IMG00043.JPG,conductor,1,0.4453,5456.37,3044.24,6078.94,5118.77
Copy of IMG00043.JPG,conductor,1,0.3532,5472.31,3076.02,6107.92,5945.06
Copy of IMG00043.JPG,conductor,1,0.3316,5429.72,1330.35,6374.19,1936.26
Copy of IMG00043.JPG,insulator,2,0.3205,4514.93,2913.72,4801.53,3138.75
Copy of IMG00043.JPG,insulator,2,0.2878,5046.41,2338.71,5324.7,2605.08
Copy of IMG00043.JPG,insulator,2,0.2249,5098.24,2364.27,5359.77,2596.21
Copy of IMG00043.JPG,insulator,2,0.202,5085.36,2695.05,5353.07,2958.11
Copy of IMG00043.JPG,insulator,2,0.1991,4958.41,2356.93,5268.65,2629.17
Copy of IMG00043.JPG,conductor,1,0.1037,5565.07,1230.41,6515.1,1852.05
Copy of IMG00043.JPG,conductor,1,0.082,5958.7,1575.43,6994.79,2378.19
Copy of IMG00043.JPG,conductor,1,0.0759,5208.66,4200.19,5523.06,4864.65
Copy of IMG00043.JPG,conductor,1,0.0664,5524.01,3239.49,6238.84,6206.88
Copy of IMG00043.JPG,conductor,1,0.0659,5455.51,2953.59,5809.18,3753.33
Copy of IMG00043.JPG,conductor,1,0.0628,5449.52,2960.31,5848.2,4171.76
Copy of IMG00043.JPG,insulator,2,0.0584,4980.76,2319.61,5292.66,2604.37
Copy of IMG00043.JPG,conductor,1,0.058,5362.18,1415.38,6206.21,2019.7
Copy of IMG00043.JPG,insulator,2,0.0528,5373.2,2500.36,5690.35,2776.04
Copy of IMG00043.JPG,insulator,2,0.051,4504.69,2844.97,4842.11,3101.44
Copy of IMG00040.JPG,conductor,1,0.7958,4837.52,4198.65,5929.8,5723.07
Copy of IMG00040.JPG,insulator,2,0.7626,4793.04,2621.62,5119.38,2960.96
Copy of IMG00040.JPG,insulator,2,0.7255,3903.24,2780.22,4173.25,3062.62
Copy of IMG00040.JPG,insulator,2,0.6084,4361.52,2292.34,4669.7,2595.88
Copy of IMG00040.JPG,pylon,0,0.5997,4268.87,3046.94,4684.67,6253.77
Copy of IMG00040.JPG,conductor,1,0.4808,5580.96,5560.02,6303.32,6202.41
Copy of IMG00040.JPG,conductor,1,0.1869,5793.17,3846.27,6808.61,4845.92
Copy of IMG00040.JPG,conductor,1,0.166,5670.49,5639.04,6332.0,6275.32
Copy of IMG00040.JPG,conductor,1,0.1559,7023.23,5566.04,7505.45,6015.31
Copy of IMG00040.JPG,conductor,1,0.1157,5168.91,5918.68,5695.47,6316.0
Copy of IMG00040.JPG,conductor,1,0.1147,5159.25,3045.22,5650.37,3543.95
Copy of IMG00040.JPG,conductor,1,0.1045,4881.44,4613.31,5951.36,5720.99
Copy of IMG00040.JPG,conductor,1,0.0837,4765.4,4117.22,5587.23,5322.51
Copy of IMG00040.JPG,conductor,1,0.079,6745.29,5242.02,7382.52,5680.28
Copy of IMG00040.JPG,conductor,1,0.0744,5481.15,5445.23,6236.41,6192.21
Copy of IMG00040.JPG,conductor,1,0.0683,6424.7,4939.91,7071.16,5369.41
Copy of IMG00040.JPG,conductor,1,0.0682,5388.69,5234.72,6141.11,5925.14
Copy of IMG00040.JPG,conductor,1,0.0678,5236.52,4970.57,6050.3,5782.27
Copy of IMG00040.JPG,conductor,1,0.0646,4814.12,2949.32,5098.13,3343.18
Copy of IMG00040.JPG,conductor,1,0.0633,5846.07,5836.94,6490.83,6312.39
Copy of IMG00040.JPG,conductor,1,0.0627,6947.3,5447.13,7472.45,5902.18
Copy of IMG00040.JPG,insulator,2,0.0623,4320.04,2302.21,4643.75,2659.47
Copy of IMG00040.JPG,conductor,1,0.0558,5152.96,4747.97,5968.7,5729.78
Copy of IMG00040.JPG,conductor,1,0.0525,6537.35,5037.11,7273.33,5562.79
Copy of IMG00040.JPG,conductor,1,0.0508,6689.86,5151.96,7340.97,5628.16
Copy of IMG00060.JPG,insulator,2,0.6226,3629.71,3309.96,3908.75,3567.13
Copy of IMG00060.JPG,insulator,2,0.3044,3896.15,2712.84,4231.17,3130.44
Copy of IMG00060.JPG,conductor,1,0.1859,3071.06,3693.27,4200.89,5701.07
Copy of IMG00060.JPG,conductor,1,0.1704,2301.92,4663.31,3108.46,5308.21
Copy of IMG00060.JPG,insulator,2,0.1698,4151.12,2840.29,4456.56,3158.9
Copy of IMG00060.JPG,insulator,2,0.1618,3718.9,2717.71,4001.0,3012.49
Copy of IMG00060.JPG,conductor,1,0.1601,1631.52,4083.21,2711.29,4810.06
Copy of IMG00060.JPG,insulator,2,0.0986,4385.74,3025.81,4686.05,3271.57
Copy of IMG00060.JPG,insulator,2,0.0573,4426.16,3361.28,4699.85,3602.25
Copy of IMG00060.JPG,conductor,1,0.0564,4515.76,2358.76,6734.17,3083.15
Copy of IMG00060.JPG,insulator,2,0.0518,4031.36,2772.24,4428.39,3167.68
Copy of IMG00056.JPG,insulator,2,0.8591,4234.69,3319.33,4780.13,3898.76
Copy of IMG00056.JPG,insulator,2,0.8019,4722.45,2470.75,5297.91,2987.29
Copy of IMG00056.JPG,conductor,1,0.7662,1861.66,3554.33,3107.99,5144.98
Copy of IMG00056.JPG,insulator,2,0.764,3633.76,1911.72,4182.22,2451.04
Copy of IMG00056.JPG,insulator,2,0.7575,2573.51,1327.69,3030.42,1752.1
Copy of IMG00056.JPG,insulator,2,0.697,1885.34,2100.56,2399.04,2689.75
Copy of IMG00056.JPG,insulator,2,0.5994,3021.6,2636.53,3587.9,3176.52
Copy of IMG00056.JPG,conductor,1,0.4429,1195.66,4882.93,2424.3,6194.93
Copy of IMG00056.JPG,conductor,1,0.4286,2985.15,83.32,3970.06,1315.82
Copy of IMG00056.JPG,conductor,1,0.387,3451.38,4114.85,4447.68,5201.08
Copy of IMG00056.JPG,conductor,1,0.2769,1213.84,4757.09,2478.47,5624.93
Copy of IMG00056.JPG,conductor,1,0.2131,0.0,5192.98,544.18,6232.72
Copy of IMG00056.JPG,conductor,1,0.1809,1119.18,2902.43,2623.6,3500.63
Copy of IMG00056.JPG,conductor,1,0.1781,3.27,4538.95,941.39,5386.65
Copy of IMG00056.JPG,conductor,1,0.1532,2901.24,4996.81,3920.81,6276.97
Copy of IMG00056.JPG,conductor,1,0.1323,1286.14,4562.2,2532.77,5455.34
Copy of IMG00056.JPG,conductor,1,0.1271,4141.84,112.4,5256.46,2043.94
Copy of IMG00056.JPG,conductor,1,0.1088,0.0,4718.61,737.45,6210.75
Copy of IMG00056.JPG,conductor,1,0.0856,1911.91,3508.67,3092.02,4670.32
Copy of IMG00056.JPG,insulator,2,0.0632,2961.44,2261.55,3301.44,2633.85
Copy of IMG00056.JPG,conductor,1,0.0524,212.24,3849.1,1452.18,4628.63
Copy of IMG00056.JPG,conductor,1,0.0522,3776.34,5378.74,4697.99,6290.24
Copy of IMG00056.JPG,conductor,1,0.0503,0.0,5320.79,309.45,6248.28
Copy of IMG00168.JPG,pylon,0,0.8516,4965.72,5715.37,5487.0,6301.06
Copy of IMG00168.JPG,insulator,2,0.731,3555.3,3934.06,4038.55,4401.63
Copy of IMG00168.JPG,insulator,2,0.6635,5758.25,5002.82,6192.04,5448.36
Copy of IMG00168.JPG,insulator,2,0.5548,4632.58,4509.8,5035.75,4899.06
Copy of IMG00168.JPG,conductor,1,0.4688,2276.69,5667.22,2990.71,6277.79
Copy of IMG00168.JPG,conductor,1,0.4184,3138.45,5619.67,3813.52,6155.37
Copy of IMG00168.JPG,insulator,2,0.3534,5278.23,3939.57,5652.4,4258.9
Copy of IMG00168.JPG,insulator,2,0.3034,5000.13,3788.29,5503.19,4251.07
Copy of IMG00168.JPG,conductor,1,0.2337,3858.57,5421.29,4506.56,6030.11
Copy of IMG00168.JPG,conductor,1,0.2117,5054.2,940.65,5722.23,3805.97
Copy of IMG00168.JPG,conductor,1,0.1905,4959.17,5687.83,5455.46,6304.46
Copy of IMG00168.JPG,insulator,2,0.1368,4467.61,4617.68,4745.5,4872.16
Copy of IMG00168.JPG,insulator,2,0.1085,5106.55,5060.78,5537.19,5331.65
Copy of IMG00168.JPG,insulator,2,0.1036,5167.04,3808.0,5640.29,4316.36
Copy of IMG00168.JPG,conductor,1,0.0909,5382.22,5625.26,5820.1,6262.23
Copy of IMG00168.JPG,insulator,2,0.0878,5958.81,1353.26,6223.95,1549.59
Copy of IMG00168.JPG,conductor,1,0.081,2575.32,5343.85,3134.03,5793.06
Copy of IMG00168.JPG,insulator,2,0.0712,5131.03,4968.49,5547.62,5323.36
Copy of IMG00168.JPG,conductor,1,0.071,3922.18,5323.04,4530.7,5868.41
Copy of IMG00168.JPG,insulator,2,0.0652,4982.55,3815.05,5423.3,4195.24
Copy of IMG00168.JPG,conductor,1,0.0538,3755.72,4394.44,4419.59,4866.11
Copy of IMG00168.JPG,conductor,1,0.0518,1777.03,4361.19,3586.28,5765.94
Copy of IMG00168.JPG,conductor,1,0.0508,3270.73,5696.54,3944.48,6260.9
Copy of IMG00168.JPG,conductor,1,0.0503,2.85,4004.21,374.86,4362.04
Copy of IMG00412.JPG,pylon,0,0.8801,3475.39,3938.27,4077.04,6287.1
Copy of IMG00412.JPG,insulator,2,0.8773,3885.21,5014.27,4279.49,5338.01
Copy of IMG00412.JPG,conductor,1,0.7121,5695.22,2770.16,7286.02,3522.76
Copy of IMG00412.JPG,conductor,1,0.6238,2121.76,4113.56,3263.85,4869.4
Copy of IMG00412.JPG,insulator,2,0.5556,3471.53,3319.64,3811.66,3677.28
Copy of IMG00412.JPG,conductor,1,0.476,1680.26,5301.03,3153.96,6115.57
Copy of IMG00412.JPG,conductor,1,0.4607,192.67,4703.67,1912.73,5535.15
Copy of IMG00412.JPG,conductor,1,0.4597,7076.94,2382.7,8481.58,3080.75
Copy of IMG00412.JPG,conductor,1,0.4319,3921.06,2732.34,5288.9,3369.58
Copy of IMG00412.JPG,conductor,1,0.4142,4726.82,3975.01,6814.61,4976.28
Copy of IMG00412.JPG,conductor,1,0.4067,4809.9,3175.61,6078.92,3844.99
Copy of IMG00412.JPG,conductor,1,0.3607,5041.76,3628.84,7789.88,4828.01
Copy of IMG00412.JPG,conductor,1,0.357,5311.41,2221.86,6783.74,2864.17
Copy of IMG00412.JPG,conductor,1,0.3319,892.75,3686.54,2503.65,4356.86
Copy of IMG00412.JPG,conductor,1,0.2981,980.87,5760.44,2096.31,6314.46
Copy of IMG00412.JPG,conductor,1,0.2803,7254.36,3185.62,9227.46,4228.0
Copy of IMG00412.JPG,conductor,1,0.2727,6398.97,1809.91,7954.4,2488.4
Copy of IMG00412.JPG,conductor,1,0.2454,8086.73,2077.59,9272.79,2718.26
Copy of IMG00412.JPG,conductor,1,0.2383,4672.64,3907.45,7748.34,5017.18
Copy of IMG00412.JPG,conductor,1,0.2382,7533.48,1599.28,8812.17,2093.3
Copy of IMG00412.JPG,insulator,2,0.2351,3939.45,4993.27,4230.9,5333.32
Copy of IMG00412.JPG,conductor,1,0.2133,5798.92,3513.64,7850.59,4704.2
Copy of IMG00412.JPG,conductor,1,0.2023,52.19,4104.07,1350.93,4726.26
Copy of IMG00412.JPG,conductor,1,0.1932,4567.09,4091.33,6581.35,5057.04
Copy of IMG00412.JPG,conductor,1,0.1926,6211.0,1862.06,7764.44,2576.17
Copy of IMG00412.JPG,conductor,1,0.1836,533.31,3762.03,2167.83,4441.51
Copy of IMG00412.JPG,conductor,1,0.1809,8522.27,2626.72,9502.97,3637.61
Copy of IMG00412.JPG,conductor,1,0.1715,7317.84,1616.31,8718.49,2148.46
Copy of IMG00412.JPG,conductor,1,0.1697,91.71,4032.07,1502.55,4644.76
Copy of IMG00412.JPG,conductor,1,0.166,1.34,5162.39,546.91,5986.18
Copy of IMG00412.JPG,conductor,1,0.1643,1704.47,4140.96,3206.96,4953.35
Copy of IMG00412.JPG,conductor,1,0.1618,47.54,4332.02,990.74,4735.0
Copy of IMG00412.JPG,conductor,1,0.1611,1.02,4496.47,717.74,5049.21
Copy of IMG00412.JPG,conductor,1,0.1488,8199.26,2667.94,9504.0,3757.97
Copy of IMG00412.JPG,conductor,1,0.1482,4997.17,2271.41,6651.96,2954.66
Copy of IMG00412.JPG,conductor,1,0.1303,1114.64,3619.37,2681.48,4213.85
Copy of IMG00412.JPG,conductor,1,0.1279,8899.45,1783.91,9502.91,2466.29
Copy of IMG00412.JPG,conductor,1,0.1249,8930.68,1325.11,9503.23,1645.99
Copy of IMG00412.JPG,conductor,1,0.1228,7321.23,2886.84,9445.2,4184.04
Copy of IMG00412.JPG,conductor,1,0.1187,8840.95,1169.57,9502.36,1677.96
Copy of IMG00412.JPG,conductor,1,0.1183,7549.71,1655.46,8662.28,2042.32
Copy of IMG00412.JPG,conductor,1,0.1144,7828.64,2852.52,9481.93,4123.55
Copy of IMG00412.JPG,conductor,1,0.1122,297.89,4080.96,1462.06,4528.2
Copy of IMG00412.JPG,conductor,1,0.1113,396.34,4642.01,2066.48,5454.4
Copy of IMG00412.JPG,conductor,1,0.11,1790.5,3643.07,2774.96,4069.71
Copy of IMG00412.JPG,conductor,1,0.1095,147.81,4855.96,1507.29,5597.28
Copy of IMG00412.JPG,conductor,1,0.109,212.46,3948.28,1734.79,4591.62
Copy of IMG00412.JPG,conductor,1,0.107,8995.04,1770.41,9503.36,2317.08
Copy of IMG00412.JPG,conductor,1,0.1047,6660.7,1700.75,8194.38,2339.0
Copy of IMG00412.JPG,conductor,1,0.1026,13.72,4240.21,1126.89,4827.65
Copy of IMG00412.JPG,conductor,1,0.1004,6953.15,1663.16,8640.24,2218.18
Copy of IMG00412.JPG,conductor,1,0.0984,5413.57,2126.93,6959.22,2788.48
Copy of IMG00412.JPG,conductor,1,0.0966,0.1,4353.62,914.93,4968.73
Copy of IMG00412.JPG,conductor,1,0.0959,8441.96,2773.33,9501.29,3922.19
Copy of IMG00412.JPG,conductor,1,0.0927,3983.08,2673.42,5497.62,3276.28
Copy of IMG00412.JPG,conductor,1,0.092,8979.39,1885.44,9504.0,2381.06
Copy of IMG00412.JPG,conductor,1,0.0916,8151.59,2001.66,9454.67,2681.94
Copy of IMG00412.JPG,conductor,1,0.0906,8129.62,1562.81,9018.79,1891.66
Copy of IMG00412.JPG,conductor,1,0.0895,1601.28,4247.92,3059.83,5020.13
Copy of IMG00412.JPG,conductor,1,0.0895,990.35,3783.69,2322.38,4326.57
Copy of IMG00412.JPG,conductor,1,0.0871,8763.75,1326.26,9502.38,1681.33
Copy of IMG00412.JPG,conductor,1,0.0869,8594.19,1822.79,9503.14,2596.04
Copy of IMG00412.JPG,insulator,2,0.0867,3657.43,3966.21,4094.14,4468.07
Copy of IMG00412.JPG,conductor,1,0.0819,7695.52,1539.05,8952.49,1979.48
Copy of IMG00412.JPG,insulator,2,0.0819,3693.86,4024.6,4094.88,4584.92
Copy of IMG00412.JPG,conductor,1,0.081,1.38,5185.09,405.17,5852.31
Copy of IMG00412.JPG,conductor,1,0.0793,1.02,4570.42,398.53,5066.85
Copy of IMG00412.JPG,conductor,1,0.0751,1515.81,4375.34,2571.44,5062.86
Copy of IMG00412.JPG,insulator,2,0.0736,3589.15,3606.38,3874.3,3922.11
Copy of IMG00412.JPG,conductor,1,0.0736,4213.97,3522.64,5141.43,4134.58
Copy of IMG00412.JPG,conductor,1,0.0734,7077.98,2468.61,8259.8,3040.13
Copy of IMG00412.JPG,insulator,2,0.073,3523.4,3341.33,3836.53,3803.16
Copy of IMG00412.JPG,insulator,2,0.0716,3914.84,4845.7,4185.07,5058.14
Copy of IMG00412.JPG,conductor,1,0.0711,8958.33,2613.27,9502.95,3590.95
Copy of IMG00412.JPG,conductor,1,0.07,363.65,3820.7,2044.3,4528.59
Copy of IMG00412.JPG,conductor,1,0.068,3896.13,2900.73,4989.5,3421.7
Copy of IMG00412.JPG,conductor,1,0.0667,5750.82,1913.17,7624.34,2661.08
Copy of IMG00412.JPG,conductor,1,0.0656,1790.6,5167.0,3424.43,6044.91
Copy of IMG00412.JPG,conductor,1,0.0652,0.0,5282.6,478.48,6161.4
Copy of IMG00412.JPG,conductor,1,0.0651,7973.11,2177.75,9067.95,2730.91
Copy of IMG00412.JPG,conductor,1,0.0643,3907.06,2977.16,4871.9,3316.26
Copy of IMG00412.JPG,conductor,1,0.0641,2248.89,4075.19,3312.84,4758.44
Copy of IMG00412.JPG,conductor,1,0.063,8271.24,1528.2,9092.83,1865.42
Copy of IMG00412.JPG,conductor,1,0.0614,7216.74,2278.8,8684.52,3021.21
Copy of IMG00412.JPG,conductor,1,0.0612,4976.97,3922.18,7344.1,4927.78
Copy of IMG00412.JPG,conductor,1,0.0609,805.22,3821.2,2168.81,4356.0
Copy of IMG00412.JPG,conductor,1,0.0602,4111.71,2742.02,5397.16,3175.12
Copy of IMG00412.JPG,conductor,1,0.059,7366.91,1699.98,8500.98,2127.37
Copy of IMG00412.JPG,conductor,1,0.0585,666.29,3880.38,1971.23,4431.91
Copy of IMG00412.JPG,conductor,1,0.0579,5011.84,3150.16,6247.69,3674.9
Copy of IMG00412.JPG,conductor,1,0.0572,1.96,5060.92,699.2,5904.16
Copy of IMG00412.JPG,conductor,1,0.0563,6829.97,1831.72,8029.18,2316.18
Copy of IMG00412.JPG,conductor,1,0.0546,6661.16,1899.16,7866.23,2384.87
Copy of IMG00412.JPG,conductor,1,0.0541,4276.99,2578.85,5704.67,3168.04
Copy of IMG00412.JPG,conductor,1,0.051,4385.43,2671.23,5618.3,3080.89
Copy of IMG03521.JPG,insulator,2,0.69,4031.61,3353.57,4661.09,4341.44
Copy of IMG03521.JPG,conductor,1,0.2414,3043.89,5043.76,4238.02,6248.08
Copy of IMG03521.JPG,insulator,2,0.1552,3476.75,3404.36,3951.76,4020.42
Copy of IMG03521.JPG,insulator,2,0.108,4184.19,3907.32,4580.9,4486.27
Copy of IMG03521.JPG,insulator,2,0.1058,4034.6,3388.03,4637.78,4108.42
Copy of IMG03521.JPG,conductor,1,0.1005,5953.84,4078.37,7148.9,6278.4
Copy of IMG03521.JPG,insulator,2,0.098,3492.08,3362.19,4039.48,4140.66
Copy of IMG03521.JPG,insulator,2,0.0796,4127.79,3523.08,4613.17,4512.27
Copy of IMG03521.JPG,insulator,2,0.0751,4159.82,3739.72,4631.07,4481.02
Copy of IMG03521.JPG,conductor,1,0.0629,7340.67,3668.9,8354.59,6294.13
Copy of IMG00129.JPG,pylon,0,0.8421,4718.43,2438.64,5420.81,5559.21
Copy of IMG00129.JPG,insulator,2,0.8082,4118.38,1617.37,4487.89,1950.94
Copy of IMG00129.JPG,insulator,2,0.7305,4563.35,1261.33,4931.65,1629.81
Copy of IMG00129.JPG,insulator,2,0.7118,5572.3,1963.56,5895.3,2304.8
Copy of IMG00129.JPG,insulator,2,0.6091,5340.36,1207.61,5627.54,1446.13
Copy of IMG00129.JPG,insulator,2,0.5392,6148.99,1712.85,6509.89,2072.44
Copy of IMG00129.JPG,insulator,2,0.5241,5286.98,418.1,5654.92,787.47
Copy of IMG00129.JPG,insulator,2,0.4661,5587.36,674.29,5931.83,959.17
Copy of IMG00129.JPG,conductor,1,0.4267,5906.83,5126.51,7191.33,6278.46
Copy of IMG00129.JPG,conductor,1,0.392,5818.29,4758.97,7278.33,6259.5
Copy of IMG00129.JPG,insulator,2,0.3747,4647.25,705.61,4961.2,1007.91
Copy of IMG00129.JPG,conductor,1,0.3706,8541.2,3536.83,9496.93,4131.18
Copy of IMG00129.JPG,conductor,1,0.3385,8306.48,3450.62,9479.15,4086.59
Copy of IMG00129.JPG,insulator,2,0.3103,4947.9,2249.67,5245.15,2502.16
Copy of IMG00129.JPG,conductor,1,0.2794,8753.65,4429.86,9503.31,5068.53
Copy of IMG00129.JPG,insulator,2,0.2387,4962.22,1556.37,5207.08,1760.62
Copy of IMG00129.JPG,insulator,2,0.23,4972.48,572.14,5278.57,878.54
Copy of IMG00129.JPG,conductor,1,0.1787,8808.01,5525.68,9503.59,6297.44
Copy of IMG00129.JPG,conductor,1,0.1739,8656.36,4382.2,9470.71,4930.09
Copy of IMG00129.JPG,conductor,1,0.1638,8612.9,3635.42,9498.97,4196.82
Copy of IMG00129.JPG,conductor,1,0.1631,8855.2,4485.59,9497.44,5191.25
Copy of IMG00129.JPG,conductor,1,0.1605,8888.09,5780.68,9503.32,6309.48
Copy of IMG00129.JPG,conductor,1,0.1473,8526.54,4323.1,9307.18,4847.6
Copy of IMG00129.JPG,conductor,1,0.1362,8989.25,3872.78,9504.0,4407.99
Copy of IMG00129.JPG,conductor,1,0.1321,7603.71,5560.67,8479.15,6275.58
Copy of IMG00129.JPG,conductor,1,0.1317,8162.94,3337.52,9319.35,3909.95
Copy of IMG00129.JPG,insulator,2,0.1093,4917.58,1021.56,5217.0,1240.33
Copy of IMG00129.JPG,conductor,1,0.1084,9012.99,5900.98,9504.0,6336.0
Copy of IMG00129.JPG,conductor,1,0.1035,6635.12,2118.08,7721.96,2944.5
Copy of IMG00129.JPG,conductor,1,0.1012,8942.76,4626.41,9504.0,5289.05
Copy of IMG00129.JPG,insulator,2,0.1001,4940.53,989.95,5206.97,1204.57
Copy of IMG00129.JPG,conductor,1,0.0979,5816.95,2943.92,6683.86,3651.67
Copy of IMG00129.JPG,conductor,1,0.0941,8746.87,5437.02,9502.8,6097.37
Copy of IMG00129.JPG,conductor,1,0.0917,8809.47,3706.25,9502.01,4323.64
Copy of IMG00129.JPG,conductor,1,0.0739,3071.95,1093.68,4066.81,1625.99
Copy of IMG00129.JPG,conductor,1,0.0726,7470.28,5450.36,8400.65,6252.82
Copy of IMG00129.JPG,conductor,1,0.0714,8061.19,4830.68,8997.35,5591.31
Copy of IMG00129.JPG,conductor,1,0.0641,8891.24,3825.77,9503.64,4349.72
Copy of IMG00129.JPG,conductor,1,0.0618,9048.89,3963.88,9502.69,4438.34
Copy of IMG00129.JPG,conductor,1,0.0573,8746.51,5310.19,9503.3,5964.13
Copy of IMG00129.JPG,conductor,1,0.0558,8113.98,3296.11,8957.42,3756.46
Copy of IMG00129.JPG,conductor,1,0.0545,9032.98,434.54,9399.77,614.95
Copy of IMG03531.JPG,insulator,2,0.4183,4353.23,1336.34,4611.52,1663.0
Copy of IMG03531.JPG,pylon,0,0.4082,4255.12,2197.01,4899.69,6335.11
Copy of IMG03531.JPG,insulator,2,0.3389,4301.52,1773.22,4584.46,2149.24
Copy of IMG03531.JPG,pylon,0,0.3156,4309.14,1936.37,4871.22,4094.26
Copy of IMG03531.JPG,insulator,2,0.197,4329.29,1043.7,4614.46,1507.57
Copy of IMG03531.JPG,conductor,1,0.1878,4796.33,233.93,5376.57,605.14
Copy of IMG03531.JPG,insulator,2,0.1609,4315.45,1019.39,4613.7,1351.97
Copy of IMG03531.JPG,pylon,0,0.1324,4228.51,2131.03,4683.45,6300.3
Copy of IMG03531.JPG,conductor,1,0.0641,4760.8,291.64,5346.73,660.49
Copy of IMG03531.JPG,conductor,1,0.0543,8814.76,5236.54,9504.0,6284.6
Copy of IMG03548.JPG,conductor,1,0.6799,113.07,4008.57,1415.89,4677.46
Copy of IMG03548.JPG,conductor,1,0.5907,1719.15,3144.94,2875.69,3708.42
Copy of IMG03548.JPG,insulator,2,0.539,4688.51,2369.56,4939.63,2737.5
Copy of IMG03548.JPG,pylon,0,0.5066,4516.28,2825.14,4936.93,5671.44
Copy of IMG03548.JPG,pylon,0,0.5009,4512.1,2171.37,5004.5,5707.85
Copy of IMG03548.JPG,insulator,2,0.4428,4572.79,1865.38,4870.66,2301.54
Copy of IMG03548.JPG,insulator,2,0.4017,4727.07,2774.19,4981.77,3124.49
Copy of IMG03548.JPG,conductor,1,0.4003,1078.17,3564.43,2207.66,4148.07
Copy of IMG03548.JPG,conductor,1,0.3862,2382.92,2684.27,3683.64,3273.1
Copy of IMG03548.JPG,conductor,1,0.3751,905.64,4844.39,1763.52,5510.24
Copy of IMG03548.JPG,conductor,1,0.2978,2.94,4523.86,560.66,5189.44
Copy of IMG03548.JPG,conductor,1,0.2439,138.51,4150.88,1304.04,4708.86
Copy of IMG03548.JPG,insulator,2,0.2059,4472.68,1875.0,4863.57,2266.26
Copy of IMG03548.JPG,conductor,1,0.2036,3.79,5004.92,684.42,5893.85
Copy of IMG03548.JPG,conductor,1,0.1963,3157.21,2272.72,4269.12,2782.68
Copy of IMG03548.JPG,conductor,1,0.1913,3822.67,3071.06,4434.82,3610.26
Copy of IMG03548.JPG,conductor,1,0.1743,3439.64,2258.14,4259.44,2618.92
Copy of IMG03548.JPG,pylon,0,0.1738,4417.9,2024.45,4925.34,5730.21
Copy of IMG03548.JPG,conductor,1,0.1671,1134.64,3510.1,2345.52,4070.17
Copy of IMG03548.JPG,conductor,1,0.1632,5054.5,1506.23,6298.06,1911.94
Copy of IMG03548.JPG,conductor,1,0.1591,3580.93,3076.82,4405.41,3773.86
Copy of IMG03548.JPG,conductor,1,0.1508,548.16,3850.54,1730.67,4426.2
Copy of IMG03548.JPG,conductor,1,0.1505,853.78,3753.6,1934.58,4246.91
Copy of IMG03548.JPG,conductor,1,0.1499,2976.13,2512.47,3950.24,2895.07
Copy of IMG03548.JPG,conductor,1,0.1306,0.0,5091.2,701.25,6178.39
Copy of IMG03548.JPG,conductor,1,0.1278,1261.23,4185.97,2091.15,4834.72
Copy of IMG03548.JPG,conductor,1,0.1207,2764.0,2416.59,4043.22,2957.18
Copy of IMG03548.JPG,conductor,1,0.1195,1847.02,3107.3,2948.71,3624.27
Copy of IMG03548.JPG,conductor,1,0.1187,8089.77,424.93,9501.5,966.01
Copy of IMG03548.JPG,conductor,1,0.1152,7067.09,858.76,8469.46,1308.98
Copy of IMG03548.JPG,conductor,1,0.1138,660.9,3817.19,1804.13,4317.71
Copy of IMG03548.JPG,conductor,1,0.1104,2368.76,2773.09,3480.23,3291.03
Copy of IMG03548.JPG,conductor,1,0.1097,2585.43,2565.91,3896.72,3083.99
Copy of IMG03548.JPG,conductor,1,0.1054,1316.48,3353.82,2595.77,3882.95
Copy of IMG03548.JPG,conductor,1,0.105,3034.13,3494.28,3934.11,4160.41
Copy of IMG03548.JPG,conductor,1,0.1019,3986.2,2994.19,4456.83,3482.92
Copy of IMG03548.JPG,conductor,1,0.0999,3157.32,3405.19,4036.56,4032.13
Copy of IMG03548.JPG,conductor,1,0.0995,1414.17,3291.51,2690.08,3794.09
Copy of IMG03548.JPG,conductor,1,0.0961,2596.14,2672.87,3699.95,3154.4
Copy of IMG03548.JPG,conductor,1,0.0927,0.0,4831.47,758.59,6073.35
Copy of IMG03548.JPG,conductor,1,0.0849,3257.49,3153.9,4315.61,3917.63
Copy of IMG03548.JPG,conductor,1,0.0848,1106.02,4287.74,1979.38,4820.0
Copy of IMG03548.JPG,conductor,1,0.0798,5094.28,2065.12,6000.46,2452.7
Copy of IMG03548.JPG,conductor,1,0.0792,2167.16,2869.86,3422.74,3390.35
Copy of IMG03548.JPG,conductor,1,0.0791,584.48,4718.47,1233.1,5210.16
Copy of IMG03548.JPG,conductor,1,0.0788,322.09,3924.98,1610.51,4603.0
Copy of IMG03548.JPG,conductor,1,0.0788,1908.79,3033.63,3074.33,3586.01
Copy of IMG03548.JPG,conductor,1,0.0778,2808.66,2525.15,3959.42,3024.46
Copy of IMG03548.JPG,conductor,1,0.0737,3.25,4633.68,658.03,5613.59
Copy of IMG03548.JPG,conductor,1,0.0722,1240.91,3432.62,2514.0,3969.65
Copy of IMG03548.JPG,conductor,1,0.0709,935.6,3648.23,2154.07,4209.18
Copy of IMG03548.JPG,conductor,1,0.0699,2.21,4623.96,435.42,5203.68
Copy of IMG03548.JPG,conductor,1,0.0658,0.0,4218.84,1139.39,4760.21
Copy of IMG03548.JPG,conductor,1,0.0658,5126.95,2545.65,5693.43,2865.87
Copy of IMG03548.JPG,conductor,1,0.0648,1908.42,3828.02,2722.39,4281.82
Copy of IMG03548.JPG,conductor,1,0.0638,836.37,4937.96,1632.09,5561.11
Copy of IMG03548.JPG,conductor,1,0.0633,6227.75,1229.02,7438.42,1527.53
Copy of IMG03548.JPG,conductor,1,0.0629,2090.15,2938.86,3308.4,3458.26
Copy of IMG03548.JPG,conductor,1,0.0623,6025.89,1195.22,7362.53,1613.15
Copy of IMG03548.JPG,conductor,1,0.0607,1835.13,3904.36,2586.16,4356.04
Copy of IMG03548.JPG,conductor,1,0.0581,6033.65,1273.81,7056.44,1633.28
Copy of IMG03548.JPG,insulator,2,0.0573,4702.7,2708.84,4913.81,2818.01
Copy of IMG03548.JPG,conductor,1,0.0551,1.58,4460.75,618.91,5049.2
Copy of IMG03548.JPG,conductor,1,0.0545,2819.09,3530.01,3868.48,4224.15
Copy of IMG03548.JPG,conductor,1,0.0511,0.0,4502.5,817.47,5596.91
Copy of IMG00391.JPG,conductor,1,0.1166,7976.95,5331.62,8517.17,5889.43
Copy of IMG00391.JPG,conductor,1,0.0979,8791.56,2444.83,9227.47,2804.37
Copy of IMG00391.JPG,conductor,1,0.0957,9124.53,5496.83,9504.0,6158.57
Copy of IMG00391.JPG,conductor,1,0.0775,7279.25,1067.94,7752.42,1344.77
Copy of IMG00391.JPG,conductor,1,0.0716,9264.72,5378.44,9503.15,6024.29
Copy of IMG00391.JPG,conductor,1,0.0704,8683.43,2335.22,9092.16,2695.55
Copy of IMG00391.JPG,conductor,1,0.064,8028.12,1107.52,8371.78,1346.97
Copy of IMG00391.JPG,conductor,1,0.0631,8759.51,2353.21,9186.56,2723.87
Copy of IMG00391.JPG,conductor,1,0.0628,6515.82,866.94,7003.25,1117.94
Copy of IMG00391.JPG,conductor,1,0.0591,6545.39,633.05,6993.07,820.3
Copy of IMG00391.JPG,conductor,1,0.0591,7919.62,5147.93,8588.91,5820.68
Copy of IMG00391.JPG,conductor,1,0.0565,6094.48,1169.71,6438.63,1433.7
Copy of IMG00391.JPG,conductor,1,0.055,7580.94,712.21,7953.88,934.77
Copy of IMG00391.JPG,conductor,1,0.0546,8681.54,2270.02,9044.76,2612.81
Copy of IMG00391.JPG,conductor,1,0.0545,6522.61,1030.49,7971.25,1767.02
Copy of IMG00391.JPG,conductor,1,0.0534,9157.99,5339.01,9504.0,5980.28
Copy of IMG00391.JPG,conductor,1,0.0528,7532.28,704.72,7862.02,911.35
Copy of IMG00391.JPG,conductor,1,0.0523,7531.01,1066.37,7858.19,1341.53
Copy of IMG00391.JPG,conductor,1,0.0516,9141.14,2750.79,9500.74,3184.87
Copy of IMG00391.JPG,conductor,1,0.0511,8605.01,2242.78,8986.92,2588.27
Copy of IMG00391.JPG,conductor,1,0.05,9164.78,2697.63,9500.72,3100.46
Copy of IMG00470.JPG,pylon,0,0.6884,4672.81,3427.02,5052.24,6037.86
Copy of IMG00470.JPG,conductor,1,0.6553,15.42,3367.76,2456.96,5151.2
Copy of IMG00470.JPG,insulator,2,0.5704,4792.16,3177.42,5026.69,3479.47
Copy of IMG00470.JPG,insulator,2,0.5524,5214.58,3268.35,5438.14,3555.56
Copy of IMG00470.JPG,insulator,2,0.4717,4392.15,3220.41,4626.7,3475.16
Copy of IMG00470.JPG,conductor,1,0.4669,3095.34,5520.84,3752.68,6257.63
Copy of IMG00470.JPG,conductor,1,0.3818,3733.62,4604.02,4421.39,5693.82
Copy of IMG00470.JPG,conductor,1,0.359,5732.18,3612.55,9504.0,4435.45
Copy of IMG00470.JPG,conductor,1,0.3498,59.82,2638.56,4296.37,3380.36
Copy of IMG00470.JPG,conductor,1,0.2585,84.55,3437.64,4124.34,5133.18
Copy of IMG00470.JPG,conductor,1,0.2253,1954.14,5425.45,2944.75,6247.78
Copy of IMG00470.JPG,conductor,1,0.2042,5718.4,3774.83,9504.0,4600.81
Copy of IMG00470.JPG,conductor,1,0.1213,5862.33,3359.36,9487.66,4268.97
Copy of IMG00470.JPG,conductor,1,0.0967,3836.09,4642.2,4426.8,5518.35
Copy of IMG00470.JPG,conductor,1,0.0888,3593.27,4731.55,4373.12,5765.33
Copy of IMG00470.JPG,conductor,1,0.0865,3143.85,5459.93,3861.63,6209.33
Copy of IMG00470.JPG,conductor,1,0.0734,3019.77,5624.4,3641.97,6297.73
Copy of IMG00470.JPG,conductor,1,0.0636,2009.33,5139.14,3088.07,6219.63
Copy of IMG00470.JPG,conductor,1,0.061,0.0,2811.06,4254.27,3628.99
Copy of IMG00470.JPG,conductor,1,0.0605,4018.7,4423.34,4564.14,5268.37
Copy of IMG00470.JPG,conductor,1,0.0602,3505.09,4982.25,4212.27,5782.15
Copy of IMG00470.JPG,conductor,1,0.059,3418.58,5088.65,4122.91,5897.25
Copy of IMG00470.JPG,conductor,1,0.0573,3063.77,3598.12,4261.38,4822.65
Copy of IMG03489.JPG,pylon,0,0.853,5809.15,2006.67,6397.27,6232.17
Copy of IMG03489.JPG,conductor,1,0.8399,2445.92,5379.27,3462.03,6298.71
Copy of IMG03489.JPG,insulator,2,0.8362,5389.86,1669.37,5633.6,1931.33
Copy of IMG03489.JPG,conductor,1,0.7894,2349.65,4317.81,3270.32,5115.15
Copy of IMG03489.JPG,conductor,1,0.6934,3778.52,4223.48,4694.26,5102.09
Copy of IMG03489.JPG,conductor,1,0.6642,3400.23,3528.34,4217.59,4327.58
Copy of IMG03489.JPG,insulator,2,0.6232,6742.66,1756.54,6945.71,2052.71
Copy of IMG03489.JPG,conductor,1,0.6081,1.52,5584.73,582.04,6252.87
Copy of IMG03489.JPG,conductor,1,0.5932,838.74,5555.88,1833.62,6283.86
Copy of IMG03489.JPG,conductor,1,0.5477,360.38,5090.53,1498.97,5641.15
Copy of IMG03489.JPG,conductor,1,0.5402,4769.92,3104.72,5740.4,4234.2
Copy of IMG03489.JPG,conductor,1,0.5122,1342.0,4197.35,2405.65,4996.1
Copy of IMG03489.JPG,conductor,1,0.5103,4549.27,1963.61,5400.62,2606.63
Copy of IMG03489.JPG,conductor,1,0.3706,1638.47,5028.87,2566.1,5774.35
Copy of IMG03489.JPG,conductor,1,0.3582,3104.24,2905.92,4177.51,3550.06
Copy of IMG03489.JPG,conductor,1,0.3387,2667.56,3181.12,3852.51,3884.67
Copy of IMG03489.JPG,insulator,2,0.3242,7767.42,1993.91,8013.56,2376.94
Copy of IMG03489.JPG,conductor,1,0.3109,0.0,5682.12,478.54,6274.14
Copy of IMG03489.JPG,conductor,1,0.2957,2437.8,5239.49,3974.96,6298.98
Copy of IMG03489.JPG,conductor,1,0.2645,1498.38,4091.21,2577.13,4796.09
Copy of IMG03489.JPG,conductor,1,0.261,1283.53,4312.94,2304.67,5075.64
Copy of IMG03489.JPG,conductor,1,0.2313,3352.25,2763.62,4272.2,3445.34
Copy of IMG03489.JPG,conductor,1,0.1715,803.5,5861.6,1400.48,6319.42
Copy of IMG03489.JPG,conductor,1,0.166,2539.48,3251.6,3646.57,3918.22
Copy of IMG03489.JPG,conductor,1,0.1607,2799.91,2994.58,4105.02,3746.05
Copy of IMG03489.JPG,conductor,1,0.1517,806.4,5763.09,1518.92,6316.07
Copy of IMG03489.JPG,conductor,1,0.1485,3788.61,4133.18,4935.32,5155.49
Copy of IMG03489.JPG,conductor,1,0.1476,1482.18,5099.52,2523.63,5909.24
Copy of IMG03489.JPG,conductor,1,0.1436,2.13,5499.89,835.45,6217.55
Copy of IMG03489.JPG,conductor,1,0.1398,4137.13,2396.21,4804.42,2948.2
Copy of IMG03489.JPG,insulator,2,0.1322,6114.18,1531.55,6298.95,1749.88
Copy of IMG03489.JPG,conductor,1,0.1226,1009.51,5457.71,2002.29,6273.99
Copy of IMG03489.JPG,conductor,1,0.1204,3917.19,3133.66,4691.19,3807.2
Copy of IMG03489.JPG,conductor,1,0.1175,3254.81,3562.15,4159.92,4402.81
Copy of IMG03489.JPG,conductor,1,0.1123,3800.92,3212.15,4565.65,3924.79
Copy of IMG03489.JPG,conductor,1,0.103,3959.44,2418.72,4755.11,2973.22
Copy of IMG03489.JPG,conductor,1,0.0992,849.11,5941.49,1298.44,6318.04
Copy of IMG03489.JPG,pylon,0,0.0972,5895.7,1983.22,6333.19,5656.79
Copy of IMG03489.JPG,conductor,1,0.0906,2508.95,3348.34,3609.86,4052.3
Copy of IMG03489.JPG,conductor,1,0.0859,4137.16,3026.61,4792.2,3687.2
Copy of IMG03489.JPG,conductor,1,0.082,2871.56,4849.73,4143.13,5759.94
Copy of IMG03489.JPG,conductor,1,0.0815,1594.0,4046.66,2725.77,4657.56
Copy of IMG03489.JPG,conductor,1,0.0728,322.19,5158.47,1363.45,5756.58
Copy of IMG03489.JPG,conductor,1,0.0712,4724.97,1927.43,5408.49,2501.11
Copy of IMG03489.JPG,conductor,1,0.0663,1312.78,5219.48,2334.14,5922.47
Copy of IMG03489.JPG,conductor,1,0.0642,3483.82,3375.4,4365.32,4218.75
Copy of IMG03489.JPG,conductor,1,0.0635,4192.98,2933.02,4894.79,3576.66
Copy of IMG03489.JPG,insulator,2,0.0602,7749.04,2031.47,8022.3,2461.52
Copy of IMG03489.JPG,conductor,1,0.0597,3573.61,3326.46,4442.08,4115.93
Copy of IMG03489.JPG,conductor,1,0.0585,5339.0,2085.91,5753.08,2665.17
Copy of IMG03489.JPG,conductor,1,0.0561,2398.27,5808.36,3036.15,6330.77
Copy of IMG03489.JPG,conductor,1,0.056,0.91,5285.47,1143.79,5944.05
Copy of IMG03489.JPG,conductor,1,0.0552,1261.39,4626.07,2081.9,5118.98
Copy of IMG03489.JPG,conductor,1,0.0534,2151.29,3636.16,3233.35,4279.02
Copy of IMG03489.JPG,conductor,1,0.0529,3977.31,3069.71,4765.56,3731.74
Copy of IMG00008.JPG,insulator,2,0.8357,3264.76,2666.53,3518.15,2920.17
Copy of IMG00008.JPG,pylon,0,0.8045,2828.42,2655.48,3478.75,6281.08
Copy of IMG00008.JPG,conductor,1,0.719,23.66,4215.96,1429.19,5030.73
Copy of IMG00008.JPG,conductor,1,0.5941,758.06,2503.37,1817.42,3018.14
Copy of IMG00008.JPG,insulator,2,0.5687,2843.72,2204.4,3056.74,2440.27
Copy of IMG00008.JPG,insulator,2,0.4018,3049.79,2123.02,3302.01,2349.83
Copy of IMG00008.JPG,conductor,1,0.3541,3530.7,2257.64,5837.09,2738.35
Copy of IMG00008.JPG,conductor,1,0.3352,854.79,3015.79,2231.17,3675.08
Copy of IMG00008.JPG,insulator,2,0.3244,3046.88,2094.4,3279.19,2311.12
Copy of IMG00008.JPG,conductor,1,0.2837,1477.66,2226.36,2612.1,2663.47
Copy of IMG00008.JPG,conductor,1,0.2615,1107.73,3706.86,2537.43,4495.97
Copy of IMG00008.JPG,conductor,1,0.2278,4627.8,1678.87,6544.33,1934.67
Copy of IMG00008.JPG,conductor,1,0.1713,2065.99,2805.01,2912.99,3224.48
Copy of IMG00008.JPG,conductor,1,0.1493,0.0,3371.06,1353.4,4093.45
Copy of IMG00008.JPG,conductor,1,0.1258,767.51,2435.07,2017.28,2986.17
Copy of IMG00008.JPG,conductor,1,0.1142,2.71,2830.98,610.83,3420.5
Copy of IMG00008.JPG,conductor,1,0.112,1595.95,2242.3,2634.4,2565.44
Copy of IMG00008.JPG,conductor,1,0.0972,1805.47,2815.49,2910.78,3332.03
Copy of IMG00008.JPG,conductor,1,0.0789,4508.56,1684.01,6586.45,1863.44
Copy of IMG00008.JPG,conductor,1,0.0756,4675.47,5522.04,5487.23,6299.52
Copy of IMG00008.JPG,conductor,1,0.0726,3608.37,1917.12,4616.79,2179.68
Copy of IMG00008.JPG,conductor,1,0.0675,867.64,2914.27,2598.62,3617.57
Copy of IMG00008.JPG,conductor,1,0.0666,1795.29,2219.48,2657.91,2522.48
Copy of IMG00008.JPG,conductor,1,0.0621,862.12,2249.57,2551.73,2829.41
Copy of IMG00008.JPG,pylon_fissure,3,0.0605,3039.67,4604.66,3219.51,6289.1
Copy of IMG00008.JPG,conductor,1,0.0598,1420.35,2312.24,2398.91,2677.07
Copy of IMG00008.JPG,pylon_fissure,3,0.0589,3023.99,5741.19,3207.41,6280.06
Copy of IMG00008.JPG,conductor,1,0.0572,3399.18,1885.36,4581.8,2239.35
Copy of IMG00008.JPG,conductor,1,0.0568,3692.07,1885.85,4671.54,2148.48
Copy of IMG00008.JPG,conductor,1,0.0555,1289.81,2378.11,2309.07,2710.77
Copy of IMG00008.JPG,conductor,1,0.0554,8964.55,894.54,9501.89,1123.4
Copy of IMG00008.JPG,conductor,1,0.0552,3634.16,3678.63,7567.09,5699.98
Copy of IMG00008.JPG,insulator,2,0.0551,3117.03,2228.85,3339.85,2417.97
Copy of IMG00008.JPG,insulator,2,0.0549,2766.8,2206.69,3029.65,2427.23
Copy of IMG00008.JPG,conductor,1,0.0533,3515.93,1958.79,4471.5,2205.6
Copy of IMG00008.JPG,conductor,1,0.0515,6636.02,1392.58,7341.14,1570.39
Copy of IMG00178.JPG,pylon,0,0.6855,4547.14,2649.39,4944.47,4362.21
Copy of IMG00178.JPG,conductor,1,0.5473,1474.7,5588.09,2135.86,6236.5
Copy of IMG00178.JPG,insulator,2,0.486,4377.58,2405.18,4569.53,2596.51
Copy of IMG00178.JPG,conductor,1,0.3296,6339.82,5506.95,7445.01,6280.91
Copy of IMG00178.JPG,insulator,2,0.2397,4887.64,2376.71,5097.54,2555.34
Copy of IMG00178.JPG,insulator,2,0.2206,4533.34,1930.42,4788.97,2159.75
Copy of IMG00178.JPG,insulator,2,0.1358,4170.05,2432.68,4329.67,2604.47
Copy of IMG00178.JPG,insulator,2,0.1329,4338.54,1970.44,4567.3,2189.58
Copy of IMG00178.JPG,conductor,1,0.1082,1551.39,5715.63,2189.0,6271.4
Copy of IMG00178.JPG,insulator,2,0.106,4305.75,1993.31,4555.68,2209.91
Copy of IMG00178.JPG,conductor,1,0.1031,5142.8,3368.26,6379.48,4108.56
Copy of IMG00178.JPG,insulator,2,0.1012,4880.13,2355.05,5092.76,2521.88
Copy of IMG00178.JPG,insulator,2,0.09,4269.05,2430.92,4429.51,2618.5
Copy of IMG00178.JPG,conductor,1,0.0887,8614.79,4145.63,9504.0,5072.39
Copy of IMG00178.JPG,conductor,1,0.0748,9122.76,5924.9,9504.0,6336.0
Copy of IMG00178.JPG,insulator,2,0.0615,4630.22,2461.0,4827.83,2655.66
Copy of IMG00178.JPG,conductor,1,0.0597,9101.73,5795.04,9504.0,6336.0
Copy of IMG00178.JPG,conductor,1,0.0556,9070.42,5722.53,9504.0,6177.38
Copy of IMG00178.JPG,conductor,1,0.0528,1704.81,5869.92,2222.48,6291.95
Copy of IMG00178.JPG,insulator,2,0.0509,4304.36,1962.29,4609.63,2202.8
Copy of IMG00184.JPG,insulator,2,0.6377,4635.04,1477.87,4971.53,1779.06
Copy of IMG00184.JPG,conductor,1,0.1809,5001.36,1422.07,9298.74,1943.96
Copy of IMG00184.JPG,conductor,1,0.153,7672.01,3188.27,9504.0,3802.1
Copy of IMG00184.JPG,insulator,2,0.1069,4518.31,1942.97,4845.87,2254.91
Copy of IMG00184.JPG,conductor,1,0.0793,5113.89,5668.4,5789.21,6237.45
Copy of IMG00184.JPG,conductor,1,0.0678,4589.98,3331.46,6617.43,3909.6
Copy of IMG00184.JPG,insulator,2,0.0628,4470.99,1477.21,4688.19,1706.21
Copy of IMG00184.JPG,conductor,1,0.0546,1228.53,123.86,2279.93,597.55
Copy of IMG00408.JPG,insulator,2,0.9621,5540.52,2530.44,6029.21,3061.54
Copy of IMG00408.JPG,insulator,2,0.9559,4517.23,2806.75,4942.76,3274.73
Copy of IMG00408.JPG,insulator,2,0.955,3469.25,3222.93,3945.17,3690.38
Copy of IMG00408.JPG,pylon,0,0.7917,4497.66,3631.1,5131.93,6252.63
Copy of IMG00408.JPG,insulator,2,0.7399,4489.25,2134.97,4839.72,2530.56
Copy of IMG00408.JPG,conductor,1,0.5757,2516.82,3915.36,4063.93,5035.07
Copy of IMG00408.JPG,conductor,1,0.4996,169.79,3838.79,1185.44,4336.55
Copy of IMG00408.JPG,insulator,2,0.491,5104.64,3223.92,5454.53,3556.95
Copy of IMG00408.JPG,conductor,1,0.491,1638.35,3091.89,2746.9,3568.9
Copy of IMG00408.JPG,conductor,1,0.4701,6249.89,2320.58,7838.76,3195.13
Copy of IMG00408.JPG,insulator,2,0.3649,4840.78,2293.41,5193.64,2676.81
Copy of IMG00408.JPG,conductor,1,0.297,2710.68,3873.13,4197.86,4786.79
Copy of IMG00408.JPG,conductor,1,0.2885,907.62,3464.08,2029.74,3910.31
Copy of IMG00408.JPG,conductor,1,0.2728,0.54,4657.48,468.49,5349.56
Copy of IMG00408.JPG,conductor,1,0.2605,1168.64,4655.94,2748.07,5600.36
Copy of IMG00408.JPG,insulator,2,0.2435,4910.68,2839.92,5234.66,3187.22
Copy of IMG00408.JPG,conductor,1,0.2374,1990.62,3551.07,2840.05,3972.23
Copy of IMG00408.JPG,conductor,1,0.2345,9129.34,1187.53,9504.0,1859.29
Copy of IMG00408.JPG,conductor,1,0.2254,505.59,4282.92,1362.49,4691.52
Copy of IMG00408.JPG,conductor,1,0.2241,247.16,3799.98,1266.61,4265.73
Copy of IMG00408.JPG,conductor,1,0.2061,7375.34,1985.32,8810.46,2870.32
Copy of IMG00408.JPG,conductor,1,0.2055,2616.59,3264.63,3282.66,3676.97
Copy of IMG00408.JPG,conductor,1,0.1974,7458.19,1337.55,8225.59,1674.69
Copy of IMG00408.JPG,conductor,1,0.1801,5403.1,1664.33,6193.23,2010.72
Copy of IMG00408.JPG,conductor,1,0.1735,8795.59,261.58,9503.13,956.6
Copy of IMG00408.JPG,conductor,1,0.1618,6451.82,1681.33,7190.72,2056.87
Copy of IMG00408.JPG,conductor,1,0.1614,8220.58,1069.85,8929.21,1424.93
Copy of IMG00408.JPG,conductor,1,0.1613,1107.15,4016.27,1894.05,4419.66
Copy of IMG00408.JPG,conductor,1,0.1585,342.43,5156.99,1466.52,6238.67
Copy of IMG00408.JPG,conductor,1,0.1526,7402.7,1376.59,8069.69,1688.14
Copy of IMG00408.JPG,conductor,1,0.1515,1304.72,3944.24,2121.54,4359.51
Copy of IMG00408.JPG,conductor,1,0.1452,1265.64,3979.69,1951.88,4387.64
Copy of IMG00408.JPG,conductor,1,0.1433,365.74,4317.39,1260.09,4752.73
Copy of IMG00408.JPG,conductor,1,0.1431,1572.22,3773.99,2349.91,4254.67
Copy of IMG00408.JPG,conductor,1,0.1429,0.0,4731.05,342.47,5488.41
Copy of IMG00408.JPG,conductor,1,0.1395,1541.55,3143.25,2666.07,3624.7
Copy of IMG00408.JPG,conductor,1,0.1388,1341.01,3875.66,2226.74,4320.9
Copy of IMG00408.JPG,conductor,1,0.1378,8027.16,748.14,8782.13,1074.69
Copy of IMG00408.JPG,conductor,1,0.136,6923.05,1544.49,7631.11,1950.88
Copy of IMG00408.JPG,conductor,1,0.1332,0.0,4389.81,663.21,5323.26
Copy of IMG00408.JPG,conductor,1,0.1326,7903.86,805.32,8675.85,1119.66
Copy of IMG00408.JPG,conductor,1,0.1299,1132.44,3368.07,2256.3,3846.15
Copy of IMG00408.JPG,conductor,1,0.1259,6093.73,1793.3,6775.75,2129.81
Copy of IMG00408.JPG,conductor,1,0.1217,39.91,3883.82,1066.06,4397.37
Copy of IMG00408.JPG,conductor,1,0.1211,3.45,4568.57,570.13,5271.0
Copy of IMG00408.JPG,conductor,1,0.1191,8851.95,1301.88,9504.0,2237.71
Copy of IMG00408.JPG,conductor,1,0.1166,9042.4,1235.22,9504.0,2172.98
Copy of IMG00408.JPG,conductor,1,0.1137,6530.04,1650.71,7289.51,2034.68
Copy of IMG00408.JPG,conductor,1,0.1136,6040.55,1826.82,6673.59,2166.01
Copy of IMG00408.JPG,conductor,1,0.1126,6191.2,1764.22,6914.21,2113.23
Copy of IMG00408.JPG,conductor,1,0.112,1425.58,3241.96,2522.03,3723.5
Copy of IMG00408.JPG,conductor,1,0.1093,7608.24,1296.02,8319.39,1653.79
Copy of IMG00408.JPG,conductor,1,0.1062,5680.66,1534.01,6616.71,1848.08
Copy of IMG00408.JPG,insulator,2,0.1036,4939.48,2818.27,5207.26,3259.09
Copy of IMG00408.JPG,conductor,1,0.1011,9261.51,1137.5,9503.52,1823.09
Copy of IMG00408.JPG,conductor,1,0.0956,1.43,4722.64,295.59,5313.47
Copy of IMG00408.JPG,conductor,1,0.0956,5996.69,1366.43,6974.72,1700.4
Copy of IMG00408.JPG,conductor,1,0.0953,1506.7,3848.45,2281.67,4290.64
Copy of IMG00408.JPG,conductor,1,0.0947,5831.33,1483.93,6675.83,1810.92
Copy of IMG00408.JPG,conductor,1,0.0943,6613.9,1642.46,7325.03,1960.46
Copy of IMG00408.JPG,conductor,1,0.0925,2122.31,3461.08,3031.61,3902.54
Copy of IMG00408.JPG,conductor,1,0.0915,5881.89,1435.73,6726.15,1771.27
Copy of IMG00408.JPG,conductor,1,0.0909,8.68,3988.39,950.74,4494.62
Copy of IMG00408.JPG,conductor,1,0.0901,6608.37,1224.17,7431.31,1549.69
Copy of IMG00408.JPG,conductor,1,0.0889,6716.64,1173.55,7537.53,1505.93
Copy of IMG00408.JPG,conductor,1,0.0888,736.08,3512.5,1926.44,3985.36
Copy of IMG00408.JPG,conductor,1,0.0885,1299.36,3302.75,2366.16,3747.47
Copy of IMG00408.JPG,conductor,1,0.0883,2457.11,3341.67,3185.78,3746.62
Copy of IMG00408.JPG,conductor,1,0.0869,6493.68,1279.28,7335.48,1584.96
Copy of IMG00408.JPG,conductor,1,0.0869,765.49,4164.8,1548.05,4607.3
Copy of IMG00408.JPG,conductor,1,0.0862,1.21,4795.12,262.59,5422.14
Copy of IMG00408.JPG,conductor,1,0.0848,1775.92,3067.03,2834.45,3500.39
Copy of IMG00408.JPG,conductor,1,0.0847,388.83,4380.63,1168.5,4807.97
Copy of IMG00408.JPG,conductor,1,0.0817,8082.34,704.16,8851.7,1037.11
Copy of IMG00408.JPG,conductor,1,0.0815,1.72,5792.81,537.6,6264.07
Copy of IMG00408.JPG,conductor,1,0.0805,655.38,4208.69,1468.21,4660.41
Copy of IMG00408.JPG,conductor,1,0.0801,2410.88,2924.7,3145.94,3310.98
Copy of IMG00408.JPG,conductor,1,0.0792,6776.44,1130.66,7608.66,1476.19
Copy of IMG00408.JPG,conductor,1,0.0788,202.23,4378.04,1113.27,4959.63
Copy of IMG00408.JPG,conductor,1,0.0783,2274.51,3349.75,3144.12,3791.64
Copy of IMG00408.JPG,conductor,1,0.0782,6412.32,1314.9,7241.15,1611.46
Copy of IMG00408.JPG,conductor,1,0.077,1866.26,3569.73,2763.87,4145.52
Copy of IMG00408.JPG,conductor,1,0.0763,352.96,3702.1,1471.73,4201.01
Copy of IMG00408.JPG,conductor,1,0.076,6769.22,1574.92,7583.43,1976.17
Copy of IMG00408.JPG,conductor,1,0.0755,7066.84,1046.41,7943.88,1369.06
Copy of IMG00408.JPG,conductor,1,0.0745,7698.9,828.19,8585.15,1145.27
Copy of IMG00408.JPG,conductor,1,0.0735,5408.78,1723.72,6080.51,2030.3
Copy of IMG00408.JPG,conductor,1,0.0734,6228.26,1345.88,7037.24,1657.8
Copy of IMG00408.JPG,conductor,1,0.0719,8700.29,1239.44,9500.65,2403.27
Copy of IMG00408.JPG,conductor,1,0.0707,1679.12,3699.32,2633.33,4116.85
Copy of IMG00408.JPG,conductor,1,0.0705,1.0,4890.05,233.47,5554.77
Copy of IMG00408.JPG,conductor,1,0.0691,7229.76,1026.17,8039.48,1348.77
Copy of IMG00408.JPG,conductor,1,0.0685,5.17,4249.17,475.38,4736.01
Copy of IMG00408.JPG,conductor,1,0.0684,5947.15,1855.57,6607.42,2208.61
Copy of IMG00408.JPG,conductor,1,0.0681,8768.44,493.09,9499.06,866.61
Copy of IMG00408.JPG,conductor,1,0.0676,9103.45,1769.15,9504.0,2232.36
Copy of IMG00408.JPG,conductor,1,0.0667,9018.09,1311.35,9503.3,1958.47
Copy of IMG00408.JPG,conductor,1,0.0662,8846.6,1612.19,9502.52,2195.84
Copy of IMG00408.JPG,conductor,1,0.0655,7247.14,1381.9,8030.99,1739.77
Copy of IMG00408.JPG,conductor,1,0.0652,1618.63,3750.38,2427.27,4170.09
Copy of IMG00408.JPG,conductor,1,0.0648,448.11,3648.2,1576.06,4144.48
Copy of IMG00408.JPG,conductor,1,0.0646,1013.05,4721.06,2526.94,5660.58
Copy of IMG00408.JPG,conductor,1,0.0643,551.22,3618.01,1693.29,4079.35
Copy of IMG00408.JPG,conductor,1,0.0638,7058.76,1520.68,7659.46,1893.73
Copy of IMG00408.JPG,conductor,1,0.0636,2.5,4820.92,284.77,5600.44
Copy of IMG00408.JPG,conductor,1,0.0636,2275.01,4074.0,3765.35,5190.74
Copy of IMG00408.JPG,conductor,1,0.0631,2202.11,2914.04,3149.77,3343.34
Copy of IMG00408.JPG,conductor,1,0.0627,7035.67,2009.7,8837.91,3007.9
Copy of IMG00408.JPG,conductor,1,0.0623,1036.64,4065.34,1789.94,4458.85
Copy of IMG00408.JPG,conductor,1,0.0619,5734.52,1910.35,6436.57,2223.29
Copy of IMG00408.JPG,conductor,1,0.0619,8936.35,1736.41,9501.38,2229.46
Copy of IMG00408.JPG,conductor,1,0.0617,935.43,4070.82,1682.97,4506.37
Copy of IMG00408.JPG,conductor,1,0.0613,7396.16,900.61,8254.97,1252.09
Copy of IMG00408.JPG,conductor,1,0.0609,6311.39,1711.71,7104.47,2041.49
Copy of IMG00408.JPG,conductor,1,0.0604,1639.09,3614.43,2680.24,4201.58
Copy of IMG00408.JPG,conductor,1,0.0603,1.25,4673.83,385.0,5237.77
Copy of IMG00408.JPG,conductor,1,0.0596,1.84,4199.52,526.33,4595.51
Copy of IMG00408.JPG,conductor,1,0.0593,1855.85,3008.0,2982.91,3470.21
Copy of IMG00408.JPG,conductor,1,0.0588,7510.11,870.24,8334.12,1206.22
Copy of IMG00408.JPG,conductor,1,0.0581,7002.38,936.45,8160.05,1346.09
Copy of IMG00408.JPG,conductor,1,0.0565,8103.33,1136.73,8787.65,1453.32
Copy of IMG00408.JPG,conductor,1,0.0563,5.14,4130.76,695.36,4542.28
Copy of IMG00408.JPG,conductor,1,0.0547,1.37,4374.06,726.86,5074.31
Copy of IMG00408.JPG,conductor,1,0.0544,7203.73,1416.02,7976.64,1807.67
Copy of IMG00408.JPG,conductor,1,0.0507,6846.06,1072.5,7745.48,1421.34
Copy of IMG00381.JPG,conductor,1,0.5981,2488.24,5545.97,3550.88,6266.32
Copy of IMG00381.JPG,conductor,1,0.5108,1552.82,5089.39,2822.43,5805.62
Copy of IMG00381.JPG,conductor,1,0.5031,27.23,3969.86,1423.14,4634.5
Copy of IMG00381.JPG,pylon,0,0.4045,4490.66,3460.17,4788.29,4990.12
Copy of IMG00381.JPG,conductor,1,0.3541,7403.48,4955.46,8503.7,5581.47
Copy of IMG00381.JPG,pylon,0,0.2493,4414.53,3440.34,4823.82,5058.5
Copy of IMG00381.JPG,conductor,1,0.2274,1263.9,4348.84,2541.84,4905.0
Copy of IMG00381.JPG,conductor,1,0.2038,1372.08,4975.11,2623.59,5754.04
Copy of IMG00381.JPG,conductor,1,0.2024,7561.39,5047.46,8551.04,5593.4
Copy of IMG00381.JPG,conductor,1,0.2024,8508.36,4763.89,9419.02,5385.31
Copy of IMG00381.JPG,conductor,1,0.1966,99.65,3548.56,2196.86,4136.08
Copy of IMG00381.JPG,conductor,1,0.1713,5538.15,4276.86,7267.86,5056.14
Copy of IMG00381.JPG,conductor,1,0.163,2529.01,4804.2,3935.45,5513.02
Copy of IMG00381.JPG,conductor,1,0.1603,2.56,3742.48,673.93,4255.6
Copy of IMG00381.JPG,conductor,1,0.1491,2275.33,62.66,2786.2,785.24
Copy of IMG00381.JPG,conductor,1,0.1275,8336.84,5326.37,9096.78,5844.5
Copy of IMG00381.JPG,insulator,2,0.1171,4680.72,3275.68,4866.41,3455.22
Copy of IMG00381.JPG,conductor,1,0.1132,544.54,4569.02,1457.89,5160.16
Copy of IMG00381.JPG,conductor,1,0.1083,8413.94,4723.39,9327.3,5309.98
Copy of IMG00381.JPG,conductor,1,0.1017,2671.62,4287.42,4228.67,4886.83
Copy of IMG00381.JPG,conductor,1,0.1016,61.92,3494.08,2101.42,3995.2
Copy of IMG00381.JPG,insulator,2,0.0902,4393.82,3299.71,4578.06,3488.54
Copy of IMG00381.JPG,insulator,2,0.0886,4431.85,3305.84,4623.13,3489.33
Copy of IMG00381.JPG,conductor,1,0.0862,1283.1,4928.05,2444.04,5667.66
Copy of IMG00381.JPG,conductor,1,0.0848,0.0,1701.2,4966.05,2039.85
Copy of IMG00381.JPG,conductor,1,0.0823,0.33,5198.46,546.55,6282.63
Copy of IMG00381.JPG,insulator,2,0.08,4461.7,3260.31,4653.09,3467.29
Copy of IMG00381.JPG,insulator,2,0.0751,4625.33,3285.53,4832.71,3482.84
Copy of IMG00381.JPG,conductor,1,0.0718,9029.59,4700.2,9504.0,5535.07
Copy of IMG00381.JPG,conductor,1,0.0668,56.84,3641.76,2400.18,4209.55
Copy of IMG00381.JPG,conductor,1,0.0667,8346.38,4654.0,9243.81,5210.45
Copy of IMG00381.JPG,conductor,1,0.0649,2587.93,4885.35,4239.6,5561.84
Copy of IMG00381.JPG,conductor,1,0.0639,9069.31,4542.3,9504.0,5281.71
Copy of IMG00381.JPG,conductor,1,0.0607,8609.69,4833.64,9490.14,5432.36
Copy of IMG00381.JPG,conductor,1,0.0592,1171.76,4870.83,2178.0,5529.27
Copy of IMG00381.JPG,conductor,1,0.0588,631.41,4630.24,1614.91,5236.38
Copy of IMG00381.JPG,conductor,1,0.0579,2.06,4143.53,596.35,4729.19
Copy of IMG00381.JPG,conductor,1,0.0573,7516.78,4363.26,8711.3,4947.81
Copy of IMG00381.JPG,conductor,1,0.0564,5821.25,4345.47,7452.81,5146.88
Copy of IMG00381.JPG,conductor,1,0.0537,4846.61,3961.57,9465.2,4840.37
Copy of IMG00381.JPG,conductor,1,0.0513,9186.27,4680.68,9502.76,5482.66
Copy of IMG00381.JPG,conductor,1,0.0502,4913.19,3641.28,9504.0,4211.09
Copy of IMG00075.JPG,pylon,0,0.8006,4017.86,3617.16,4640.49,6274.19
Copy of IMG00075.JPG,insulator,2,0.7432,4386.89,3205.83,4660.95,3455.78
Copy of IMG00075.JPG,conductor,1,0.6577,3.65,4248.97,843.93,4909.62
Copy of IMG00075.JPG,insulator,2,0.6012,4878.2,3166.0,5204.11,3492.8
Copy of IMG00075.JPG,insulator,2,0.5951,4517.38,2515.32,4809.89,2794.42
Copy of IMG00075.JPG,conductor,1,0.5724,14.95,3145.81,1447.24,3985.76
Copy of IMG00075.JPG,insulator,2,0.5639,3875.3,3224.67,4158.84,3503.3
Copy of IMG00075.JPG,insulator,2,0.415,3679.28,2923.03,3968.75,3214.49
Copy of IMG00075.JPG,conductor,1,0.3945,6020.01,5400.81,6677.15,6011.66
Copy of IMG00075.JPG,insulator,2,0.345,4063.8,2541.14,4332.6,2797.78
Copy of IMG00075.JPG,insulator,2,0.333,4323.73,2536.69,4555.22,2785.8
Copy of IMG00075.JPG,insulator,2,0.2774,50.23,3104.21,332.08,3322.24
Copy of IMG00075.JPG,conductor,1,0.2771,5471.03,5550.02,6113.54,6247.39
Copy of IMG00075.JPG,insulator,2,0.247,0.55,2268.73,155.3,2507.41
Copy of IMG00075.JPG,conductor,1,0.2283,6696.8,5491.56,7410.41,5924.3
Copy of IMG00075.JPG,conductor,1,0.1812,6075.94,5477.35,6736.56,6117.26
Copy of IMG00075.JPG,insulator,2,0.171,4675.53,2918.18,4984.2,3204.88
Copy of IMG00075.JPG,conductor,1,0.1621,6127.05,5571.47,6801.44,6233.8
Copy of IMG00075.JPG,conductor,1,0.1272,6834.44,5618.38,7569.64,6182.79
Copy of IMG00075.JPG,conductor,1,0.1148,6216.49,5686.74,6815.84,6273.18
Copy of IMG00075.JPG,conductor,1,0.1091,6699.24,5527.42,7453.08,6051.22
Copy of IMG00075.JPG,insulator,2,0.1002,4688.96,2930.46,5016.73,3265.8
Copy of IMG00075.JPG,conductor,1,0.0995,5405.57,2445.64,6455.33,2973.75
Copy of IMG00075.JPG,insulator,2,0.0917,4706.35,2945.44,5076.38,3222.12
Copy of IMG00075.JPG,conductor,1,0.084,15.74,3356.65,1399.23,4034.91
Copy of IMG00075.JPG,insulator,2,0.0767,3710.25,2928.53,4012.61,3273.39
Copy of IMG00075.JPG,conductor,1,0.0696,4831.61,2167.53,5658.47,2521.56
Copy of IMG00075.JPG,conductor,1,0.0691,5807.83,2557.88,6548.36,2829.79
Copy of IMG00075.JPG,conductor,1,0.0598,6806.75,5560.32,7513.97,6017.09
Copy of IMG00075.JPG,conductor,1,0.0597,5550.52,2463.55,6485.54,2774.58
Copy of IMG00075.JPG,conductor,1,0.0593,5911.41,2588.08,6580.97,2853.48
Copy of IMG00075.JPG,conductor,1,0.0589,6624.78,5407.82,7374.41,5905.46
Copy of IMG00075.JPG,conductor,1,0.055,6323.23,5863.27,6851.87,6298.31
Copy of IMG00075.JPG,conductor,1,0.0542,6862.5,5702.8,7573.02,6281.75
Copy of IMG00075.JPG,conductor,1,0.0523,0.77,4120.84,410.97,4736.22
Copy of IMG00075.JPG,conductor,1,0.0512,4908.95,2215.64,5741.96,2543.56
Copy of IMG00075.JPG,conductor,1,0.0501,5438.58,2425.34,6262.07,2715.81
Copy of IMG00158.JPG,insulator,2,0.7218,4173.76,3090.39,4425.96,3359.07
Copy of IMG00158.JPG,conductor,1,0.228,2912.18,5406.92,3405.64,6032.09
Copy of IMG00158.JPG,insulator,2,0.1994,4558.72,2904.43,4780.9,3120.06
Copy of IMG00158.JPG,conductor,1,0.1525,2904.59,5530.44,3347.01,6063.0
Copy of IMG00158.JPG,conductor,1,0.148,4081.11,3374.55,4639.42,6237.43
Copy of IMG00158.JPG,insulator,2,0.1372,4590.98,3083.96,4857.01,3391.27
Copy of IMG00158.JPG,conductor,1,0.1243,1724.75,5561.43,2289.91,6126.76
Copy of IMG00158.JPG,insulator,2,0.1114,4537.94,2939.27,4836.79,3155.7
Copy of IMG00158.JPG,conductor,1,0.0977,3633.2,5584.99,4100.59,6183.13
Copy of IMG00158.JPG,conductor,1,0.097,3247.92,5250.26,3677.88,5689.09
Copy of IMG00158.JPG,conductor,1,0.0944,2906.07,5642.98,3337.94,6147.13
Copy of IMG00158.JPG,conductor,1,0.0939,3262.79,5201.05,3703.9,5601.84
Copy of IMG00158.JPG,conductor,1,0.0898,661.39,5692.52,1134.62,6251.05
Copy of IMG00158.JPG,conductor,1,0.0839,1728.78,5063.65,2329.42,6188.09
Copy of IMG00158.JPG,insulator,2,0.0823,4833.93,3234.66,5007.64,3469.93
Copy of IMG00158.JPG,conductor,1,0.0819,3299.93,4549.6,4041.03,5146.32
Copy of IMG00158.JPG,conductor,1,0.0779,2864.19,5469.14,3381.99,6121.08
Copy of IMG00158.JPG,conductor,1,0.0759,2938.46,5369.29,3381.25,5800.78
Copy of IMG00158.JPG,conductor,1,0.0754,1721.07,5025.5,2288.4,5584.88
Copy of IMG00158.JPG,conductor,1,0.0595,538.27,5613.74,1116.94,6205.53
Copy of IMG00158.JPG,conductor,1,0.0591,3159.59,5311.05,3657.33,5750.94
Copy of IMG00158.JPG,conductor,1,0.0528,1732.86,4906.17,2261.25,5515.36
Copy of IMG00158.JPG,insulator,2,0.0505,4554.08,2970.88,4814.95,3224.5
Copy of IMG00196.JPG,insulator,2,0.6092,3876.86,2785.75,4147.37,2988.23
Copy of IMG00196.JPG,insulator,2,0.5527,4463.62,2709.7,4762.76,2910.17
Copy of IMG00196.JPG,pylon,0,0.5308,4139.15,3236.78,4551.15,5584.16
Copy of IMG00196.JPG,conductor,1,0.4045,4705.3,3282.75,5389.28,3822.13
Copy of IMG00196.JPG,conductor,1,0.386,6193.39,5124.42,7018.78,5689.73
Copy of IMG00196.JPG,conductor,1,0.199,5793.37,5529.73,6306.87,6057.9
Copy of IMG00196.JPG,insulator,2,0.1955,4108.9,2779.75,4290.19,2931.03
Copy of IMG00196.JPG,conductor,1,0.1849,6324.17,5235.34,7066.84,5742.71
Copy of IMG00196.JPG,conductor,1,0.1757,6897.25,5717.59,7341.81,6216.07
Copy of IMG00196.JPG,conductor,1,0.1596,6510.04,5856.08,6886.35,6280.74
Copy of IMG00196.JPG,conductor,1,0.1426,6370.07,5775.34,6821.65,6199.64
Copy of IMG00196.JPG,conductor,1,0.138,5077.44,3858.63,6197.91,4678.38
Copy of IMG00196.JPG,insulator,2,0.1303,4359.41,2748.27,4594.62,2920.27
Copy of IMG00196.JPG,conductor,1,0.1241,6925.63,5784.27,7379.05,6266.71
Copy of IMG00196.JPG,insulator,2,0.1217,4297.41,2773.73,4464.17,2940.43
Copy of IMG00196.JPG,insulator,2,0.1106,3846.82,2757.85,4129.31,2956.0
Copy of IMG00196.JPG,insulator,2,0.103,8822.22,39.02,9118.8,416.31
Copy of IMG00196.JPG,conductor,1,0.0869,6126.77,4967.31,6908.05,5560.94
Copy of IMG00196.JPG,conductor,1,0.086,6595.07,5499.81,7092.64,5828.22
Copy of IMG00196.JPG,insulator,2,0.0847,4130.58,2696.23,4322.12,2843.77
Copy of IMG00196.JPG,conductor,1,0.0824,6061.56,4830.43,6761.47,5365.91
Copy of IMG00196.JPG,conductor,1,0.081,5667.77,5390.47,6228.51,5881.42
Copy of IMG00196.JPG,conductor,1,0.081,6470.97,5361.87,7087.69,5805.92
Copy of IMG00196.JPG,conductor,1,0.076,6861.43,5669.7,7283.83,6136.8
Copy of IMG00196.JPG,conductor,1,0.0674,6292.21,5698.21,6759.72,6079.08
Copy of IMG00196.JPG,conductor,1,0.0636,6430.12,5827.96,6853.09,6273.92
Copy of IMG00196.JPG,conductor,1,0.0575,5701.95,5431.32,6274.45,5956.57
Copy of IMG00196.JPG,conductor,1,0.0573,6789.23,5615.31,7212.41,6003.79
Copy of IMG00196.JPG,conductor,1,0.0563,6564.6,5928.49,6915.59,6297.12
Copy of IMG00196.JPG,conductor,1,0.056,6644.08,5542.84,7128.74,5904.04
Copy of IMG00196.JPG,insulator,2,0.0517,4072.95,2739.73,4262.0,2907.32
Copy of IMG00196.JPG,conductor,1,0.0515,6331.18,5729.53,6807.87,6131.25
Copy of IMG00196.JPG,conductor,1,0.0501,4657.5,3290.31,5253.83,3703.85
Copy of IMG00201.JPG,conductor,1,0.2838,8360.17,2143.39,9501.13,2656.51
Copy of IMG00201.JPG,insulator,2,0.2598,7250.1,3272.13,7523.04,3561.91
Copy of IMG00201.JPG,conductor,1,0.2464,8914.88,1612.85,9502.65,1898.33
Copy of IMG00201.JPG,conductor,1,0.2381,740.23,2420.99,2182.42,3338.24
Copy of IMG00201.JPG,conductor,1,0.2161,15.03,3097.66,1230.24,3893.92
Copy of IMG00201.JPG,conductor,1,0.2128,2.46,3457.77,596.5,4284.51
Copy of IMG00201.JPG,conductor,1,0.1448,70.37,733.75,1801.87,1110.01
Copy of IMG00201.JPG,conductor,1,0.1364,8986.62,1557.58,9499.58,1929.07
Copy of IMG00201.JPG,conductor,1,0.1234,0.9,3304.53,751.94,4216.52
Copy of IMG00201.JPG,conductor,1,0.1143,0.13,3504.82,424.12,4266.8
Copy of IMG00201.JPG,conductor,1,0.0957,17.4,556.84,675.84,750.14
Copy of IMG00201.JPG,conductor,1,0.0825,9058.46,5655.88,9504.0,6278.43
Copy of IMG00201.JPG,conductor,1,0.0818,0.84,3553.39,462.72,4516.66
Copy of IMG00201.JPG,conductor,1,0.0745,7658.24,1517.21,9270.13,1810.68
Copy of IMG00201.JPG,conductor,1,0.0583,6692.61,2133.01,9346.94,2519.8
Copy of IMG00201.JPG,conductor,1,0.0583,8575.84,2248.53,9503.03,2627.4
Copy of IMG00201.JPG,conductor,1,0.0568,8905.81,5605.3,9504.0,6275.65
Copy of IMG00201.JPG,conductor,1,0.0544,1.11,3553.4,328.49,4453.54
Copy of IMG00201.JPG,conductor,1,0.0518,8197.48,1552.9,9234.11,1801.39
Copy of IMG00201.JPG,conductor,1,0.0508,8038.38,2179.87,9488.57,2626.49
Copy of IMG00428.JPG,insulator,2,0.7673,3473.5,3500.81,3799.49,3808.38
Copy of IMG00428.JPG,conductor,1,0.7248,4480.02,4176.98,5045.94,6292.28
Copy of IMG00428.JPG,insulator,2,0.6882,4569.51,3705.1,4921.03,4013.6
Copy of IMG00428.JPG,conductor,1,0.5824,4996.01,5396.81,6121.74,6214.6
Copy of IMG00428.JPG,insulator,2,0.53,4098.55,3131.6,4506.36,3540.24
Copy of IMG00428.JPG,insulator,2,0.2291,3914.13,3788.94,4259.36,4169.66
Copy of IMG00428.JPG,conductor,1,0.1326,9.63,3277.54,3127.01,4369.27
Copy of IMG00428.JPG,conductor,1,0.1153,4054.9,0.0,4792.18,3043.81
Copy of IMG00428.JPG,conductor,1,0.1139,4575.35,4169.79,4933.78,6187.11
Copy of IMG00428.JPG,pylon,0,0.1014,3470.73,3881.33,4259.3,5852.0
Copy of IMG00428.JPG,conductor,1,0.0568,7298.82,5614.09,8184.88,6240.03
Copy of IMG00428.JPG,conductor,1,0.0525,5447.12,2994.79,9495.0,3901.48
Copy of IMG00517.JPG,pylon,0,0.8395,4301.48,3116.42,5069.43,6290.19
Copy of IMG00517.JPG,insulator,2,0.7416,3825.49,2473.32,4113.56,2799.98
Copy of IMG00517.JPG,insulator,2,0.6371,5103.35,2771.59,5397.05,3077.46
Copy of IMG00517.JPG,insulator,2,0.6304,4471.19,2616.77,4729.57,2904.12
Copy of IMG00517.JPG,insulator,2,0.57,4528.98,1881.73,4866.6,2166.56
Copy of IMG00517.JPG,insulator,2,0.501,5413.86,2884.19,5679.57,3209.48
Copy of IMG00517.JPG,conductor,1,0.1689,5528.3,3234.24,9504.0,4863.85
Copy of IMG00517.JPG,insulator,2,0.1184,5078.2,2746.72,5378.21,3149.47
Copy of IMG00517.JPG,insulator,2,0.1002,5372.33,2908.26,5671.9,3265.01
Copy of IMG00517.JPG,conductor,1,0.0996,1010.46,3835.36,2054.75,4691.83
Copy of IMG00517.JPG,insulator,2,0.0937,2527.11,2375.46,2991.17,3054.73
Copy of IMG00517.JPG,insulator,2,0.0922,4968.81,3388.61,5353.68,3780.33
Copy of IMG00517.JPG,conductor,1,0.0731,5414.57,3583.82,7709.86,4624.96
Copy of IMG00517.JPG,conductor,1,0.0569,1.83,3651.01,535.1,4748.45
Copy of IMG03425.JPG,pylon,0,0.8543,4085.49,4425.41,4629.31,6302.91
Copy of IMG03425.JPG,conductor,1,0.8516,8411.93,4079.55,9494.39,4508.46
Copy of IMG03425.JPG,conductor,1,0.8101,5743.67,3639.48,8047.79,4224.82
Copy of IMG03425.JPG,conductor,1,0.7477,6231.68,4449.32,9036.39,5303.38
Copy of IMG03425.JPG,insulator,2,0.7257,3857.0,3881.88,4155.48,4267.98
Copy of IMG03425.JPG,conductor,1,0.6844,2799.84,3462.02,3940.2,3855.27
Copy of IMG03425.JPG,conductor,1,0.4916,0.14,3503.14,1156.07,3929.72
Copy of IMG03425.JPG,conductor,1,0.4705,6166.8,4411.77,8879.61,5087.48
Copy of IMG03425.JPG,conductor,1,0.4704,5244.29,4237.75,6710.89,4890.3
Copy of IMG03425.JPG,conductor,1,0.4007,2896.58,3447.35,3962.0,3752.1
Copy of IMG03425.JPG,conductor,1,0.3821,4887.05,3426.72,5900.19,4054.15
Copy of IMG03425.JPG,conductor,1,0.3206,8606.45,4809.51,9504.0,5363.73
Copy of IMG03425.JPG,insulator,2,0.2727,4517.88,3435.28,4772.2,3697.08
Copy of IMG03425.JPG,conductor,1,0.2551,8433.61,4133.36,9337.98,4492.29
Copy of IMG03425.JPG,conductor,1,0.2322,6022.98,4373.17,8413.41,5008.82
Copy of IMG03425.JPG,conductor,1,0.2215,5234.37,4273.1,8025.49,4943.53
Copy of IMG03425.JPG,conductor,1,0.189,8214.18,4729.17,9503.35,5343.62
Copy of IMG03425.JPG,conductor,1,0.1579,584.48,3454.06,2939.84,3951.82
Copy of IMG03425.JPG,conductor,1,0.1437,0.0,3516.6,1944.33,3922.27
Copy of IMG03425.JPG,insulator,2,0.1387,4176.04,3315.62,4419.42,3544.01
Copy of IMG03425.JPG,conductor,1,0.1378,8658.53,4161.96,9461.27,4498.27
Copy of IMG03425.JPG,conductor,1,0.1294,1234.74,3958.5,3583.46,4537.48
Copy of IMG03425.JPG,conductor,1,0.1246,8942.48,4202.61,9502.74,4503.93
Copy of IMG03425.JPG,conductor,1,0.1051,5233.35,4264.95,7168.04,4942.42
Copy of IMG03425.JPG,conductor,1,0.0982,8984.35,4131.39,9504.0,4436.23
Copy of IMG03425.JPG,conductor,1,0.0881,1605.76,3449.62,2920.91,3923.31
Copy of IMG03425.JPG,conductor,1,0.0858,9093.93,4058.99,9504.0,4344.96
Copy of IMG03425.JPG,conductor,1,0.085,8613.58,4101.94,9501.66,4407.52
Copy of IMG03425.JPG,conductor,1,0.0773,5724.06,3641.17,7605.34,4030.84
Copy of IMG03425.JPG,conductor,1,0.0761,9061.97,4216.88,9502.72,4533.2
Copy of IMG03425.JPG,conductor,1,0.0751,6608.87,3799.69,7982.75,4175.4
Copy of IMG03425.JPG,pylon_fissure,3,0.0744,4309.17,5043.1,4445.53,6305.56
Copy of IMG03425.JPG,conductor,1,0.074,2677.2,3448.24,3793.38,3694.3
Copy of IMG03425.JPG,conductor,1,0.0727,2904.36,3405.46,4021.51,3678.56
Copy of IMG03425.JPG,conductor,1,0.0691,6007.57,3706.69,7967.49,4157.55
Copy of IMG03425.JPG,conductor,1,0.0609,8401.65,4172.2,9205.51,4474.31
Copy of IMG03425.JPG,conductor,1,0.06,1.36,3727.64,574.74,3958.27
Copy of IMG03425.JPG,conductor,1,0.0588,2913.82,3587.18,3969.93,3824.39
Copy of IMG03425.JPG,conductor,1,0.0581,7473.02,3886.51,8368.5,4172.38
Copy of IMG03425.JPG,conductor,1,0.0579,6185.17,3759.55,8483.95,4218.0
Copy of IMG03425.JPG,conductor,1,0.0576,6764.98,3848.25,8518.34,4250.97
Copy of IMG03425.JPG,conductor,1,0.0574,0.0,3501.04,2981.29,3921.63
Copy of IMG03425.JPG,conductor,1,0.0565,4.45,3575.29,822.06,3872.65
Copy of IMG03425.JPG,conductor,1,0.0549,7340.4,3908.72,8554.81,4409.89
Copy of IMG03425.JPG,conductor,1,0.0543,7713.13,4163.94,8415.97,4404.67
Copy of IMG03425.JPG,conductor,1,0.0542,2882.57,3605.01,3755.11,3875.58
Copy of IMG03425.JPG,conductor,1,0.053,6971.4,3848.41,8184.09,4169.55
Copy of IMG03460.JPG,pylon,0,0.6772,4000.69,2969.93,4957.33,5257.06
Copy of IMG03460.JPG,pylon,0,0.3752,4029.32,2930.93,4690.61,5217.43
Copy of IMG03460.JPG,conductor,1,0.2642,5544.1,4118.57,9421.74,5266.3
Copy of IMG03460.JPG,pylon,0,0.1332,4310.09,3014.96,4999.03,5222.21
Copy of IMG03460.JPG,insulator,2,0.0948,3994.23,2787.68,4275.88,2990.23
Copy of IMG03460.JPG,conductor,1,0.0899,5157.68,2878.94,9504.0,3593.85
Copy of IMG03460.JPG,insulator,2,0.085,4820.99,2863.02,5110.53,3037.71
Copy of IMG03460.JPG,conductor,1,0.0735,5197.21,3951.86,9452.58,5001.68
Copy of IMG03460.JPG,pylon,0,0.0727,7162.15,0.36,7922.38,3401.27
Copy of IMG03460.JPG,conductor,1,0.0597,0.35,3176.31,1177.81,3833.5
Copy of IMG03507.JPG,pylon,0,0.9481,4157.81,3955.05,4742.08,6293.74
Copy of IMG03507.JPG,insulator,2,0.8873,4570.02,2976.51,4874.33,3369.18
Copy of IMG03507.JPG,insulator,2,0.8445,4577.37,3561.8,4917.9,3989.63
Copy of IMG03507.JPG,conductor,1,0.8336,77.58,4232.42,1961.94,5051.33
Copy of IMG03507.JPG,insulator,2,0.7224,4562.1,2356.35,4907.93,2774.6
Copy of IMG03507.JPG,conductor,1,0.6937,2362.05,2730.26,3686.99,3321.31
Copy of IMG03507.JPG,conductor,1,0.6834,20.48,1667.31,1452.32,2172.9
Copy of IMG03507.JPG,conductor,1,0.5338,2802.46,4004.51,4048.05,4731.54
Copy of IMG03507.JPG,conductor,1,0.4296,2219.48,3502.09,3556.91,4106.53
Copy of IMG03507.JPG,conductor,1,0.3991,7674.94,2841.26,8913.01,3392.47
Copy of IMG03507.JPG,conductor,1,0.3722,1515.2,4498.13,3294.37,5347.91
Copy of IMG03507.JPG,conductor,1,0.3351,40.51,5283.0,1580.3,6221.27
Copy of IMG03507.JPG,conductor,1,0.3272,1277.8,3815.83,2731.36,4493.89
Copy of IMG03507.JPG,conductor,1,0.297,0.0,2131.66,1549.55,2570.42
Copy of IMG03507.JPG,conductor,1,0.2723,927.49,3161.77,2629.12,3661.16
Copy of IMG03507.JPG,conductor,1,0.2179,355.73,3187.32,2587.98,3697.37
Copy of IMG03507.JPG,conductor,1,0.206,22.63,4409.28,1813.54,5184.48
Copy of IMG03507.JPG,conductor,1,0.1924,6.57,5547.19,1156.79,6252.16
Copy of IMG03507.JPG,conductor,1,0.185,1849.18,3569.8,3382.28,4164.03
Copy of IMG03507.JPG,conductor,1,0.1681,4.53,3240.37,571.23,3821.22
Copy of IMG03507.JPG,conductor,1,0.1625,7.03,3419.01,1803.37,4034.02
Copy of IMG03507.JPG,conductor,1,0.1519,0.0,2201.44,1561.75,2741.84
Copy of IMG03507.JPG,conductor,1,0.1481,2540.64,4048.72,3972.52,4854.71
Copy of IMG03507.JPG,conductor,1,0.1418,1.31,2244.51,1571.25,2903.83
Copy of IMG03507.JPG,conductor,1,0.139,1587.47,3707.3,3053.09,4293.58
Copy of IMG03507.JPG,conductor,1,0.1317,0.77,5860.83,507.41,6293.01
Copy of IMG03507.JPG,conductor,1,0.1306,20.92,2085.2,1511.51,2426.51
Copy of IMG03507.JPG,conductor,1,0.124,5113.49,2343.49,6760.17,2778.57
Copy of IMG03507.JPG,conductor,1,0.1207,1278.22,4609.74,3091.63,5486.15
Copy of IMG03507.JPG,conductor,1,0.1197,2991.11,3320.64,4179.39,3792.94
Copy of IMG03507.JPG,conductor,1,0.119,83.88,3236.27,2541.12,3776.67
Copy of IMG03507.JPG,conductor,1,0.1185,82.59,5136.92,2004.44,6215.02
Copy of IMG03507.JPG,conductor,1,0.1173,825.01,4948.09,2394.77,5682.35
Copy of IMG03507.JPG,conductor,1,0.1146,2418.44,2674.85,4105.55,3266.18
Copy of IMG03507.JPG,conductor,1,0.1142,1766.29,3732.95,3212.21,4244.48
Copy of IMG03507.JPG,conductor,1,0.114,2214.66,2900.34,3487.11,3349.36
Copy of IMG03507.JPG,conductor,1,0.1125,2632.29,3366.7,4130.58,3887.84
Copy of IMG03507.JPG,conductor,1,0.1119,1270.24,3105.59,2680.43,3618.81
Copy of IMG03507.JPG,conductor,1,0.1111,2.58,1157.11,839.64,1509.98
Copy of IMG03507.JPG,conductor,1,0.1109,7682.17,2750.89,9367.66,3355.98
Copy of IMG03507.JPG,conductor,1,0.1107,305.63,5039.0,2104.59,6014.19
Copy of IMG03507.JPG,conductor,1,0.1085,562.09,5002.58,2282.57,5814.88
Copy of IMG03507.JPG,conductor,1,0.1042,8380.27,2569.75,9504.0,3043.04
Copy of IMG03507.JPG,conductor,1,0.1003,10.5,1683.4,1603.27,2307.0
Copy of IMG03507.JPG,conductor,1,0.0977,1.79,3158.71,427.6,3716.42
Copy of IMG03507.JPG,conductor,1,0.0965,1958.4,3043.33,2983.09,3462.12
Copy of IMG03507.JPG,conductor,1,0.0955,2.3,5646.93,946.65,6267.92
Copy of IMG03507.JPG,conductor,1,0.0951,20.87,2424.28,1517.77,2786.14
Copy of IMG03507.JPG,conductor,1,0.0902,0.0,4791.38,559.33,5513.63
Copy of IMG03507.JPG,conductor,1,0.0895,7752.18,2667.87,9500.22,3233.49
Copy of IMG03507.JPG,conductor,1,0.0893,918.33,4847.65,2664.73,5630.31
Copy of IMG03507.JPG,conductor,1,0.0889,75.17,1710.03,1392.15,1973.18
Copy of IMG03507.JPG,conductor,1,0.0868,7764.71,2839.3,8963.3,3266.97
Copy of IMG03507.JPG,conductor,1,0.0828,2330.65,3407.04,3963.11,3980.1
Copy of IMG03507.JPG,conductor,1,0.0823,1.23,3854.36,767.2,4587.02
Copy of IMG03507.JPG,conductor,1,0.0818,856.0,2185.56,1603.57,2574.05
Copy of IMG03507.JPG,conductor,1,0.0803,2088.72,2980.72,3424.51,3381.56
Copy of IMG03507.JPG,conductor,1,0.0794,8944.66,2295.27,9504.0,2777.07
Copy of IMG03507.JPG,conductor,1,0.078,2418.83,3463.12,3820.21,4053.55
Copy of IMG03507.JPG,conductor,1,0.0772,7663.68,2902.8,8761.31,3336.31
Copy of IMG03507.JPG,pylon_fissure,3,0.075,4356.26,4966.18,4557.65,6290.31
Copy of IMG03507.JPG,conductor,1,0.0748,8586.56,2555.81,9501.76,2953.42
Copy of IMG03507.JPG,conductor,1,0.0747,1089.7,3874.49,2549.39,4605.23
Copy of IMG03507.JPG,conductor,1,0.0741,7171.64,2625.56,8162.4,3009.38
Copy of IMG03507.JPG,conductor,1,0.0726,8718.67,2259.64,9504.0,2895.25
Copy of IMG03507.JPG,conductor,1,0.0697,27.0,3306.32,2314.02,3904.96
Copy of IMG03507.JPG,conductor,1,0.0678,6443.35,3003.08,7291.39,3456.93
Copy of IMG03507.JPG,conductor,1,0.0677,2338.14,4182.45,3673.23,4973.06
Copy of IMG03507.JPG,conductor,1,0.0665,2494.33,2612.13,4155.68,3101.27
Copy of IMG03507.JPG,conductor,1,0.065,1.64,4695.2,724.11,5454.96
Copy of IMG03507.JPG,conductor,1,0.0642,7676.05,2980.01,8679.44,3384.43
Copy of IMG03507.JPG,conductor,1,0.064,39.77,2023.08,1496.02,2305.64
Copy of IMG03507.JPG,conductor,1,0.0633,71.99,1722.92,1460.83,2080.38
Copy of IMG03507.JPG,conductor,1,0.0619,207.13,4018.12,2394.15,4761.67
Copy of IMG03507.JPG,conductor,1,0.0599,1108.04,4728.26,2887.59,5567.05
Copy of IMG03507.JPG,conductor,1,0.058,26.79,2321.91,1513.4,2698.84
Copy of IMG03507.JPG,conductor,1,0.0578,8532.59,2370.52,9503.31,2980.63
Copy of IMG03507.JPG,conductor,1,0.0572,6713.22,2629.47,8069.39,3021.31
Copy of IMG03507.JPG,conductor,1,0.0571,0.0,5957.7,249.17,6312.62
Copy of IMG03507.JPG,conductor,1,0.0537,5109.14,3345.91,6412.55,3779.9
Copy of IMG03507.JPG,conductor,1,0.0519,1521.14,3110.23,2840.37,3552.57
Copy of IMG03507.JPG,conductor,1,0.0506,0.0,3366.37,701.13,3833.28
Copy of IMG03437.JPG,conductor,1,0.8996,6198.04,4262.44,9242.87,6073.42
Copy of IMG03437.JPG,conductor,1,0.8696,5412.82,5205.44,6404.18,6304.94
Copy of IMG03437.JPG,pylon,0,0.8475,4801.73,4488.44,5420.63,6312.57
Copy of IMG03437.JPG,insulator,2,0.7977,4763.32,3286.02,5038.86,3548.96
Copy of IMG03437.JPG,conductor,1,0.7147,114.6,4754.86,1582.65,6278.68
Copy of IMG03437.JPG,insulator,2,0.6178,6062.45,2523.22,6340.03,2836.0
Copy of IMG03437.JPG,insulator,2,0.608,5121.49,2814.55,5399.99,3034.46
Copy of IMG03437.JPG,insulator,2,0.5607,5359.83,3228.15,5626.04,3469.42
Copy of IMG03437.JPG,conductor,1,0.5517,6541.15,3196.13,7763.82,4422.67
Copy of IMG03437.JPG,insulator,2,0.5073,5098.95,3275.45,5342.85,3509.85
Copy of IMG03437.JPG,conductor,1,0.4416,20.17,134.6,545.7,609.83
Copy of IMG03437.JPG,insulator,2,0.2671,5091.09,3782.88,5294.72,3997.2
Copy of IMG03437.JPG,conductor,1,0.2511,8533.95,5596.31,9489.89,6336.0
Copy of IMG03437.JPG,insulator,2,0.1887,5435.71,3903.3,5676.81,4203.02
Copy of IMG03437.JPG,insulator,2,0.1886,813.11,0.0,1097.76,309.38
Copy of IMG03437.JPG,insulator,2,0.1868,4037.58,2847.21,4303.07,3096.83
Copy of IMG03437.JPG,conductor,1,0.1787,0.02,2452.46,1392.38,3599.16
Copy of IMG03437.JPG,insulator,2,0.168,5409.9,3232.17,5686.82,3507.52
Copy of IMG03437.JPG,insulator,2,0.1589,5187.63,3762.82,5410.93,3975.15
Copy of IMG03437.JPG,insulator,2,0.1033,5205.03,3701.51,5442.23,3864.38
Copy of IMG03437.JPG,insulator,2,0.0989,5398.75,3242.41,5636.82,3546.54
Copy of IMG03437.JPG,conductor,1,0.0905,7295.77,5701.92,8160.54,6289.08
Copy of IMG03437.JPG,conductor,1,0.0853,0.0,0.0,411.96,506.12
Copy of IMG03437.JPG,insulator,2,0.082,5226.16,3727.71,5456.45,3934.08
Copy of IMG03437.JPG,insulator,2,0.0812,5023.64,3812.33,5221.32,4031.13
Copy of IMG03437.JPG,conductor,1,0.0768,3184.78,3212.5,4080.89,3505.77
Copy of IMG03437.JPG,conductor,1,0.0765,6990.65,2701.0,7790.5,3229.69
Copy of IMG03437.JPG,conductor,1,0.0732,7412.42,5806.24,8236.97,6307.66
Copy of IMG03437.JPG,conductor,1,0.0706,21.18,3679.38,1987.87,6109.69
Copy of IMG03437.JPG,insulator,2,0.0658,4047.34,2836.16,4328.03,3160.15
Copy of IMG03437.JPG,conductor,1,0.0649,0.76,0.0,238.67,372.38
Copy of IMG03437.JPG,conductor,1,0.0597,7740.7,5900.76,8364.27,6315.18
Copy of IMG03437.JPG,conductor,1,0.0577,96.01,240.27,627.77,631.5
Copy of IMG03437.JPG,conductor,1,0.0521,7859.54,5899.79,8453.86,6319.73
Copy of IMG03437.JPG,insulator,2,0.0506,5257.49,3654.15,5453.98,3820.21
Copy of IMG03417.JPG,pylon,0,0.8175,4982.56,3773.85,5619.14,6268.98
Copy of IMG03417.JPG,conductor,1,0.7406,6477.59,4438.46,9504.0,4947.03
Copy of IMG03417.JPG,conductor,1,0.4944,182.31,3370.29,3228.84,4216.07
Copy of IMG03417.JPG,conductor,1,0.3475,28.99,5324.52,1313.17,6277.82
Copy of IMG03417.JPG,insulator,2,0.213,5036.65,2886.29,5364.45,3159.22
Copy of IMG03417.JPG,conductor,1,0.2095,3782.42,3451.66,5154.08,3898.7
Copy of IMG03417.JPG,conductor,1,0.1696,5605.59,4770.9,6294.91,6247.87
Copy of IMG03417.JPG,conductor,1,0.1637,0.0,3333.29,685.44,3809.64
Copy of IMG03417.JPG,conductor,1,0.1567,5429.91,3362.11,6918.16,3714.55
Copy of IMG03417.JPG,conductor,1,0.1509,6.67,3312.89,726.93,3611.23
Copy of IMG03417.JPG,conductor,1,0.1184,85.09,3303.68,3758.16,4112.79
Copy of IMG03417.JPG,conductor,1,0.1151,8790.17,3154.71,9502.23,3469.12
Copy of IMG03417.JPG,conductor,1,0.1069,0.0,3435.35,615.73,4220.15
Copy of IMG03417.JPG,conductor,1,0.1066,365.7,3137.85,3343.8,4103.82
Copy of IMG03417.JPG,conductor,1,0.102,1.44,3425.31,659.4,3685.84
Copy of IMG03417.JPG,insulator,2,0.0968,5266.21,3350.78,5489.94,3560.78
Copy of IMG03417.JPG,conductor,1,0.0946,3202.22,2950.99,4844.58,3341.36
Copy of IMG03417.JPG,conductor,1,0.0841,3.8,3794.59,508.29,4172.04
Copy of IMG03417.JPG,conductor,1,0.0802,8360.1,3445.55,9504.0,3978.04
Copy of IMG03417.JPG,conductor,1,0.0797,8720.95,3110.29,9500.64,3406.74
Copy of IMG03417.JPG,conductor,1,0.0737,0.84,3428.29,418.39,3729.7
Copy of IMG03417.JPG,conductor,1,0.0731,8.91,3261.35,812.08,3548.75
Copy of IMG03417.JPG,pylon_fissure,3,0.069,5247.16,5055.95,5373.73,6290.67
Copy of IMG03417.JPG,conductor,1,0.0664,9043.03,2885.38,9504.0,3285.44
Copy of IMG03417.JPG,conductor,1,0.0625,9128.87,2794.22,9504.0,3230.65
Copy of IMG03417.JPG,pylon_fissure,3,0.0622,5244.46,4650.95,5382.14,6294.84
Copy of IMG03417.JPG,conductor,1,0.0601,6654.81,3017.6,9427.8,3405.17
Copy of IMG03417.JPG,conductor,1,0.0599,44.97,3223.72,1126.89,3525.17
Copy of IMG03417.JPG,conductor,1,0.0598,8214.25,3083.05,9504.0,3414.52
Copy of IMG03417.JPG,conductor,1,0.0564,0.75,3359.28,552.5,3658.33
Copy of IMG03417.JPG,conductor,1,0.0562,108.52,4142.22,2474.18,5287.45
Copy of IMG03417.JPG,pylon,0,0.0561,5032.65,4636.95,5585.48,6279.16
Copy of IMG03417.JPG,conductor,1,0.0553,5456.74,3395.61,6427.06,3709.18
Copy of IMG03417.JPG,conductor,1,0.0525,873.63,3449.67,4471.99,4053.4
Copy of IMG03417.JPG,conductor,1,0.0515,640.5,3108.99,3334.43,3569.58
Copy of IMG03417.JPG,conductor,1,0.051,9108.12,2681.45,9504.0,3186.59
Copy of IMG03406.JPG,pylon,0,0.9132,4533.05,2124.57,5260.18,6186.23
Copy of IMG03406.JPG,pylon,0,0.762,5500.35,2118.72,6202.53,6249.14
Copy of IMG03406.JPG,insulator,2,0.6339,4334.21,1540.16,4630.64,1940.36
Copy of IMG03406.JPG,insulator,2,0.4942,5359.46,1471.44,5607.12,1704.26
Copy of IMG03406.JPG,insulator,2,0.4434,6214.04,1587.31,6508.57,1839.49
Copy of IMG03406.JPG,insulator,2,0.4087,5285.69,1775.21,5536.13,2072.02
Copy of IMG03406.JPG,insulator,2,0.339,4371.96,1597.03,4612.85,1962.63
Copy of IMG03406.JPG,insulator,2,0.3375,4340.24,1454.41,4680.75,1914.15
Copy of IMG03406.JPG,conductor,1,0.3088,2828.29,5120.15,3750.03,6295.78
Copy of IMG03406.JPG,insulator,2,0.2307,6147.85,1881.09,6489.94,2209.85
Copy of IMG03406.JPG,pylon,0,0.1203,5117.61,2115.58,6085.26,6233.29
Copy of IMG03406.JPG,conductor,1,0.0909,4254.66,5306.73,4639.8,6312.62
Copy of IMG03406.JPG,pylon,0,0.0884,5418.43,2334.05,6080.22,6218.8
Copy of IMG03406.JPG,insulator,2,0.0657,6212.83,1787.34,6504.02,2006.58
Copy of IMG03406.JPG,insulator,2,0.0582,4360.06,1421.91,4753.02,1764.12
Copy of IMG03406.JPG,conductor,1,0.0553,2554.89,4952.69,3826.45,6266.29
Copy of IMG03406.JPG,conductor,1,0.0539,3496.66,2340.16,4469.96,3723.81
Copy of IMG03467.JPG,insulator,2,0.9075,7368.4,2573.16,7745.46,3124.58
Copy of IMG03467.JPG,insulator,2,0.8969,6250.82,1806.01,6575.79,2308.83
Copy of IMG03467.JPG,insulator,2,0.8965,5153.03,1729.76,5551.51,2205.03
Copy of IMG03467.JPG,pylon,0,0.7712,5967.17,2465.79,6647.09,6279.92
Copy of IMG03467.JPG,conductor,1,0.5214,6699.49,3248.17,7475.21,4061.87
Copy of IMG03467.JPG,conductor,1,0.521,1406.86,5346.04,2424.08,6264.74
Copy of IMG03467.JPG,conductor,1,0.4918,2860.29,4211.06,4060.68,5163.22
Copy of IMG03467.JPG,conductor,1,0.4782,7215.08,1264.34,8316.12,1800.46
Copy of IMG03467.JPG,conductor,1,0.4728,4359.21,3142.09,5382.74,3897.68
Copy of IMG03467.JPG,conductor,1,0.4561,2369.87,3429.79,3653.5,4126.11
Copy of IMG03467.JPG,conductor,1,0.4456,3378.16,2800.34,4516.99,3412.92
Copy of IMG03467.JPG,conductor,1,0.4307,2231.74,3516.04,3529.92,4254.06
Copy of IMG03467.JPG,conductor,1,0.4223,5527.45,2499.28,6089.19,3035.75
Copy of IMG03467.JPG,conductor,1,0.4177,4233.32,4950.33,5468.73,5856.53
Copy of IMG03467.JPG,conductor,1,0.39,386.55,4400.38,2287.49,5279.44
Copy of IMG03467.JPG,conductor,1,0.371,3956.94,5583.58,4959.71,6253.99
Copy of IMG03467.JPG,conductor,1,0.3471,2077.9,4856.08,3141.14,5652.98
Copy of IMG03467.JPG,conductor,1,0.3177,0.0,5645.77,633.32,6261.49
Copy of IMG03467.JPG,conductor,1,0.2642,4441.28,2197.57,5326.48,2675.97
Copy of IMG03467.JPG,conductor,1,0.2635,4674.96,2218.93,5344.94,2646.31
Copy of IMG03467.JPG,conductor,1,0.2631,4959.66,4363.27,6085.55,5222.16
Copy of IMG03467.JPG,conductor,1,0.2563,187.61,4998.9,1571.93,5720.76
Copy of IMG03467.JPG,conductor,1,0.2549,1311.24,4059.56,2688.78,4769.76
Copy of IMG03467.JPG,conductor,1,0.246,6255.7,942.7,7439.68,1462.65
Copy of IMG03467.JPG,conductor,1,0.225,8692.2,1226.91,9504.0,2138.32
Copy of IMG03467.JPG,conductor,1,0.2112,542.49,4215.12,2494.98,5135.34
Copy of IMG03467.JPG,conductor,1,0.2044,8570.59,1340.9,9504.0,2241.96
Copy of IMG03467.JPG,conductor,1,0.1996,3764.81,2502.71,4892.29,3108.81
Copy of IMG03467.JPG,conductor,1,0.1974,8664.17,230.74,9502.66,989.49
Copy of IMG03467.JPG,conductor,1,0.1815,880.65,4054.21,2598.17,4992.36
Copy of IMG03467.JPG,conductor,1,0.175,3474.8,2558.27,4844.95,3262.69
Copy of IMG03467.JPG,conductor,1,0.1738,2443.9,3338.18,3795.48,3985.49
Copy of IMG03467.JPG,conductor,1,0.1682,3987.38,5225.12,5122.82,6244.85
Copy of IMG03467.JPG,conductor,1,0.1584,3663.85,3747.08,4649.91,4394.44
Copy of IMG03467.JPG,conductor,1,0.1542,4051.96,5043.31,5318.5,6203.17
Copy of IMG03467.JPG,conductor,1,0.1487,7191.89,1339.26,8156.94,1825.16
Copy of IMG03467.JPG,conductor,1,0.1424,6638.16,3310.93,7326.33,4046.5
Copy of IMG03467.JPG,conductor,1,0.1276,5062.52,2764.63,5763.63,3332.7
Copy of IMG03467.JPG,conductor,1,0.1265,5146.79,2704.65,5799.31,3232.47
Copy of IMG03467.JPG,conductor,1,0.1246,4467.43,3041.6,5415.21,3795.1
Copy of IMG03467.JPG,conductor,1,0.1201,0.0,5787.06,377.81,6285.11
Copy of IMG03467.JPG,conductor,1,0.1195,3286.93,2863.58,4401.05,3524.46
Copy of IMG03467.JPG,conductor,1,0.1177,4342.7,4877.41,5610.5,5749.22
Copy of IMG03467.JPG,conductor,1,0.1156,6799.0,3199.73,7491.92,3831.96
Copy of IMG03467.JPG,conductor,1,0.1138,4728.34,4417.22,6062.13,5385.01
Copy of IMG03467.JPG,conductor,1,0.1058,2222.05,4738.2,3345.33,5560.12
Copy of IMG03467.JPG,conductor,1,0.1027,1268.17,5528.18,2248.09,6282.06
Copy of IMG03467.JPG,conductor,1,0.0992,5339.15,2527.47,6048.46,3195.93
Copy of IMG03467.JPG,conductor,1,0.0977,5612.57,2440.24,6103.36,2913.58
Copy of IMG03467.JPG,conductor,1,0.0903,4039.67,2362.7,5101.08,3015.5
Copy of IMG03467.JPG,conductor,1,0.0888,8522.1,1534.43,9501.83,2323.39
Copy of IMG03467.JPG,conductor,1,0.0874,215.49,4898.77,1725.64,5615.66
Copy of IMG03467.JPG,conductor,1,0.0869,1502.28,3994.5,2764.45,4703.68
Copy of IMG03467.JPG,conductor,1,0.0864,8547.32,1190.91,9504.0,2451.23
Copy of IMG03467.JPG,conductor,1,0.0838,3986.6,2440.63,4956.5,3048.06
Copy of IMG03467.JPG,conductor,1,0.078,7261.05,1142.89,8437.54,1765.89
Copy of IMG03467.JPG,pylon,0,0.074,6100.69,2519.35,6585.65,6122.36
Copy of IMG03467.JPG,conductor,1,0.0712,5300.09,2593.17,5975.57,3105.35
Copy of IMG03467.JPG,conductor,1,0.0712,0.0,5568.74,708.42,6163.74
Copy of IMG03467.JPG,conductor,1,0.0679,6939.39,3167.11,7505.88,3621.71
Copy of IMG03467.JPG,conductor,1,0.0665,5185.29,2634.37,5910.1,3190.26
Copy of IMG03467.JPG,conductor,1,0.0652,3239.86,4041.0,4243.28,4866.26
Copy of IMG03467.JPG,conductor,1,0.0645,6560.56,3393.32,7218.92,4088.18
Copy of IMG03467.JPG,conductor,1,0.0621,8854.04,1195.08,9504.0,2001.83
Copy of IMG03467.JPG,conductor,1,0.0607,0.64,5840.12,247.87,6286.86
Copy of IMG03467.JPG,conductor,1,0.0592,0.0,5907.2,342.37,6287.05
Copy of IMG03467.JPG,conductor,1,0.0587,285.91,4801.2,1838.44,5473.73
Copy of IMG03467.JPG,conductor,1,0.0573,3052.75,4039.81,4310.88,5020.48
Copy of IMG03467.JPG,conductor,1,0.0553,2037.33,3630.42,3371.48,4326.07
Copy of IMG03467.JPG,conductor,1,0.0536,8009.14,818.08,8846.63,1345.07
Copy of IMG03467.JPG,conductor,1,0.053,3480.0,2733.75,4612.33,3324.11
Copy of IMG03467.JPG,conductor,1,0.0518,305.81,4565.36,2053.18,5323.86
Copy of IMG03467.JPG,conductor,1,0.0516,0.0,5485.4,820.13,6035.88
Copy of IMG03467.JPG,conductor,1,0.0501,1179.4,5820.11,1879.22,6292.71
Copy of IMG00243.JPG,pylon,0,0.8134,4667.78,1003.38,5131.83,3271.84
Copy of IMG00243.JPG,insulator,2,0.7469,4948.14,253.23,5242.55,587.59
Copy of IMG00243.JPG,insulator,2,0.3524,4282.04,0.0,4520.78,160.32
Copy of IMG00243.JPG,insulator,2,0.2156,4668.71,46.44,4889.94,268.3
Copy of IMG00243.JPG,conductor,1,0.1685,1075.09,504.65,1527.9,773.68
Copy of IMG00243.JPG,insulator,2,0.1405,4351.75,338.61,4591.37,650.8
Copy of IMG00243.JPG,conductor,1,0.137,1693.66,263.8,2137.75,503.56
Copy of IMG00243.JPG,conductor,1,0.1209,868.98,312.11,1182.91,511.5
Copy of IMG00243.JPG,conductor,1,0.112,1114.26,572.84,1530.85,803.76
Copy of IMG00243.JPG,conductor,1,0.1114,7617.98,992.41,8551.08,1393.26
Copy of IMG00243.JPG,conductor,1,0.1072,1032.26,494.43,1435.86,728.98
Copy of IMG00243.JPG,conductor,1,0.0964,891.32,359.94,1264.61,576.12
Copy of IMG00243.JPG,conductor,1,0.0943,9142.09,3513.65,9504.0,4163.41
Copy of IMG00243.JPG,conductor,1,0.0908,914.33,392.08,1305.12,620.39
Copy of IMG00243.JPG,conductor,1,0.0879,1721.52,289.97,2173.02,540.75
Copy of IMG00243.JPG,conductor,1,0.0875,1695.86,337.75,2147.06,561.89
Copy of IMG00243.JPG,insulator,2,0.0868,4360.81,285.21,4585.47,597.06
Copy of IMG00243.JPG,conductor,1,0.086,776.36,267.12,1135.43,462.01
Copy of IMG00243.JPG,conductor,1,0.0859,979.67,457.64,1392.51,686.07
Copy of IMG00243.JPG,conductor,1,0.0825,552.25,138.49,1042.78,379.35
Copy of IMG00243.JPG,conductor,1,0.0796,9099.22,3335.87,9504.0,4197.09
Copy of IMG00243.JPG,insulator,2,0.0771,4331.32,394.35,4606.44,749.31
Copy of IMG00243.JPG,conductor,1,0.0743,881.96,324.02,1230.87,549.7
Copy of IMG00243.JPG,conductor,1,0.074,9268.25,3624.25,9503.36,4227.71
Copy of IMG00243.JPG,conductor,1,0.0701,4264.16,1183.2,4643.49,1583.71
Copy of IMG00243.JPG,conductor,1,0.0698,9275.0,3531.12,9503.12,4122.85
Copy of IMG00243.JPG,conductor,1,0.0637,1640.35,257.11,2016.12,457.3
Copy of IMG00243.JPG,conductor,1,0.0632,3356.81,481.91,3894.06,718.75
Copy of IMG00243.JPG,conductor,1,0.063,3947.96,1058.89,4407.72,1353.1
Copy of IMG00243.JPG,conductor,1,0.0601,3524.69,835.73,4158.3,1152.53
Copy of IMG00243.JPG,conductor,1,0.0601,8976.56,3299.73,9503.64,3685.83
Copy of IMG00243.JPG,conductor,1,0.0579,2232.67,617.49,2633.57,851.55
Copy of IMG00243.JPG,conductor,1,0.0573,530.07,107.73,972.93,343.72
Copy of IMG00243.JPG,conductor,1,0.0555,9095.04,3345.32,9504.0,3819.24
Copy of IMG00243.JPG,conductor,1,0.0548,4168.6,1130.55,4504.98,1441.18
Copy of IMG00243.JPG,conductor,1,0.0515,683.18,202.64,1111.19,452.46
Copy of IMG00243.JPG,conductor,1,0.0512,7426.49,1048.44,8580.89,1482.87
Copy of IMG00243.JPG,conductor,1,0.0504,3737.12,241.62,4150.63,516.84
Copy of IMG00243.JPG,conductor,1,0.0502,9155.09,3666.53,9504.0,4478.8
Copy of IMG03553.JPG,pylon,0,0.4644,2950.76,2695.07,3481.87,6225.56
Copy of IMG03553.JPG,pylon,0,0.348,2982.16,2730.18,3437.61,5538.69
Copy of IMG03553.JPG,conductor,1,0.3114,1014.02,3684.65,2389.72,4351.61
Copy of IMG03553.JPG,insulator,2,0.2024,3067.24,2230.11,3260.43,2512.95
Copy of IMG03553.JPG,conductor,1,0.1955,476.13,2493.71,2000.85,3024.53
Copy of IMG03553.JPG,conductor,1,0.1917,2.44,1707.86,1416.88,2347.49
Copy of IMG03553.JPG,conductor,1,0.1805,4338.41,783.9,6628.01,1285.15
Copy of IMG03553.JPG,conductor,1,0.1337,7.22,1555.07,1405.65,2108.05
Copy of IMG03553.JPG,conductor,1,0.126,744.95,3041.2,2349.26,3578.86
Copy of IMG03553.JPG,conductor,1,0.0921,962.17,3885.66,2173.86,4407.25
Copy of IMG03553.JPG,conductor,1,0.083,1295.21,655.91,3207.82,1245.68
Copy of IMG03553.JPG,insulator,2,0.0765,3121.23,2589.39,3326.63,2915.64
Copy of IMG03553.JPG,conductor,1,0.0669,1137.51,3661.85,2442.49,4212.22
Copy of IMG03553.JPG,conductor,1,0.0577,975.58,3771.06,2707.82,4362.23
Copy of IMG03553.JPG,conductor,1,0.056,13.51,1466.38,1418.65,1852.56
Copy of IMG03553.JPG,conductor,1,0.0558,11.26,2011.78,832.4,2437.68
Copy of IMG03553.JPG,conductor,1,0.0514,0.0,1841.27,1335.57,2421.85
Copy of IMG03553.JPG,conductor,1,0.0503,923.88,3021.3,2152.78,3486.48
Copy of IMG00150.JPG,insulator,2,0.7534,4917.34,3540.45,5359.95,3871.0
Copy of IMG00150.JPG,conductor,1,0.1704,4373.86,0.0,4716.13,425.05
Copy of IMG00150.JPG,conductor,1,0.0944,518.53,1140.77,1307.47,1441.29
Copy of IMG00150.JPG,conductor,1,0.0921,2188.96,4208.34,3660.2,6281.79
Copy of IMG00150.JPG,conductor,1,0.0842,3432.54,2558.1,3927.21,3086.67
Copy of IMG00150.JPG,conductor,1,0.0811,480.56,1054.67,1281.07,1397.02
Copy of IMG00150.JPG,conductor,1,0.0623,627.18,1095.81,1312.14,1399.19
Copy of IMG00150.JPG,conductor,1,0.0603,1.53,2636.71,340.05,5312.21
Copy of IMG00150.JPG,conductor,1,0.0602,8263.42,3411.42,9502.96,4358.55
Copy of IMG00150.JPG,conductor,1,0.0578,4311.13,0.0,4674.57,581.75
Copy of IMG00410.JPG,insulator,2,0.8744,4442.8,3360.35,4907.45,3863.18
Copy of IMG00410.JPG,insulator,2,0.8674,5228.34,4065.16,5675.61,4548.94
Copy of IMG00410.JPG,insulator,2,0.8487,3598.67,2801.86,4079.0,3274.16
Copy of IMG00410.JPG,conductor,1,0.7378,1857.56,2407.02,3303.69,3280.09
Copy of IMG00410.JPG,conductor,1,0.6997,6054.91,5365.04,6892.13,6061.67
Copy of IMG00410.JPG,pylon,0,0.6513,3839.48,3982.05,4513.77,6259.72
Copy of IMG00410.JPG,conductor,1,0.649,7904.13,3480.96,8925.94,4240.02
Copy of IMG00410.JPG,insulator,2,0.6115,4752.35,2751.14,5113.37,3151.87
Copy of IMG00410.JPG,conductor,1,0.5429,4777.78,1797.19,5736.77,2409.05
Copy of IMG00410.JPG,insulator,2,0.5427,3730.81,3485.58,4066.59,3828.45
Copy of IMG00410.JPG,conductor,1,0.537,6699.59,2694.02,7647.29,3377.43
Copy of IMG00410.JPG,conductor,1,0.4775,6428.96,4015.87,7459.04,4660.4
Copy of IMG00410.JPG,conductor,1,0.4529,7355.66,1120.65,8165.89,1791.32
Copy of IMG00410.JPG,conductor,1,0.4223,6182.81,3176.12,6976.3,3771.52
Copy of IMG00410.JPG,conductor,1,0.4179,5351.71,4794.78,6287.8,5525.09
Copy of IMG00410.JPG,insulator,2,0.3979,4290.56,2708.31,4616.04,3087.96
Copy of IMG00410.JPG,conductor,1,0.3149,6710.95,1547.49,7498.51,2256.6
Copy of IMG00410.JPG,conductor,1,0.2856,8262.39,1617.05,8964.53,2263.74
Copy of IMG00410.JPG,conductor,1,0.2672,7932.18,5123.86,8631.7,5628.8
Copy of IMG00410.JPG,conductor,1,0.2552,7407.17,2166.5,8251.16,2875.58
Copy of IMG00410.JPG,conductor,1,0.2486,8809.68,186.3,9490.11,752.94
Copy of IMG00410.JPG,conductor,1,0.2383,7.56,1111.3,919.42,1785.68
Copy of IMG00410.JPG,conductor,1,0.234,5560.3,1317.67,6420.39,1934.21
Copy of IMG00410.JPG,conductor,1,0.2295,5771.82,2195.43,6731.52,2850.38
Copy of IMG00410.JPG,conductor,1,0.2267,9045.47,888.89,9504.0,1753.06
Copy of IMG00410.JPG,conductor,1,0.2258,5951.15,2083.28,6849.48,2803.41
Copy of IMG00410.JPG,conductor,1,0.2256,6511.15,4065.96,7619.56,4792.45
Copy of IMG00410.JPG,conductor,1,0.2251,8689.52,301.69,9379.48,798.64
Copy of IMG00410.JPG,conductor,1,0.2162,6660.09,677.16,7394.02,1209.35
Copy of IMG00410.JPG,conductor,1,0.2143,5710.99,2280.53,6631.01,2897.33
Copy of IMG00410.JPG,conductor,1,0.212,8169.3,619.78,8911.77,1197.56
Copy of IMG00410.JPG,conductor,1,0.2095,980.45,1778.33,1929.58,2413.34
Copy of IMG00410.JPG,conductor,1,0.1949,7185.01,297.71,7963.07,828.87
Copy of IMG00410.JPG,conductor,1,0.1928,3.24,1129.44,764.57,1621.67
Copy of IMG00410.JPG,conductor,1,0.1882,4835.73,4491.81,5548.33,4978.69
Copy of IMG00410.JPG,conductor,1,0.1746,7336.65,4661.21,8196.11,5205.12
Copy of IMG00410.JPG,conductor,1,0.1706,660.12,1695.58,1897.48,2388.77
Copy of IMG00410.JPG,conductor,1,0.1626,7784.01,0.0,8543.04,486.79
Copy of IMG00410.JPG,conductor,1,0.1622,5613.84,2368.19,6469.1,2951.78
Copy of IMG00410.JPG,conductor,1,0.1606,0.0,4.71,497.05,244.99
Copy of IMG00410.JPG,conductor,1,0.1583,6516.23,1605.11,7443.99,2323.16
Copy of IMG00410.JPG,conductor,1,0.149,8866.4,1117.9,9502.64,1806.01
Copy of IMG00410.JPG,conductor,1,0.1454,7327.94,1155.61,7976.4,1706.95
Copy of IMG00410.JPG,conductor,1,0.1398,7941.51,5691.42,8470.85,6123.1
Copy of IMG00410.JPG,conductor,1,0.1362,7968.2,5176.83,8689.17,5718.16
Copy of IMG00410.JPG,conductor,1,0.1349,5450.88,4872.38,6492.81,5619.54
Copy of IMG00410.JPG,conductor,1,0.1342,8466.89,5554.75,9056.03,6056.9
Copy of IMG00410.JPG,conductor,1,0.1318,1108.89,1808.04,2003.78,2520.21
Copy of IMG00410.JPG,conductor,1,0.1275,6074.12,2014.8,6912.34,2709.82
Copy of IMG00410.JPG,conductor,1,0.124,5267.87,4718.75,6187.69,5429.0
Copy of IMG00410.JPG,conductor,1,0.1227,7295.43,256.32,8015.84,786.45
Copy of IMG00410.JPG,conductor,1,0.114,1662.21,1254.68,2315.47,1635.36
Copy of IMG00410.JPG,conductor,1,0.1094,9152.55,807.91,9504.0,1676.41
Copy of IMG00410.JPG,conductor,1,0.1065,8104.25,1693.21,8916.1,2353.41
Copy of IMG00410.JPG,conductor,1,0.1054,6129.36,1982.59,6937.2,2526.18
Copy of IMG00410.JPG,conductor,1,0.1043,6241.5,1888.98,7069.82,2575.51
Copy of IMG00410.JPG,insulator,2,0.1041,5663.6,3408.73,6053.17,3785.93
Copy of IMG00410.JPG,conductor,1,0.1025,7738.61,5023.81,8551.23,5549.45
Copy of IMG00410.JPG,conductor,1,0.1011,6287.9,2969.44,7227.22,3683.35
Copy of IMG00410.JPG,conductor,1,0.0978,9251.38,100.01,9502.85,564.31
Copy of IMG00410.JPG,conductor,1,0.0941,6591.52,2749.65,7519.97,3496.31
Copy of IMG00410.JPG,conductor,1,0.094,299.58,1370.85,1447.9,2076.9
Copy of IMG00410.JPG,conductor,1,0.0926,554.77,1523.31,1784.89,2348.42
Copy of IMG00410.JPG,conductor,1,0.0911,7166.14,393.07,7813.26,847.22
Copy of IMG00410.JPG,conductor,1,0.0902,5926.12,5168.77,6723.52,5939.62
Copy of IMG00410.JPG,conductor,1,0.0901,8272.25,478.46,9228.98,1101.93
Copy of IMG00410.JPG,conductor,1,0.0877,6236.49,3074.53,7103.23,3661.12
Copy of IMG00410.JPG,conductor,1,0.0874,1745.55,2311.46,3210.59,3164.28
Copy of IMG00410.JPG,conductor,1,0.0843,6615.17,4201.78,7794.61,4915.19
Copy of IMG00410.JPG,conductor,1,0.0842,511.26,1451.73,1655.92,2212.98
Copy of IMG00410.JPG,conductor,1,0.0837,1355.1,701.73,2213.65,1114.23
Copy of IMG00410.JPG,conductor,1,0.0822,9065.24,112.08,9504.0,619.95
Copy of IMG00410.JPG,conductor,1,0.0821,6356.95,3991.41,7272.99,4526.44
Copy of IMG00410.JPG,conductor,1,0.0803,7532.01,4816.07,8396.98,5351.2
Copy of IMG00410.JPG,conductor,1,0.077,8753.4,5856.6,9275.26,6284.17
Copy of IMG00410.JPG,conductor,1,0.0767,5579.65,1192.74,6495.78,1868.74
Copy of IMG00410.JPG,conductor,1,0.0755,5648.08,1322.6,6396.77,1802.14
Copy of IMG00410.JPG,conductor,1,0.075,8015.2,5212.39,8778.41,5788.75
Copy of IMG00410.JPG,conductor,1,0.0746,7971.86,1834.64,8751.52,2431.96
Copy of IMG00410.JPG,conductor,1,0.0738,161.85,211.76,1681.81,739.54
Copy of IMG00410.JPG,conductor,1,0.0723,42.87,1250.6,1282.56,1978.26
Copy of IMG00410.JPG,conductor,1,0.0722,8353.01,5473.34,9015.35,6052.77
Copy of IMG00410.JPG,conductor,1,0.0713,1177.96,1870.03,2192.99,2649.69
Copy of IMG00410.JPG,conductor,1,0.0701,6253.3,969.39,6948.17,1479.05
Copy of IMG00410.JPG,conductor,1,0.0699,8562.23,5671.6,9106.96,6098.01
Copy of IMG00410.JPG,conductor,1,0.0681,9162.06,1104.73,9503.23,1711.32
Copy of IMG00410.JPG,conductor,1,0.0679,6803.28,1497.54,7591.8,2136.67
Copy of IMG00410.JPG,conductor,1,0.0671,8971.26,145.45,9504.0,686.36
Copy of IMG00410.JPG,conductor,1,0.0668,5167.33,4694.88,6053.01,5252.05
Copy of IMG00410.JPG,conductor,1,0.0666,7877.1,5572.81,8373.59,6077.63
Copy of IMG00410.JPG,conductor,1,0.0661,8253.98,5367.0,8906.5,5920.75
Copy of IMG00410.JPG,conductor,1,0.0656,8157.76,5285.39,8843.65,5836.3
Copy of IMG00410.JPG,conductor,1,0.0652,7686.72,5417.33,8114.76,6021.27
Copy of IMG00410.JPG,conductor,1,0.0647,9272.89,793.71,9503.92,1614.61
Copy of IMG00410.JPG,conductor,1,0.0639,7360.68,2229.88,8130.24,2819.84
Copy of IMG00410.JPG,conductor,1,0.0637,6129.27,1006.67,6893.27,1587.4
Copy of IMG00410.JPG,conductor,1,0.0637,6465.69,2861.34,7349.65,3517.71
Copy of IMG00410.JPG,conductor,1,0.0631,1.41,782.48,476.05,1553.72
Copy of IMG00410.JPG,conductor,1,0.0618,5556.0,2473.06,6262.94,2978.61
Copy of IMG00410.JPG,conductor,1,0.061,8714.62,1329.35,9427.12,1910.23
Copy of IMG00410.JPG,conductor,1,0.0607,7430.88,4719.48,8283.5,5308.71
Copy of IMG00410.JPG,conductor,1,0.0605,7468.24,203.76,8087.84,685.81
Copy of IMG00410.JPG,conductor,1,0.0601,6063.53,4177.72,6724.71,4746.56
Copy of IMG00410.JPG,conductor,1,0.0595,6324.83,1826.09,7176.08,2376.53
Copy of IMG00410.JPG,conductor,1,0.0593,6466.21,1729.55,7344.36,2294.31
Copy of IMG00410.JPG,conductor,1,0.0589,5685.61,5120.13,6795.56,6005.08
Copy of IMG00410.JPG,conductor,1,0.0579,1265.99,655.82,2306.13,1144.21
Copy of IMG00410.JPG,conductor,1,0.0575,7532.4,5327.69,7987.59,5810.96
Copy of IMG00410.JPG,conductor,1,0.0568,1488.4,2076.58,2485.98,2812.21
Copy of IMG00410.JPG,conductor,1,0.0565,6721.7,5916.09,7167.93,6289.01
Copy of IMG00410.JPG,conductor,1,0.0561,0.21,996.94,834.55,1886.69
Copy of IMG00410.JPG,conductor,1,0.056,7915.82,2.2,8523.02,401.14
Copy of IMG00410.JPG,conductor,1,0.0553,4922.91,4564.58,5746.27,5059.21
Copy of IMG00410.JPG,insulator,2,0.0548,4072.64,3269.13,4356.8,3541.79
Copy of IMG00410.JPG,conductor,1,0.0544,30.06,153.61,1600.32,655.34
Copy of IMG00410.JPG,conductor,1,0.0542,6208.19,1943.55,6978.85,2440.34
Copy of IMG00410.JPG,conductor,1,0.054,7896.74,3476.68,8728.04,4109.53
Copy of IMG00410.JPG,conductor,1,0.0537,4803.93,1888.56,5599.21,2393.88
Copy of IMG00410.JPG,conductor,1,0.0536,8363.34,4408.57,9084.91,5082.78
Copy of IMG00410.JPG,conductor,1,0.0532,7504.79,1006.38,8320.12,1695.45
Copy of IMG00410.JPG,conductor,1,0.0529,8610.78,5706.57,9182.51,6248.34
Copy of IMG00410.JPG,conductor,1,0.0527,9149.94,65.13,9504.0,562.18
Copy of IMG00410.JPG,conductor,1,0.052,7190.81,5120.61,7819.17,5577.89
Copy of IMG00410.JPG,conductor,1,0.0509,8353.34,4564.94,9011.81,5079.21
Copy of IMG00410.JPG,conductor,1,0.0508,7801.99,5512.34,8297.33,6037.83
Copy of IMG00410.JPG,conductor,1,0.0504,7524.24,165.44,8113.18,606.0
Copy of IMG00410.JPG,conductor,1,0.0504,7541.72,2096.23,8296.48,2634.85
Copy of IMG00410.JPG,conductor,1,0.0502,2239.71,1186.53,3212.06,1645.36
Copy of IMG03504.JPG,pylon,0,0.9145,4312.55,4217.17,5071.71,6294.01
Copy of IMG03504.JPG,insulator,2,0.7741,5059.75,3922.24,5400.5,4167.6
Copy of IMG03504.JPG,insulator,2,0.7304,4826.75,3087.12,5112.72,3349.48
Copy of IMG03504.JPG,insulator,2,0.6534,3481.88,3263.4,3856.11,3625.76
Copy of IMG03504.JPG,insulator,2,0.6518,3708.33,3687.17,4096.46,3999.92
Copy of IMG03504.JPG,insulator,2,0.5585,5105.97,3064.96,5501.7,3447.42
Copy of IMG03504.JPG,conductor,1,0.5231,266.84,4164.31,3696.12,5135.25
Copy of IMG03504.JPG,conductor,1,0.5148,16.28,4373.95,1129.41,4860.26
Copy of IMG03504.JPG,insulator,2,0.5106,4093.45,3869.17,4534.33,4161.48
Copy of IMG03504.JPG,conductor,1,0.5079,125.98,5108.03,1574.96,5759.4
Copy of IMG03504.JPG,insulator,2,0.4602,5565.86,2974.81,5948.01,3258.49
Copy of IMG03504.JPG,conductor,1,0.4547,2412.92,3782.78,3543.75,4248.35
Copy of IMG03504.JPG,conductor,1,0.4106,5707.21,4125.32,6426.64,6282.78
Copy of IMG03504.JPG,conductor,1,0.3794,1.79,4890.26,798.78,5372.88
Copy of IMG03504.JPG,conductor,1,0.3477,2233.08,3843.43,3428.55,4300.47
Copy of IMG03504.JPG,conductor,1,0.312,40.0,4284.5,1310.58,4829.96
Copy of IMG03504.JPG,conductor,1,0.2855,8084.88,1816.94,9501.07,2489.63
Copy of IMG03504.JPG,conductor,1,0.27,338.37,4403.89,3775.34,5174.83
Copy of IMG03504.JPG,insulator,2,0.2659,3973.43,3235.45,4275.26,3474.09
Copy of IMG03504.JPG,conductor,1,0.2566,6441.68,3678.94,9504.0,4598.09
Copy of IMG03504.JPG,conductor,1,0.2486,0.56,4971.29,596.34,5439.31
Copy of IMG03504.JPG,insulator,2,0.2447,4022.46,3236.67,4292.25,3568.11
Copy of IMG03504.JPG,conductor,1,0.2223,1956.99,4414.11,3752.34,5167.81
Copy of IMG03504.JPG,pylon,0,0.2214,5700.25,4147.44,6451.95,6301.19
Copy of IMG03504.JPG,conductor,1,0.1975,2.21,2132.09,1249.99,2549.99
Copy of IMG03504.JPG,conductor,1,0.1869,96.19,2744.59,1797.63,3223.1
Copy of IMG03504.JPG,conductor,1,0.1841,6382.25,3589.31,8124.7,4198.97
Copy of IMG03504.JPG,conductor,1,0.1735,51.48,1442.65,1723.14,1877.78
Copy of IMG03504.JPG,conductor,1,0.1698,0.96,2520.48,719.12,3011.66
Copy of IMG03504.JPG,insulator,2,0.1628,3896.28,3229.68,4209.88,3434.85
Copy of IMG03504.JPG,conductor,1,0.1613,4344.91,572.94,5076.25,2912.6
Copy of IMG03504.JPG,conductor,1,0.1519,71.35,4197.65,1764.45,4834.89
Copy of IMG03504.JPG,conductor,1,0.1473,1.67,5253.03,807.21,5887.02
Copy of IMG03504.JPG,conductor,1,0.1325,47.06,3628.71,1478.07,4280.45
Copy of IMG03504.JPG,conductor,1,0.1309,7900.29,1958.79,9504.0,2622.18
Copy of IMG03504.JPG,conductor,1,0.129,4.48,4824.29,997.19,5331.72
Copy of IMG03504.JPG,conductor,1,0.1256,1814.59,3891.28,3307.66,4404.82
Copy of IMG03504.JPG,insulator,2,0.1205,4968.16,3960.2,5319.25,4194.15
Copy of IMG03504.JPG,conductor,1,0.1163,7762.6,2784.38,9503.99,3386.58
Copy of IMG03504.JPG,conductor,1,0.111,0.0,5318.48,624.97,6098.63
Copy of IMG03504.JPG,insulator,2,0.1052,3918.71,3235.92,4256.06,3507.66
Copy of IMG03504.JPG,conductor,1,0.1018,590.31,1977.23,1753.01,2373.88
Copy of IMG03504.JPG,conductor,1,0.1004,122.77,2685.14,1824.2,3126.97
Copy of IMG03504.JPG,conductor,1,0.0992,2356.87,4408.44,3849.32,5125.28
Copy of IMG03504.JPG,conductor,1,0.0971,2528.04,3736.42,3632.04,4152.76
Copy of IMG03504.JPG,conductor,1,0.0952,7906.33,2217.28,9504.0,2694.47
Copy of IMG03504.JPG,conductor,1,0.0936,289.88,2777.17,1756.97,3148.14
Copy of IMG03504.JPG,conductor,1,0.0932,8522.69,1839.36,9501.74,2254.73
Copy of IMG03504.JPG,insulator,2,0.0904,3541.56,3259.46,3899.3,3556.69
Copy of IMG03504.JPG,insulator,2,0.0904,4810.19,3966.87,5061.36,4178.29
Copy of IMG03504.JPG,conductor,1,0.0886,7.36,1390.53,841.58,1807.02
Copy of IMG03504.JPG,conductor,1,0.0861,8411.02,1768.42,9504.0,2280.98
Copy of IMG03504.JPG,conductor,1,0.0843,0.0,2207.82,1026.56,2877.09
Copy of IMG03504.JPG,conductor,1,0.0823,0.4,4652.6,845.74,5375.04
Copy of IMG03504.JPG,conductor,1,0.0785,476.52,5084.01,1622.87,5658.68
Copy of IMG03504.JPG,insulator,2,0.0773,4786.26,3123.57,5041.37,3357.66
Copy of IMG03504.JPG,conductor,1,0.0765,0.4,5407.31,250.36,6160.15
Copy of IMG03504.JPG,conductor,1,0.0741,8.38,1454.81,820.0,1888.76
Copy of IMG03504.JPG,conductor,1,0.072,0.0,4504.57,895.97,4996.62
Copy of IMG03504.JPG,conductor,1,0.0699,0.0,2569.62,843.98,3067.78
Copy of IMG03504.JPG,conductor,1,0.0694,8260.66,1731.65,9503.53,2407.72
Copy of IMG03504.JPG,conductor,1,0.0688,6450.58,3640.09,9096.87,4280.56
Copy of IMG03504.JPG,conductor,1,0.067,3.72,4621.18,1097.24,5285.13
Copy of IMG03504.JPG,conductor,1,0.0663,8125.65,2961.92,9504.0,3388.48
Copy of IMG03504.JPG,conductor,1,0.0659,2065.3,3930.22,3239.39,4337.57
Copy of IMG03504.JPG,conductor,1,0.0651,1.19,151.26,339.0,581.58
Copy of IMG03504.JPG,conductor,1,0.0648,7066.03,2707.43,9503.54,3355.77
Copy of IMG03504.JPG,conductor,1,0.0645,395.3,1595.94,1609.24,1954.52
Copy of IMG03504.JPG,conductor,1,0.064,0.0,4421.87,958.87,4909.49
Copy of IMG03504.JPG,conductor,1,0.0639,225.99,3786.46,1544.21,4514.67
Copy of IMG03504.JPG,insulator,2,0.0637,5069.54,3897.75,5503.62,4196.71
Copy of IMG03504.JPG,conductor,1,0.0637,12.58,5181.15,1331.74,5837.4
Copy of IMG03504.JPG,conductor,1,0.0625,2745.92,4428.85,3901.27,4998.79
Copy of IMG03504.JPG,insulator,2,0.0611,4069.57,3279.89,4300.95,3617.31
Copy of IMG03504.JPG,conductor,1,0.061,1.23,176.5,229.35,579.05
Copy of IMG03504.JPG,conductor,1,0.0604,263.39,2611.6,1688.29,2966.38
Copy of IMG03504.JPG,conductor,1,0.0593,0.0,5360.89,467.17,6066.27
Copy of IMG03504.JPG,conductor,1,0.0592,1.14,2398.89,900.35,2988.3
Copy of IMG03504.JPG,conductor,1,0.0591,4.44,2129.87,964.88,2709.76
Copy of IMG03504.JPG,conductor,1,0.0578,441.69,2054.21,1570.69,2468.76
Copy of IMG03504.JPG,insulator,2,0.0571,4373.79,3233.97,4628.79,3482.3
Copy of IMG03504.JPG,insulator,2,0.0551,4053.19,3832.9,4444.77,4136.41
Copy of IMG03504.JPG,conductor,1,0.055,0.3,257.51,181.47,643.35
Copy of IMG03504.JPG,conductor,1,0.054,8292.13,1909.68,9504.0,2424.03
Copy of IMG03504.JPG,insulator,2,0.0539,4805.18,3999.38,5079.46,4209.48
Copy of IMG03504.JPG,conductor,1,0.0512,6.42,2048.0,969.8,2468.84
Copy of IMG03504.JPG,conductor,1,0.0506,2.13,5030.58,633.82,5818.32
Copy of IMG03535.JPG,pylon,0,0.3555,3152.59,2458.41,3640.34,5650.31
Copy of IMG03535.JPG,pylon,0,0.2513,3129.14,2356.54,3536.9,4652.21
Copy of IMG03535.JPG,insulator,2,0.2149,3138.64,1959.51,3424.65,2250.13
Copy of IMG03535.JPG,conductor,1,0.1854,8715.91,3610.53,9504.0,4273.06
Copy of IMG03535.JPG,conductor,1,0.1716,1202.53,1958.15,2923.49,2374.17
Copy of IMG03535.JPG,pylon,0,0.1499,3114.68,2334.64,3511.79,3987.6
Copy of IMG03535.JPG,conductor,1,0.098,0.17,2417.77,1133.7,3199.85
Copy of IMG03535.JPG,insulator,2,0.0968,3238.19,2274.51,3448.56,2537.47
Copy of IMG03535.JPG,conductor,1,0.0706,4803.07,2622.46,6125.31,3324.07
Copy of IMG00382.JPG,insulator,2,0.5204,4576.06,3000.92,4792.9,3191.18
Copy of IMG00382.JPG,conductor,1,0.3956,1916.24,5089.65,3153.25,5854.49
Copy of IMG00382.JPG,insulator,2,0.3948,4773.83,4602.41,5015.28,4856.46
Copy of IMG00382.JPG,pylon,0,0.3251,4686.71,3218.98,5024.98,4828.55
Copy of IMG00382.JPG,conductor,1,0.3249,0.0,3497.67,708.56,4073.65
Copy of IMG00382.JPG,conductor,1,0.2917,2029.57,4375.13,3469.79,5016.49
Copy of IMG00382.JPG,conductor,1,0.2763,5211.19,3166.54,9504.0,3780.18
Copy of IMG00382.JPG,conductor,1,0.2397,8809.64,5179.91,9504.0,5940.53
Copy of IMG00382.JPG,conductor,1,0.1999,2582.31,3925.12,4202.93,4520.25
Copy of IMG00382.JPG,conductor,1,0.1929,5062.64,3953.6,8248.51,4947.13
Copy of IMG00382.JPG,conductor,1,0.1903,283.23,3406.74,2265.59,3937.37
Copy of IMG00382.JPG,insulator,2,0.1903,4588.79,2897.51,4857.22,3183.39
Copy of IMG00382.JPG,conductor,1,0.1291,8287.97,4837.65,9101.43,5505.56
Copy of IMG00382.JPG,insulator,2,0.125,4643.63,2832.46,4878.35,3112.28
Copy of IMG00382.JPG,conductor,1,0.1139,9066.33,4573.03,9504.0,5193.22
Copy of IMG00382.JPG,conductor,1,0.1061,8593.47,5087.07,9498.46,5722.16
Copy of IMG00382.JPG,conductor,1,0.1025,8919.05,5288.06,9504.0,6121.6
Copy of IMG00382.JPG,conductor,1,0.0893,1113.26,4701.58,2230.13,5467.14
Copy of IMG00382.JPG,conductor,1,0.0887,2707.51,5513.51,3774.84,6269.54
Copy of IMG00382.JPG,conductor,1,0.087,1.37,3963.01,385.26,4678.12
Copy of IMG00382.JPG,insulator,2,0.0861,4701.71,2816.0,4917.47,3009.8
Copy of IMG00382.JPG,insulator,2,0.0855,4899.27,2959.83,5099.21,3139.97
Copy of IMG00382.JPG,conductor,1,0.0795,5019.67,3094.72,8806.42,3905.52
Copy of IMG00382.JPG,conductor,1,0.076,8823.59,4431.85,9502.95,5091.03
Copy of IMG00382.JPG,conductor,1,0.0755,9173.91,4606.62,9502.16,5179.75
Copy of IMG00382.JPG,conductor,1,0.0725,8351.71,4910.34,9289.54,5536.39
Copy of IMG00382.JPG,conductor,1,0.0713,0.0,4438.76,582.47,5210.93
Copy of IMG00382.JPG,conductor,1,0.067,1108.77,4089.52,2429.58,4724.53
Copy of IMG00382.JPG,conductor,1,0.067,1.0,4004.62,517.84,4758.93
Copy of IMG00382.JPG,conductor,1,0.0657,0.0,3513.2,688.86,4326.72
Copy of IMG00382.JPG,conductor,1,0.0651,9215.52,4669.32,9502.2,5255.73
Copy of IMG00382.JPG,conductor,1,0.0645,8380.03,4200.53,9481.31,4866.08
Copy of IMG00382.JPG,conductor,1,0.0643,8967.15,5293.82,9503.9,5903.85
Copy of IMG00382.JPG,conductor,1,0.0617,0.0,3511.31,1148.19,4101.68
Copy of IMG00382.JPG,conductor,1,0.0612,1653.36,3704.23,3405.16,4287.59
Copy of IMG00382.JPG,conductor,1,0.0599,8725.85,4325.85,9502.73,5016.54
Copy of IMG00382.JPG,conductor,1,0.0574,5482.12,4065.92,7917.83,4982.7
Copy of IMG00382.JPG,conductor,1,0.0571,722.74,3990.16,2411.83,4666.77
Copy of IMG00382.JPG,conductor,1,0.057,915.81,4628.18,2070.82,5407.41
Copy of IMG00382.JPG,conductor,1,0.0563,24.13,3068.63,1179.21,3587.15
Copy of IMG00382.JPG,conductor,1,0.0556,8428.74,4986.98,9412.81,5584.07
Copy of IMG00382.JPG,conductor,1,0.0554,984.97,3715.32,4364.71,4361.57
Copy of IMG00382.JPG,conductor,1,0.055,124.37,3310.84,2123.93,3868.32
Copy of IMG00382.JPG,conductor,1,0.0548,2.13,3840.03,580.61,4625.55
Copy of IMG00382.JPG,conductor,1,0.0501,1.88,4258.09,412.17,5138.47
Copy of IMG03421.JPG,conductor,1,0.2359,0.0,1982.05,6739.6,2853.0
Copy of IMG03421.JPG,conductor,1,0.1242,7584.26,2550.74,9492.28,3070.4
Copy of IMG03421.JPG,insulator,2,0.0903,6479.26,4135.62,6768.51,4469.07
Copy of IMG03421.JPG,conductor,1,0.0831,9091.25,5811.97,9504.0,6336.0
Copy of IMG03421.JPG,conductor,1,0.0689,2175.81,2134.67,5634.55,2749.2
Copy of IMG03421.JPG,conductor,1,0.0529,1520.88,2124.24,5959.27,2808.42
Copy of IMG00242.JPG,pylon,0,0.883,4739.62,3819.95,5223.75,6231.3
Copy of IMG00242.JPG,insulator,2,0.8396,3767.96,2408.02,4183.78,2800.04
Copy of IMG00242.JPG,conductor,1,0.6401,3549.62,3767.57,4434.22,4416.28
Copy of IMG00242.JPG,insulator,2,0.6148,4328.65,2694.95,4707.85,3067.39
Copy of IMG00242.JPG,insulator,2,0.5443,4997.7,3065.21,5307.3,3374.0
Copy of IMG00242.JPG,conductor,1,0.295,5214.95,3360.25,5653.76,3779.07
Copy of IMG00242.JPG,conductor,1,0.2398,963.11,2586.68,1388.27,2876.41
Copy of IMG00242.JPG,conductor,1,0.2179,5166.77,3417.81,5614.09,3835.91
Copy of IMG00242.JPG,conductor,1,0.1833,3690.02,3789.49,4435.87,4326.52
Copy of IMG00242.JPG,conductor,1,0.1538,7357.9,4639.24,8269.51,5439.09
Copy of IMG00242.JPG,conductor,1,0.1366,5302.89,3251.41,5737.76,3703.04
Copy of IMG00242.JPG,conductor,1,0.13,1229.17,2816.42,1759.67,3220.0
Copy of IMG00242.JPG,insulator,2,0.1199,4735.82,2901.3,4978.57,3208.96
Copy of IMG00242.JPG,conductor,1,0.1074,822.81,3049.82,1251.77,3414.93
Copy of IMG00242.JPG,conductor,1,0.1036,5956.37,1382.69,7280.7,2923.53
Copy of IMG00242.JPG,conductor,1,0.1035,7218.51,890.19,7928.77,1613.57
Copy of IMG00242.JPG,conductor,1,0.1012,743.59,2390.99,1224.8,2649.29
Copy of IMG00242.JPG,conductor,1,0.1003,1202.66,2773.86,1673.19,3142.92
Copy of IMG00242.JPG,conductor,1,0.099,901.78,3136.93,1382.53,3589.66
Copy of IMG00242.JPG,conductor,1,0.0906,5277.44,3317.0,5705.1,3746.72
Copy of IMG00242.JPG,conductor,1,0.0827,942.01,3224.47,1451.52,3654.82
Copy of IMG00242.JPG,conductor,1,0.0814,997.01,2615.69,1452.59,2923.87
Copy of IMG00242.JPG,conductor,1,0.081,823.43,3073.87,1314.41,3495.78
Copy of IMG00242.JPG,conductor,1,0.08,1065.52,2650.35,1492.24,2979.14
Copy of IMG00242.JPG,conductor,1,0.0797,8677.9,4532.62,9504.0,5329.36
Copy of IMG00242.JPG,conductor,1,0.0792,802.6,2462.18,1345.5,2778.03
Copy of IMG00242.JPG,insulator,2,0.0763,4728.97,2858.26,4990.07,3152.23
Copy of IMG00242.JPG,conductor,1,0.0755,5138.87,3470.14,5554.09,3858.77
Copy of IMG00242.JPG,insulator,2,0.0745,4740.72,3092.95,4965.68,3328.73
Copy of IMG00242.JPG,conductor,1,0.0743,5092.72,3520.36,5515.59,3908.84
Copy of IMG00242.JPG,conductor,1,0.0731,772.62,2388.05,1318.38,2692.26
Copy of IMG00242.JPG,conductor,1,0.0693,887.92,2545.03,1374.21,2843.6
Copy of IMG00242.JPG,conductor,1,0.0641,1132.32,2744.09,1622.63,3110.62
Copy of IMG00242.JPG,conductor,1,0.0611,955.85,3244.28,1550.72,3818.15
Copy of IMG00242.JPG,conductor,1,0.0606,5377.36,3219.26,5760.58,3661.09
Copy of IMG00242.JPG,conductor,1,0.0595,4358.62,3968.18,4748.88,4440.49
Copy of IMG00242.JPG,conductor,1,0.0562,580.2,2133.81,959.71,2368.39
Copy of IMG00242.JPG,insulator,2,0.0503,4839.41,3431.11,5140.52,3720.8
Copy of IMG03441.JPG,pylon,0,0.883,4091.1,4859.29,4970.79,6313.22
Copy of IMG03441.JPG,conductor,1,0.7769,3.57,2462.66,1499.91,4558.85
Copy of IMG03441.JPG,insulator,2,0.7129,3727.6,3242.26,4131.26,3648.71
Copy of IMG03441.JPG,insulator,2,0.697,2411.57,2537.49,2733.86,2928.45
Copy of IMG03441.JPG,insulator,2,0.6837,5888.45,2204.2,6332.38,2723.06
Copy of IMG03441.JPG,insulator,2,0.6467,4672.11,3167.1,5153.01,3624.64
Copy of IMG03441.JPG,conductor,1,0.4385,6128.29,3702.82,7520.31,6246.08
Copy of IMG03441.JPG,conductor,1,0.3945,7627.45,2332.74,9504.0,5690.02
Copy of IMG03441.JPG,conductor,1,0.3227,19.11,1528.59,2399.5,2735.05
Copy of IMG03441.JPG,insulator,2,0.3188,4221.82,2703.74,4560.49,3016.53
Copy of IMG03441.JPG,conductor,1,0.3004,7006.44,397.63,8231.27,1106.1
Copy of IMG03441.JPG,conductor,1,0.1237,0.0,0.0,814.62,508.48
Copy of IMG03441.JPG,insulator,2,0.1211,4166.98,3194.97,4530.58,3611.76
Copy of IMG03441.JPG,conductor,1,0.106,0.0,1341.62,2158.48,2551.54
Copy of IMG03441.JPG,insulator,2,0.094,4078.71,3901.91,4409.64,4304.43
Copy of IMG03441.JPG,conductor,1,0.0922,1036.21,1010.35,2393.7,1673.51
Copy of IMG03441.JPG,conductor,1,0.0708,8334.25,5271.4,9504.0,6336.0
Copy of IMG03441.JPG,conductor,1,0.0704,0.0,1247.47,1159.14,2566.38
Copy of IMG03546.JPG,pylon,0,0.8086,4136.07,3058.41,4611.62,6255.11
Copy of IMG03546.JPG,conductor,1,0.7647,7260.29,5380.98,8574.68,6188.18
Copy of IMG03546.JPG,conductor,1,0.4999,6246.91,4617.04,7659.02,5509.71
Copy of IMG03546.JPG,conductor,1,0.4977,2377.02,2201.44,3627.71,2775.03
Copy of IMG03546.JPG,conductor,1,0.437,5533.68,4065.72,6751.05,4775.72
Copy of IMG03546.JPG,conductor,1,0.3543,4833.22,3578.3,5996.11,4192.51
Copy of IMG03546.JPG,insulator,2,0.3037,4076.36,2936.18,4354.35,3242.1
Copy of IMG03546.JPG,conductor,1,0.212,5311.33,3980.49,6702.12,4739.21
Copy of IMG03546.JPG,conductor,1,0.1591,6359.8,4821.37,7829.63,5561.28
Copy of IMG03546.JPG,conductor,1,0.1517,7.87,886.13,1162.76,1456.87
Copy of IMG03546.JPG,conductor,1,0.1242,6222.37,4490.24,7431.02,5356.89
Copy of IMG03546.JPG,conductor,1,0.1013,4770.48,3489.42,5847.9,4133.51
Copy of IMG03546.JPG,insulator,2,0.1007,4049.08,2921.44,4364.53,3343.34
Copy of IMG03546.JPG,insulator,2,0.0945,4066.08,3184.89,4339.89,3553.86
Copy of IMG03546.JPG,conductor,1,0.0825,4868.32,3601.56,6430.2,4313.33
Copy of IMG03546.JPG,conductor,1,0.0744,377.0,4787.97,1703.08,6278.14
Copy of IMG03546.JPG,conductor,1,0.0704,5767.56,4263.4,7133.85,5050.16
Copy of IMG03546.JPG,conductor,1,0.0697,5037.36,3696.99,6151.88,4235.75
Copy of IMG03546.JPG,conductor,1,0.0656,2602.33,2265.62,3536.96,2719.42
Copy of IMG03546.JPG,conductor,1,0.0632,6826.89,5021.65,7960.91,5645.51
Copy of IMG03546.JPG,conductor,1,0.0616,0.17,4108.78,599.49,4754.77
Copy of IMG03546.JPG,conductor,1,0.0586,6111.76,4432.21,7292.64,5206.88
Copy of IMG03546.JPG,conductor,1,0.0575,961.88,2041.23,1793.13,2419.99
Copy of IMG03546.JPG,conductor,1,0.0574,4977.12,3788.62,6652.89,4703.05
Copy of IMG03546.JPG,insulator,2,0.0558,4077.32,3329.55,4327.08,3688.22
Copy of IMG03546.JPG,conductor,1,0.0512,4444.76,1042.82,5315.12,1412.67
Copy of IMG00077.JPG,insulator,2,0.9072,3704.4,3766.49,4201.98,4201.0
Copy of IMG00077.JPG,insulator,2,0.8951,5866.61,4220.81,6357.38,4659.19
Copy of IMG00077.JPG,insulator,2,0.8823,4247.29,4519.12,4677.26,4893.48
Copy of IMG00077.JPG,insulator,2,0.7932,5083.3,4309.51,5572.86,4768.15
Copy of IMG00077.JPG,insulator,2,0.7755,4422.71,3155.98,4827.11,3601.3
Copy of IMG00077.JPG,pylon,0,0.648,4549.58,5032.1,5164.86,6308.02
Copy of IMG00077.JPG,conductor,1,0.3826,6864.64,5391.74,7987.5,6279.27
Copy of IMG00077.JPG,insulator,2,0.3195,5141.22,3041.02,5646.01,3533.07
Copy of IMG00077.JPG,insulator,2,0.2476,5323.98,3575.6,5822.86,3920.29
Copy of IMG00077.JPG,conductor,1,0.1799,5831.53,5416.12,6804.76,6301.97
Copy of IMG00077.JPG,insulator,2,0.131,5104.15,3051.66,5544.44,3433.69
Copy of IMG00077.JPG,insulator,2,0.1247,4607.54,3621.66,5097.71,3961.53
Copy of IMG00077.JPG,insulator,2,0.1191,4777.53,3131.94,5138.96,3470.9
Copy of IMG00077.JPG,insulator,2,0.1132,4551.14,3631.35,5005.14,3988.9
Copy of IMG00077.JPG,insulator,2,0.1054,5259.57,3166.17,5812.47,3766.24
Copy of IMG00077.JPG,conductor,1,0.0966,6218.1,4587.72,7440.56,5534.16
Copy of IMG00077.JPG,insulator,2,0.0903,5190.14,3125.38,5702.96,3655.86
Copy of IMG00077.JPG,insulator,2,0.0799,5231.91,3216.31,5778.17,3942.24
Copy of IMG00077.JPG,conductor,1,0.0783,5482.7,4879.75,6749.21,6285.1
Copy of IMG00077.JPG,insulator,2,0.0783,4790.85,3180.92,5242.02,3603.96
Copy of IMG00077.JPG,insulator,2,0.0731,4765.51,3133.68,5198.06,3537.12
Copy of IMG00039.JPG,insulator,2,0.7136,3886.63,1082.04,4164.53,1337.85
Copy of IMG00039.JPG,conductor,1,0.6495,4336.37,2935.08,5771.63,4818.54
Copy of IMG00039.JPG,insulator,2,0.626,4325.12,1395.94,4591.81,1700.13
Copy of IMG00039.JPG,conductor,1,0.6126,6589.06,4581.98,7392.28,5136.08
Copy of IMG00039.JPG,conductor,1,0.6037,5777.0,5196.04,6717.33,6258.55
Copy of IMG00039.JPG,insulator,2,0.5287,3481.6,1535.27,3710.06,1800.3
Copy of IMG00039.JPG,pylon,0,0.4987,3771.98,1719.02,4302.04,5488.61
Copy of IMG00039.JPG,conductor,1,0.3808,7177.91,5419.17,8074.18,6271.62
Copy of IMG00039.JPG,conductor,1,0.333,5549.49,5037.84,6606.14,6230.72
Copy of IMG00039.JPG,conductor,1,0.1852,5492.02,4930.56,6428.42,5620.61
Copy of IMG00039.JPG,conductor,1,0.1738,4298.95,2828.03,5472.64,4271.45
Copy of IMG00039.JPG,conductor,1,0.1565,6531.88,4991.21,7142.34,5486.41
Copy of IMG00039.JPG,conductor,1,0.1419,5494.52,4933.34,6522.63,5980.47
Copy of IMG00039.JPG,conductor,1,0.1299,7192.02,5159.8,7881.24,5813.05
Copy of IMG00039.JPG,conductor,1,0.1176,5851.11,5472.1,6783.82,6281.02
Copy of IMG00039.JPG,conductor,1,0.1033,5174.77,4438.69,5963.24,5054.8
Copy of IMG00039.JPG,conductor,1,0.103,6149.09,4360.35,6686.08,4828.45
Copy of IMG00039.JPG,conductor,1,0.1018,4275.82,2740.99,5062.77,3835.83
Copy of IMG00039.JPG,conductor,1,0.0941,6560.45,4710.93,7241.04,5381.17
Copy of IMG00039.JPG,conductor,1,0.0906,6535.45,4851.44,7134.76,5408.84
Copy of IMG00039.JPG,insulator,2,0.0878,3633.29,1500.14,3810.98,1764.08
Copy of IMG00039.JPG,insulator,2,0.0827,3831.56,1104.36,4129.53,1374.04
Copy of IMG00039.JPG,conductor,1,0.0805,4589.07,1732.68,5073.77,2279.81
Copy of IMG00039.JPG,conductor,1,0.0787,7221.45,5196.04,7834.87,5684.32
Copy of IMG00039.JPG,conductor,1,0.0775,7455.56,5540.45,8083.56,6192.28
Copy of IMG00039.JPG,conductor,1,0.0754,4364.18,3276.36,5691.81,4669.41
Copy of IMG00039.JPG,conductor,1,0.0691,5120.64,4383.91,5893.45,4967.25
Copy of IMG00039.JPG,conductor,1,0.0636,4602.31,1715.88,5027.37,2170.69
Copy of IMG00039.JPG,conductor,1,0.0602,7202.68,5196.09,7932.28,6080.27
Copy of IMG00039.JPG,insulator,2,0.0585,3499.56,1543.79,3770.46,1793.62
Copy of IMG00039.JPG,conductor,1,0.0567,4501.41,1804.55,5013.67,2329.98
Copy of IMG00039.JPG,conductor,1,0.0561,7491.39,5634.55,8103.44,6280.62
Copy of IMG00039.JPG,conductor,1,0.0556,4218.53,4668.89,5157.36,5249.82
Copy of IMG00039.JPG,conductor,1,0.0543,5662.27,5110.72,6555.22,5851.99
Copy of IMG00039.JPG,conductor,1,0.051,4245.59,2652.73,4925.29,3605.57
Copy of IMG00203.JPG,pylon,0,0.7339,5018.12,3564.08,5409.69,6273.39
Copy of IMG00203.JPG,conductor,1,0.6335,5751.76,4205.2,6608.75,5039.1
Copy of IMG00203.JPG,insulator,2,0.3912,3352.19,2028.28,4031.47,2763.62
Copy of IMG00203.JPG,conductor,1,0.3688,8663.12,5632.35,9245.71,6202.95
Copy of IMG00203.JPG,conductor,1,0.3466,7298.3,4607.28,8198.36,5245.28
Copy of IMG00203.JPG,conductor,1,0.338,6275.01,3768.05,7346.08,4676.45
Copy of IMG00203.JPG,conductor,1,0.3121,6708.17,5057.72,7431.99,5679.24
Copy of IMG00203.JPG,conductor,1,0.2981,4.61,3128.2,3312.19,3828.26
Copy of IMG00203.JPG,conductor,1,0.272,8163.6,5241.6,8804.16,5762.85
Copy of IMG00203.JPG,insulator,2,0.2622,4849.37,3046.58,5121.28,3324.38
Copy of IMG00203.JPG,conductor,1,0.2585,7673.48,5848.37,8150.56,6301.19
Copy of IMG00203.JPG,insulator,2,0.2453,4626.71,3130.49,4916.41,3384.74
Copy of IMG00203.JPG,conductor,1,0.2297,8796.72,5739.44,9368.41,6296.66
Copy of IMG00203.JPG,insulator,2,0.2279,4901.69,3020.52,5161.56,3263.76
Copy of IMG00203.JPG,conductor,1,0.223,6774.87,5097.61,7505.01,5774.58
Copy of IMG00203.JPG,insulator,2,0.189,5241.02,2991.11,5572.82,3267.33
Copy of IMG00203.JPG,conductor,1,0.1864,6193.17,3690.39,7288.27,4541.03
Copy of IMG00203.JPG,conductor,1,0.1765,8025.87,5176.5,8778.65,5747.73
Copy of IMG00203.JPG,insulator,2,0.1738,5131.31,3073.67,5308.55,3335.68
Copy of IMG00203.JPG,conductor,1,0.1658,6954.29,5171.84,7611.35,5843.04
Copy of IMG00203.JPG,conductor,1,0.1522,7065.55,5322.07,7670.22,5920.87
Copy of IMG00203.JPG,insulator,2,0.1492,5296.83,2983.55,5632.71,3237.08
Copy of IMG00203.JPG,conductor,1,0.1483,8703.91,5662.52,9309.42,6290.13
Copy of IMG00203.JPG,conductor,1,0.1421,7448.14,5671.9,8007.45,6260.07
Copy of IMG00203.JPG,conductor,1,0.1331,7488.79,4740.41,8396.66,5377.05
Copy of IMG00203.JPG,conductor,1,0.1306,6609.94,5001.08,7356.55,5641.33
Copy of IMG00203.JPG,conductor,1,0.1303,7344.62,5562.05,7893.86,6128.04
Copy of IMG00203.JPG,conductor,1,0.129,5797.6,4296.15,6725.82,5162.76
Copy of IMG00203.JPG,conductor,1,0.1259,5561.8,3549.07,6032.3,3907.73
Copy of IMG00203.JPG,conductor,1,0.1182,8214.34,5347.88,8825.26,5815.99
Copy of IMG00203.JPG,conductor,1,0.118,8557.84,5570.4,9137.15,6093.13
Copy of IMG00203.JPG,conductor,1,0.1132,7773.66,5898.56,8171.27,6307.71
Copy of IMG00203.JPG,conductor,1,0.1106,5827.57,3495.12,6454.12,3866.28
Copy of IMG00203.JPG,conductor,1,0.1053,7821.17,5060.56,8699.86,5645.76
Copy of IMG00203.JPG,conductor,1,0.1034,7151.31,4514.88,8078.92,5163.76
Copy of IMG00203.JPG,conductor,1,0.1025,6026.16,3577.68,6721.93,4022.51
Copy of IMG00203.JPG,conductor,1,0.1007,6153.77,3642.9,7181.64,4327.53
Copy of IMG00203.JPG,conductor,1,0.0955,7570.53,5763.39,8105.65,6279.86
Copy of IMG00203.JPG,conductor,1,0.091,7145.8,5407.08,7793.45,6048.23
Copy of IMG00203.JPG,conductor,1,0.0856,8905.72,5864.41,9402.83,6312.95
Copy of IMG00203.JPG,insulator,2,0.0848,4955.15,3021.74,5276.67,3301.12
Copy of IMG00203.JPG,conductor,1,0.0835,7600.4,4917.22,8523.55,5477.28
Copy of IMG00203.JPG,conductor,1,0.0814,7412.64,4686.52,8290.8,5301.71
Copy of IMG00203.JPG,conductor,1,0.0808,7201.17,5462.34,7876.17,6096.57
Copy of IMG00203.JPG,conductor,1,0.0771,6069.75,3612.37,6983.94,4229.96
Copy of IMG00203.JPG,conductor,1,0.0759,5888.32,3519.24,6544.26,3902.07
Copy of IMG00203.JPG,conductor,1,0.0758,7771.87,4996.92,8553.4,5502.0
Copy of IMG00203.JPG,insulator,2,0.0747,4677.18,3101.67,4973.27,3364.48
Copy of IMG00203.JPG,conductor,1,0.0713,8314.39,5424.21,8911.66,5866.82
Copy of IMG00203.JPG,insulator,2,0.0707,5318.33,2952.13,5681.55,3288.11
Copy of IMG00203.JPG,conductor,1,0.0691,7390.6,5643.38,7924.03,6196.5
Copy of IMG00203.JPG,conductor,1,0.0683,5611.26,3477.39,6377.94,3863.2
Copy of IMG00203.JPG,insulator,2,0.0679,5909.41,2578.02,6515.31,3418.2
Copy of IMG00203.JPG,conductor,1,0.061,8312.11,5894.26,8697.57,6287.35
Copy of IMG00203.JPG,conductor,1,0.0589,8453.3,5507.98,9027.14,5981.11
Copy of IMG00203.JPG,pylon,0,0.0576,4921.93,3538.82,5488.3,6288.86
Copy of IMG00203.JPG,conductor,1,0.0544,5591.55,3939.08,6113.25,4632.15
Copy of IMG00203.JPG,insulator,2,0.0526,4924.36,2999.94,5295.99,3253.45
Copy of IMG00203.JPG,conductor,1,0.0514,5556.35,3912.66,6024.34,4486.27
Copy of IMG00225.JPG,insulator,2,0.9353,4803.62,1487.25,5035.62,1748.19
Copy of IMG00225.JPG,insulator,2,0.7724,5612.35,1683.04,5915.73,1970.66
Copy of IMG00225.JPG,insulator,2,0.5822,4386.06,2040.8,4667.62,2281.66
Copy of IMG00225.JPG,insulator,2,0.5465,4279.85,2444.15,4581.09,2670.08
Copy of IMG00225.JPG,pylon,0,0.5004,4784.32,2660.21,5307.15,5930.29
Copy of IMG00225.JPG,insulator,2,0.4969,3929.62,1567.11,4247.43,1840.75
Copy of IMG00225.JPG,insulator,2,0.4086,3958.28,1531.61,4294.08,1784.79
Copy of IMG00225.JPG,insulator,2,0.3597,4500.41,1795.64,4745.23,1965.71
Copy of IMG00225.JPG,insulator,2,0.3149,5322.48,1792.82,5555.9,2060.81
Copy of IMG00225.JPG,insulator,2,0.2515,3965.08,1499.93,4232.61,1702.67
Copy of IMG00225.JPG,insulator,2,0.2153,4529.27,1765.38,4790.86,1959.3
Copy of IMG00225.JPG,insulator,2,0.1431,4075.85,1298.22,4343.36,1543.04
Copy of IMG00225.JPG,insulator,2,0.1151,5275.38,1800.13,5561.63,2003.16
Copy of IMG00225.JPG,insulator,2,0.1139,4682.17,1765.22,4900.0,1900.35
Copy of IMG00225.JPG,insulator,2,0.1119,3980.37,1413.47,4296.17,1623.89
Copy of IMG00225.JPG,insulator,2,0.1075,4028.05,1336.08,4324.96,1617.07
Copy of IMG00225.JPG,insulator,2,0.0976,5527.06,1741.32,5885.25,2001.17
Copy of IMG00225.JPG,insulator,2,0.0881,4715.63,1805.74,4940.72,2011.38
Copy of IMG00225.JPG,conductor,1,0.0823,4705.05,2679.35,5282.03,6294.74
Copy of IMG00225.JPG,insulator,2,0.0811,5158.9,2103.3,5455.66,2318.33
Copy of IMG00225.JPG,insulator,2,0.078,4463.17,1791.23,4727.58,1943.1
Copy of IMG00225.JPG,conductor,1,0.0701,0.0,1850.85,3749.07,2731.07
Copy of IMG00225.JPG,insulator,2,0.0557,5061.34,2508.8,5347.44,2695.42
Copy of IMG00225.JPG,insulator,2,0.0546,4739.53,1859.93,4951.45,2075.8
Copy of IMG00257.JPG,insulator,2,0.3683,4245.24,5401.99,4524.42,5680.73
Copy of IMG00257.JPG,conductor,1,0.2989,7183.4,4737.06,9340.89,5682.67
Copy of IMG00257.JPG,conductor,1,0.2983,5053.33,1552.63,5530.34,2894.97
Copy of IMG00257.JPG,conductor,1,0.263,7073.56,4859.09,9040.33,5737.31
Copy of IMG00257.JPG,insulator,2,0.2347,3838.32,5388.34,4086.11,5635.14
Copy of IMG00257.JPG,insulator,2,0.193,4687.51,5311.1,4946.66,5552.55
Copy of IMG00257.JPG,conductor,1,0.1797,1329.25,0.0,5418.48,468.84
Copy of IMG00257.JPG,conductor,1,0.1547,5237.5,5714.79,6674.29,6336.0
Copy of IMG00257.JPG,conductor,1,0.1378,3320.72,1938.33,3885.68,2888.43
Copy of IMG00257.JPG,conductor,1,0.1262,2660.99,5680.66,4025.56,6277.64
Copy of IMG00257.JPG,conductor,1,0.1216,2890.19,5787.88,4071.23,6289.71
Copy of IMG00257.JPG,conductor,1,0.1091,2508.28,5576.19,3814.95,6257.18
Copy of IMG00257.JPG,insulator,2,0.1072,4251.53,5390.92,4574.61,5726.49
Copy of IMG00257.JPG,conductor,1,0.0789,7022.38,4971.38,8731.78,5774.67
Copy of IMG00257.JPG,conductor,1,0.0698,8836.24,0.0,9504.0,270.41
Copy of IMG00257.JPG,insulator,2,0.0677,1372.41,4463.45,1817.48,4943.33
Copy of IMG00257.JPG,conductor,1,0.0661,3065.03,5846.15,4130.82,6307.05
Copy of IMG00257.JPG,conductor,1,0.0537,7512.34,4660.43,9452.91,5595.01
Copy of IMG00503.JPG,insulator,2,0.8253,4942.23,2980.75,5196.35,3205.91
Copy of IMG00503.JPG,conductor,1,0.5938,4338.46,3256.46,5021.5,5824.22
Copy of IMG00503.JPG,insulator,2,0.3528,4050.7,2980.82,4305.75,3213.13
Copy of IMG00503.JPG,insulator,2,0.325,4547.54,2909.77,4757.64,3094.26
Copy of IMG00503.JPG,insulator,2,0.3166,4052.68,2923.32,4333.83,3186.49
Copy of IMG00503.JPG,insulator,2,0.314,4513.96,2991.17,4707.39,3155.97
Copy of IMG00503.JPG,insulator,2,0.1137,2049.36,2956.23,2420.28,3370.42
Copy of IMG00503.JPG,insulator,2,0.1062,4072.53,2921.58,4373.21,3121.27
Copy of IMG00103.JPG,insulator,2,0.8305,4888.54,2869.79,5148.31,3125.75
Copy of IMG00103.JPG,pylon,0,0.633,4438.27,3146.79,4824.69,6301.87
Copy of IMG00103.JPG,insulator,2,0.5806,4127.23,2932.3,4355.03,3204.79
Copy of IMG00103.JPG,conductor,1,0.5367,4856.51,4219.28,5457.31,5042.36
Copy of IMG00103.JPG,insulator,2,0.5165,4486.07,2555.01,4776.77,2815.39
Copy of IMG00103.JPG,conductor,1,0.4228,5247.42,5064.83,6083.29,6148.42
Copy of IMG00103.JPG,conductor,1,0.3963,5443.19,3832.97,6180.94,4391.69
Copy of IMG00103.JPG,conductor,1,0.3093,4799.51,4104.89,5390.66,4991.4
Copy of IMG00103.JPG,conductor,1,0.2701,5299.11,5387.77,6149.33,6210.09
Copy of IMG00103.JPG,conductor,1,0.2572,4893.95,4214.84,5580.65,5213.61
Copy of IMG00103.JPG,conductor,1,0.2315,6402.65,5361.33,7182.12,6168.72
Copy of IMG00103.JPG,conductor,1,0.2264,6058.93,4776.32,7038.52,5491.68
Copy of IMG00103.JPG,conductor,1,0.2184,3398.3,1912.7,3935.73,2511.79
Copy of IMG00103.JPG,conductor,1,0.2125,5621.41,4166.24,6415.48,4771.06
Copy of IMG00103.JPG,conductor,1,0.2005,2572.62,68.14,3182.15,600.91
Copy of IMG00103.JPG,conductor,1,0.1665,2721.5,985.08,3241.08,1572.53
Copy of IMG00103.JPG,conductor,1,0.163,3445.52,1097.41,4106.38,1660.75
Copy of IMG00103.JPG,conductor,1,0.1574,5126.75,4909.55,5967.45,5933.95
Copy of IMG00103.JPG,conductor,1,0.1476,3365.69,1862.37,3874.33,2443.99
Copy of IMG00103.JPG,conductor,1,0.1409,6205.5,5103.95,7150.14,5824.32
Copy of IMG00103.JPG,conductor,1,0.14,3458.05,1144.52,4187.69,1791.89
Copy of IMG00103.JPG,conductor,1,0.1322,2745.83,1006.17,3301.81,1755.23
Copy of IMG00103.JPG,conductor,1,0.1251,6008.61,4720.39,6920.86,5348.13
Copy of IMG00103.JPG,conductor,1,0.1236,3144.99,815.61,3705.76,1265.98
Copy of IMG00103.JPG,conductor,1,0.123,5528.29,5606.38,6185.05,6241.39
Copy of IMG00103.JPG,conductor,1,0.1224,3453.73,1989.94,3982.54,2602.2
Copy of IMG00103.JPG,conductor,1,0.1172,4742.36,4013.61,5283.02,4805.26
Copy of IMG00103.JPG,conductor,1,0.1057,5132.13,3219.45,5642.77,3798.4
Copy of IMG00103.JPG,conductor,1,0.1033,2192.99,158.71,2698.87,755.36
Copy of IMG00103.JPG,conductor,1,0.1021,5199.35,3401.79,5648.46,3817.33
Copy of IMG00103.JPG,conductor,1,0.0998,3800.5,1530.13,4528.46,2202.46
Copy of IMG00103.JPG,conductor,1,0.0956,5479.79,3923.65,6354.71,4682.52
Copy of IMG00103.JPG,conductor,1,0.0924,5228.47,3351.89,5643.74,3750.27
Copy of IMG00103.JPG,conductor,1,0.0924,6473.18,5496.6,7201.77,6263.55
Copy of IMG00103.JPG,conductor,1,0.0922,6137.89,4952.47,7121.05,5662.78
Copy of IMG00103.JPG,conductor,1,0.0903,5723.44,4252.52,6502.06,4839.78
Copy of IMG00103.JPG,conductor,1,0.089,4901.7,4431.34,5622.94,5357.3
Copy of IMG00103.JPG,conductor,1,0.0887,6251.92,5260.98,7149.5,5963.26
Copy of IMG00103.JPG,conductor,1,0.0865,5016.17,4714.62,5861.36,5605.19
Copy of IMG00103.JPG,conductor,1,0.0865,6575.76,5564.27,7153.31,6083.02
Copy of IMG00103.JPG,conductor,1,0.0846,3306.87,1760.51,3804.24,2338.98
Copy of IMG00103.JPG,conductor,1,0.084,5066.17,4875.5,5911.32,5712.58
Copy of IMG00103.JPG,conductor,1,0.0825,2531.6,35.08,3128.45,523.59
Copy of IMG00103.JPG,conductor,1,0.0796,3106.86,750.99,3627.38,1184.31
Copy of IMG00103.JPG,conductor,1,0.0787,2862.59,1209.0,3397.92,1804.49
Copy of IMG00103.JPG,conductor,1,0.0765,2097.5,0.0,2558.29,648.49
Copy of IMG00103.JPG,conductor,1,0.0765,5229.55,3249.76,5632.64,3644.96
Copy of IMG00103.JPG,conductor,1,0.0729,2057.04,0.0,2500.15,505.06
Copy of IMG00103.JPG,conductor,1,0.0707,2914.09,1302.61,3480.91,1909.52
Copy of IMG00103.JPG,conductor,1,0.0703,5106.83,3137.32,5427.78,3498.13
Copy of IMG00103.JPG,conductor,1,0.0694,3948.86,1667.27,4580.98,2261.91
Copy of IMG00103.JPG,conductor,1,0.0684,2144.02,39.52,2658.14,714.8
Copy of IMG00103.JPG,conductor,1,0.0668,4824.94,3120.16,5135.61,3540.85
Copy of IMG00103.JPG,conductor,1,0.0655,3378.52,1065.82,3968.61,1563.45
Copy of IMG00103.JPG,conductor,1,0.0642,4971.72,3226.36,5391.19,3763.29
Copy of IMG00103.JPG,conductor,1,0.0603,4070.41,1854.56,4576.13,2329.31
Copy of IMG00103.JPG,conductor,1,0.0598,5458.57,3803.84,6098.24,4232.53
Copy of IMG00103.JPG,conductor,1,0.0596,2805.59,1129.74,3330.23,1716.1
Copy of IMG00103.JPG,conductor,1,0.059,3298.41,1008.14,3881.09,1467.43
Copy of IMG00103.JPG,conductor,1,0.0588,5149.31,3195.65,5495.69,3605.55
Copy of IMG00103.JPG,conductor,1,0.0569,3039.15,1474.0,3541.95,2031.93
Copy of IMG00103.JPG,conductor,1,0.0564,4701.52,3914.71,5164.9,4659.99
Copy of IMG00103.JPG,conductor,1,0.0559,4912.72,3135.9,5214.36,3533.58
Copy of IMG00103.JPG,conductor,1,0.0552,3222.28,1679.21,3711.48,2215.98
Copy of IMG00103.JPG,conductor,1,0.0548,3214.77,916.14,3845.18,1384.4
Copy of IMG00103.JPG,conductor,1,0.0546,5162.74,3452.95,5649.83,3943.42
Copy of IMG00506.JPG,insulator,2,0.8051,3748.63,2620.07,4182.41,2966.59
Copy of IMG00506.JPG,insulator,2,0.6854,4689.98,2494.59,5018.94,2809.31
Copy of IMG00506.JPG,insulator,2,0.5929,5282.94,2718.9,5648.75,3067.51
Copy of IMG00506.JPG,insulator,2,0.5757,5253.6,2859.82,5603.94,3139.77
Copy of IMG00506.JPG,insulator,2,0.4957,5328.64,2702.2,5680.2,3026.36
Copy of IMG00506.JPG,insulator,2,0.475,4494.67,2785.0,4788.21,3027.84
Copy of IMG00506.JPG,conductor,1,0.3703,3467.15,5295.54,4119.57,6256.58
Copy of IMG00506.JPG,insulator,2,0.3295,4959.1,2912.18,5244.09,3137.93
Copy of IMG00506.JPG,pylon,0,0.3192,4402.94,3167.58,4997.03,6234.39
Copy of IMG00506.JPG,conductor,1,0.3102,3711.35,3974.83,4440.41,5324.88
Copy of IMG00506.JPG,insulator,2,0.2997,4990.12,2894.11,5189.98,3168.15
Copy of IMG00506.JPG,insulator,2,0.2874,3741.09,2512.9,4321.38,2970.11
Copy of IMG00506.JPG,insulator,2,0.2358,4623.89,2745.33,4959.96,2904.88
Copy of IMG00506.JPG,conductor,1,0.2277,501.36,142.29,1723.58,1185.22
Copy of IMG00506.JPG,conductor,1,0.2054,6333.28,1763.8,7142.31,2408.57
Copy of IMG00506.JPG,conductor,1,0.1999,2648.12,3261.56,3822.16,5419.39
Copy of IMG00506.JPG,conductor,1,0.1975,2644.65,5355.02,3166.16,6034.27
Copy of IMG00506.JPG,conductor,1,0.1874,4723.52,1799.85,5458.97,2227.74
Copy of IMG00506.JPG,conductor,1,0.1822,4813.49,3728.76,5279.68,4741.1
Copy of IMG00506.JPG,conductor,1,0.1761,6756.27,1122.15,7249.95,1491.4
Copy of IMG00506.JPG,insulator,2,0.1631,3909.41,2501.4,4318.0,2771.68
Copy of IMG00506.JPG,conductor,1,0.1576,4421.56,3194.1,4989.71,6264.31
Copy of IMG00506.JPG,conductor,1,0.1549,7456.81,1234.56,7866.75,1591.01
Copy of IMG00506.JPG,insulator,2,0.1488,4535.8,2748.8,4813.3,3016.41
Copy of IMG00506.JPG,conductor,1,0.14,5658.59,1760.93,6238.76,2232.88
Copy of IMG00506.JPG,conductor,1,0.1399,5784.99,1705.34,6351.37,2136.01
Copy of IMG00506.JPG,conductor,1,0.1352,4860.86,3399.75,5310.55,4662.56
Copy of IMG00506.JPG,conductor,1,0.1283,5507.08,1910.4,6018.51,2339.19
Copy of IMG00506.JPG,conductor,1,0.1251,3489.22,5001.76,4190.7,6226.47
Copy of IMG00506.JPG,conductor,1,0.1246,4785.26,3788.38,5254.14,5072.83
Copy of IMG00506.JPG,conductor,1,0.1198,2666.47,5382.55,3126.16,5888.48
Copy of IMG00506.JPG,conductor,1,0.1171,2208.86,3323.25,3853.89,5413.34
Copy of IMG00506.JPG,conductor,1,0.1127,5156.5,2157.71,5638.0,2536.27
Copy of IMG00506.JPG,conductor,1,0.1099,2564.32,5607.75,3032.11,6229.45
Copy of IMG00506.JPG,conductor,1,0.1071,5525.96,1830.78,6089.01,2309.22
Copy of IMG00506.JPG,conductor,1,0.1059,7827.76,983.79,8316.54,1411.5
Copy of IMG00506.JPG,conductor,1,0.1002,3820.66,3899.94,4434.92,5112.29
Copy of IMG00506.JPG,insulator,2,0.0892,4634.73,2520.14,4977.53,2822.22
Copy of IMG00506.JPG,conductor,1,0.0869,3550.79,4361.52,4402.52,5562.72
Copy of IMG00506.JPG,conductor,1,0.086,4194.09,3322.03,4542.72,4024.29
Copy of IMG00506.JPG,conductor,1,0.0848,4224.81,3246.39,4573.06,3959.55
Copy of IMG00506.JPG,conductor,1,0.0815,2599.96,5424.0,3120.34,6138.39
Copy of IMG00506.JPG,conductor,1,0.0798,7255.77,878.38,7623.31,1190.15
Copy of IMG00506.JPG,conductor,1,0.0763,5332.63,1463.5,5994.96,1886.69
Copy of IMG00506.JPG,pylon,0,0.076,4477.63,3183.8,4896.34,6336.0
Copy of IMG00506.JPG,conductor,1,0.0715,5834.55,1636.57,6448.6,2086.39
Copy of IMG00506.JPG,insulator,2,0.0708,5246.02,2768.48,5608.65,3074.24
Copy of IMG00506.JPG,conductor,1,0.0701,7054.51,1472.14,7422.15,1878.19
Copy of IMG00506.JPG,conductor,1,0.07,4697.6,1852.52,5410.2,2299.53
Copy of IMG00506.JPG,conductor,1,0.0673,5907.49,1593.01,6532.02,2022.55
Copy of IMG00506.JPG,conductor,1,0.0669,6265.88,1931.87,6872.82,2409.99
Copy of IMG00506.JPG,conductor,1,0.0665,7512.46,1201.65,7925.04,1545.2
Copy of IMG00506.JPG,conductor,1,0.0658,5621.61,1839.35,6164.36,2252.82
Copy of IMG00506.JPG,conductor,1,0.0628,5095.8,3274.47,5447.44,3969.72
Copy of IMG00506.JPG,conductor,1,0.0609,7373.45,1288.74,7807.27,1644.75
Copy of IMG00506.JPG,conductor,1,0.0596,7307.53,855.32,7638.6,1155.12
Copy of IMG00506.JPG,insulator,2,0.0593,5229.57,2885.94,5542.54,3151.6
Copy of IMG00506.JPG,conductor,1,0.0593,3955.9,3807.99,4453.28,4883.01
Copy of IMG00506.JPG,conductor,1,0.0587,4285.7,3201.78,4593.86,3851.99
Copy of IMG00506.JPG,conductor,1,0.0547,7209.48,911.52,7570.13,1228.81
Copy of IMG00506.JPG,conductor,1,0.0542,6002.21,1535.51,6607.12,1962.76
Copy of IMG00506.JPG,conductor,1,0.0532,4005.92,3705.79,4459.33,4622.28
Copy of IMG00506.JPG,conductor,1,0.052,2822.46,3520.49,3683.72,5369.32
Copy of IMG00506.JPG,conductor,1,0.052,7296.5,1345.03,7666.65,1839.02
Copy of IMG00506.JPG,insulator,2,0.0518,3781.29,2499.05,4328.51,2803.88
Copy of IMG00506.JPG,conductor,1,0.0512,3482.77,3060.19,3897.82,3666.22
Copy of IMG00506.JPG,conductor,1,0.0504,6982.33,1512.67,7405.21,1956.95
Copy of IMG00506.JPG,conductor,1,0.0501,5220.86,2096.77,5697.14,2497.71
Copy of IMG03445.JPG,insulator,2,0.8873,4655.02,1658.93,4952.95,1938.06
Copy of IMG03445.JPG,conductor,1,0.8252,1319.25,5163.26,2610.6,6282.97
Copy of IMG03445.JPG,pylon,0,0.7453,5071.92,2741.8,5644.85,5498.21
Copy of IMG03445.JPG,conductor,1,0.6246,3291.95,2256.47,4284.25,2858.7
Copy of IMG03445.JPG,conductor,1,0.4705,3184.07,3502.0,4584.24,4893.43
Copy of IMG03445.JPG,conductor,1,0.444,7557.44,1869.9,8440.82,2478.24
Copy of IMG03445.JPG,conductor,1,0.3954,3239.36,2316.55,4201.84,2949.2
Copy of IMG03445.JPG,conductor,1,0.3635,110.01,5419.51,1030.9,6232.77
Copy of IMG03445.JPG,conductor,1,0.362,1518.88,5019.79,2749.66,6277.13
Copy of IMG03445.JPG,conductor,1,0.3396,6119.43,1502.2,6883.65,1917.85
Copy of IMG03445.JPG,conductor,1,0.3261,3540.96,2924.35,4202.32,3411.14
Copy of IMG03445.JPG,conductor,1,0.3188,61.0,4554.7,1249.68,5229.48
Copy of IMG03445.JPG,conductor,1,0.262,987.27,3555.88,2649.49,4441.86
Copy of IMG03445.JPG,conductor,1,0.2606,2341.3,2826.27,3552.78,3492.42
Copy of IMG03445.JPG,insulator,2,0.2385,5288.04,1646.12,5473.04,1846.02
Copy of IMG03445.JPG,conductor,1,0.2295,905.05,3703.85,2540.81,4518.22
Copy of IMG03445.JPG,conductor,1,0.2264,6061.26,1544.15,6796.01,1954.72
Copy of IMG03445.JPG,conductor,1,0.2126,1226.92,3388.78,2770.07,4222.71
Copy of IMG03445.JPG,conductor,1,0.2049,14.32,5500.55,897.06,6245.54
Copy of IMG03445.JPG,conductor,1,0.2025,0.13,5883.68,395.28,6279.18
Copy of IMG03445.JPG,conductor,1,0.1979,3.18,5153.11,502.34,5665.65
Copy of IMG03445.JPG,insulator,2,0.1871,4685.62,1622.98,4969.84,1900.25
Copy of IMG03445.JPG,conductor,1,0.1867,3770.6,3377.2,4754.25,4220.13
Copy of IMG03445.JPG,conductor,1,0.186,7958.96,231.72,8534.85,660.34
Copy of IMG03445.JPG,conductor,1,0.1838,1485.79,3256.96,2882.41,3985.26
Copy of IMG03445.JPG,conductor,1,0.1803,807.96,3941.24,2236.88,4671.32
Copy of IMG03445.JPG,conductor,1,0.172,3577.01,2864.03,4280.71,3345.33
Copy of IMG03445.JPG,conductor,1,0.1677,8238.17,1635.99,8959.0,2076.22
Copy of IMG03445.JPG,conductor,1,0.166,3601.2,2141.75,4497.56,2608.29
Copy of IMG03445.JPG,conductor,1,0.1603,217.03,5300.64,1130.63,6199.36
Copy of IMG03445.JPG,conductor,1,0.16,2321.14,4598.61,3270.69,5502.84
Copy of IMG03445.JPG,insulator,2,0.1566,4888.66,2205.58,5137.75,2532.09
Copy of IMG03445.JPG,conductor,1,0.1523,1293.17,5463.89,2446.48,6286.39
Copy of IMG03445.JPG,conductor,1,0.146,14.04,4696.25,1043.99,5349.68
Copy of IMG03445.JPG,conductor,1,0.1429,1283.47,5833.25,1883.93,6301.42
Copy of IMG03445.JPG,conductor,1,0.1237,3412.73,2189.58,4389.28,2715.44
Copy of IMG03445.JPG,conductor,1,0.1212,0.0,4980.1,771.05,5592.35
Copy of IMG03445.JPG,insulator,2,0.1109,4838.8,2248.12,5124.76,2654.46
Copy of IMG03445.JPG,conductor,1,0.1101,1762.1,4902.68,2858.83,6181.28
Copy of IMG03445.JPG,conductor,1,0.1051,3654.5,2818.95,4331.84,3285.66
Copy of IMG03445.JPG,conductor,1,0.1036,2511.94,4535.29,3311.26,5419.54
Copy of IMG03445.JPG,insulator,2,0.0998,7459.48,3014.63,7923.93,3542.78
Copy of IMG03445.JPG,conductor,1,0.0884,0.0,5769.3,527.28,6268.82
Copy of IMG03445.JPG,insulator,2,0.0879,7433.68,3210.93,7899.04,3560.32
Copy of IMG03445.JPG,conductor,1,0.0834,2632.27,4434.31,3335.58,5252.03
Copy of IMG03445.JPG,conductor,1,0.0801,1279.92,5692.12,2095.57,6301.23
Copy of IMG03445.JPG,conductor,1,0.0768,0.32,5933.51,292.57,6291.3
Copy of IMG03445.JPG,conductor,1,0.076,3948.68,2606.04,4539.45,3020.33
Copy of IMG03445.JPG,insulator,2,0.0758,7395.81,2956.46,7840.18,3396.97
Copy of IMG03445.JPG,conductor,1,0.074,2789.12,2885.79,3555.64,3295.34
Copy of IMG03445.JPG,conductor,1,0.0725,8737.67,80.26,9138.61,476.73
Copy of IMG03445.JPG,insulator,2,0.0677,5853.41,1770.57,6041.18,2025.86
Copy of IMG03445.JPG,conductor,1,0.0666,2166.06,4700.08,3168.97,5555.86
Copy of IMG03445.JPG,conductor,1,0.0664,1057.63,3831.26,2384.59,4573.28
Copy of IMG03445.JPG,conductor,1,0.0645,3873.01,2641.73,4500.06,3085.28
Copy of IMG03445.JPG,insulator,2,0.0632,5018.85,1606.46,5243.46,1775.75
Copy of IMG03445.JPG,conductor,1,0.0613,3715.22,2749.6,4389.93,3218.39
Copy of IMG03445.JPG,conductor,1,0.0611,2157.7,3178.71,3054.98,3762.01
Copy of IMG03445.JPG,conductor,1,0.0609,1870.36,4771.57,3039.16,5798.02
Copy of IMG03445.JPG,conductor,1,0.0606,3082.57,2463.44,4104.8,3032.41
Copy of IMG03445.JPG,conductor,1,0.0595,8746.56,67.33,9083.66,385.34
Copy of IMG03445.JPG,conductor,1,0.0579,1.96,5657.67,692.54,6250.63
Copy of IMG03445.JPG,conductor,1,0.0554,791.88,4844.48,1752.72,5540.18
Copy of IMG03445.JPG,conductor,1,0.0554,0.0,5096.69,599.34,5565.68
Copy of IMG03445.JPG,conductor,1,0.0539,649.11,4908.44,1678.25,5615.18
Copy of IMG03445.JPG,conductor,1,0.0522,3809.02,2066.95,4578.56,2508.07
Copy of IMG03445.JPG,conductor,1,0.0517,2200.48,2852.7,3469.55,3658.97
Copy of IMG03445.JPG,insulator,2,0.0515,5719.32,2466.96,6283.28,2834.68
Copy of IMG00073.JPG,pylon,0,0.7683,4944.22,2646.13,5498.75,5619.38
Copy of IMG00073.JPG,insulator,2,0.6133,4893.49,1961.94,5170.17,2241.44
Copy of IMG00073.JPG,insulator,2,0.5247,5707.55,1383.57,5951.51,1692.85
Copy of IMG00073.JPG,conductor,1,0.498,7959.87,3461.78,9033.65,4166.49
Copy of IMG00073.JPG,insulator,2,0.4562,4767.32,1534.25,5067.57,2004.56
Copy of IMG00073.JPG,conductor,1,0.3831,2106.16,1753.76,4647.02,2144.47
Copy of IMG00073.JPG,conductor,1,0.3434,6421.78,1724.24,7135.42,2211.15
Copy of IMG00073.JPG,insulator,2,0.3108,5290.86,1071.22,5557.97,1322.03
Copy of IMG00073.JPG,conductor,1,0.294,6141.87,2240.86,6940.21,2838.11
Copy of IMG00073.JPG,insulator,2,0.268,4783.56,1412.12,5081.99,1956.53
Copy of IMG00073.JPG,insulator,2,0.2657,5022.31,2353.48,5301.49,2648.8
Copy of IMG00073.JPG,conductor,1,0.26,6922.75,2880.52,8085.61,3548.14
Copy of IMG00073.JPG,conductor,1,0.2582,1266.69,1816.71,4680.1,2264.78
Copy of IMG00073.JPG,conductor,1,0.2505,6053.36,2200.15,6817.03,2702.75
Copy of IMG00073.JPG,insulator,2,0.2341,4826.98,1425.48,5083.23,1696.67
Copy of IMG00073.JPG,conductor,1,0.2034,6189.75,2324.28,7064.63,2987.34
Copy of IMG00073.JPG,conductor,1,0.1708,6884.8,2060.86,7977.71,2683.01
Copy of IMG00073.JPG,conductor,1,0.1563,1043.29,2081.79,4709.36,2484.13
Copy of IMG00073.JPG,conductor,1,0.1537,8885.05,4003.15,9502.17,4656.82
Copy of IMG00073.JPG,conductor,1,0.1442,6415.62,2507.11,7338.54,3148.05
Copy of IMG00073.JPG,conductor,1,0.1439,5971.48,2141.66,6655.44,2664.82
Copy of IMG00073.JPG,conductor,1,0.1291,6259.88,2390.2,7212.11,3039.11
Copy of IMG00073.JPG,conductor,1,0.1164,9018.66,3349.38,9504.0,3905.39
Copy of IMG00073.JPG,conductor,1,0.1105,5883.53,2074.15,6460.49,2528.62
Copy of IMG00073.JPG,conductor,1,0.1041,5656.0,1879.08,6076.87,2317.91
Copy of IMG00073.JPG,insulator,2,0.1038,4788.0,1404.27,5091.63,1733.22
Copy of IMG00073.JPG,conductor,1,0.0947,6353.36,1669.57,7090.78,2148.78
Copy of IMG00073.JPG,conductor,1,0.0848,8791.66,3975.52,9502.14,4506.05
Copy of IMG00073.JPG,conductor,1,0.0828,5593.25,1850.72,5980.32,2296.84
Copy of IMG00073.JPG,conductor,1,0.0816,6803.23,1989.03,7842.14,2600.19
Copy of IMG00073.JPG,conductor,1,0.0775,6926.64,2161.47,8259.96,2805.93
Copy of IMG00073.JPG,conductor,1,0.077,62.75,2348.99,856.79,2634.08
Copy of IMG00073.JPG,conductor,1,0.0767,5737.83,1900.87,6231.9,2381.78
Copy of IMG00073.JPG,conductor,1,0.0765,89.13,2273.96,4670.98,2872.44
Copy of IMG00073.JPG,conductor,1,0.0717,453.29,2458.39,5325.04,2936.54
Copy of IMG00073.JPG,conductor,1,0.0714,6817.95,2789.53,7937.74,3505.3
Copy of IMG00073.JPG,conductor,1,0.0711,6514.14,2597.43,7539.61,3213.73
Copy of IMG00073.JPG,conductor,1,0.0675,8258.27,3656.7,9217.66,4239.74
Copy of IMG00073.JPG,conductor,1,0.0655,5801.8,1978.1,6355.41,2463.77
Copy of IMG00073.JPG,conductor,1,0.0643,6695.67,2730.47,7813.57,3405.66
Copy of IMG00073.JPG,conductor,1,0.0641,8635.75,3906.84,9489.78,4475.6
Copy of IMG00073.JPG,conductor,1,0.0583,5771.7,1804.59,6213.96,2301.61
Copy of IMG00073.JPG,conductor,1,0.054,9051.63,4136.92,9504.0,4822.02
Copy of IMG00073.JPG,conductor,1,0.0532,7825.06,3403.36,8864.57,4054.66
Copy of IMG00073.JPG,conductor,1,0.0519,706.46,1909.84,4823.64,2299.2
Copy of IMG03448.JPG,pylon,0,0.8451,4267.34,1943.33,4868.25,6151.83
Copy of IMG03448.JPG,insulator,2,0.7456,4990.22,1659.25,5233.9,1965.59
Copy of IMG03448.JPG,conductor,1,0.7385,7349.44,4855.65,8321.35,5586.99
Copy of IMG03448.JPG,insulator,2,0.7343,4494.76,1553.6,4646.67,1798.35
Copy of IMG03448.JPG,conductor,1,0.6517,5425.13,2041.59,6235.63,2509.35
Copy of IMG03448.JPG,conductor,1,0.5898,6070.84,3836.04,7487.58,5064.53
Copy of IMG03448.JPG,insulator,2,0.5191,3893.25,1826.8,4083.23,2118.91
Copy of IMG03448.JPG,conductor,1,0.4587,8719.65,4899.28,9504.0,5547.81
Copy of IMG03448.JPG,conductor,1,0.3442,7118.6,3327.86,8456.72,3983.98
Copy of IMG03448.JPG,conductor,1,0.3297,5260.15,3084.17,6256.04,4082.07
Copy of IMG03448.JPG,conductor,1,0.3152,8174.76,5543.82,9017.17,6254.42
Copy of IMG03448.JPG,conductor,1,0.2818,6123.33,2553.14,7142.48,3161.61
Copy of IMG03448.JPG,conductor,1,0.2325,6121.63,3794.28,7181.7,4823.71
Copy of IMG03448.JPG,conductor,1,0.1929,5150.65,2974.88,6053.33,3906.68
Copy of IMG03448.JPG,conductor,1,0.1817,680.42,3616.91,4187.87,4368.48
Copy of IMG03448.JPG,conductor,1,0.1804,8110.43,3938.51,9321.61,4553.34
Copy of IMG03448.JPG,conductor,1,0.1741,6261.52,4065.89,7577.97,5094.6
Copy of IMG03448.JPG,conductor,1,0.1653,4937.97,2782.0,5583.06,3530.46
Copy of IMG03448.JPG,conductor,1,0.1553,4750.67,2598.73,5227.73,3228.77
Copy of IMG03448.JPG,conductor,1,0.1333,8208.51,4068.46,9471.85,4699.89
Copy of IMG03448.JPG,conductor,1,0.132,8709.87,4357.36,9496.03,4908.38
Copy of IMG03448.JPG,conductor,1,0.1253,6903.2,3165.9,8261.68,3794.85
Copy of IMG03448.JPG,conductor,1,0.1199,6557.29,4286.51,7602.42,5119.72
Copy of IMG03448.JPG,conductor,1,0.1134,5369.63,1979.87,6186.05,2403.34
Copy of IMG03448.JPG,conductor,1,0.1081,6030.34,3708.18,7030.34,4693.84
Copy of IMG03448.JPG,conductor,1,0.0949,8465.08,4223.53,9504.0,4800.72
Copy of IMG03448.JPG,conductor,1,0.0935,7460.39,3987.25,8213.58,4584.38
Copy of IMG03448.JPG,conductor,1,0.0913,5992.92,2537.28,7038.97,3089.28
Copy of IMG03448.JPG,conductor,1,0.0895,5282.06,2428.64,5924.16,2840.64
Copy of IMG03448.JPG,conductor,1,0.0838,4814.7,2674.8,5460.46,3387.47
Copy of IMG03448.JPG,conductor,1,0.0754,7377.79,3940.9,8115.71,4477.36
Copy of IMG03448.JPG,conductor,1,0.0753,5310.22,2363.36,5856.9,2760.28
Copy of IMG03448.JPG,conductor,1,0.0688,8098.46,4469.5,8865.81,5016.48
Copy of IMG03448.JPG,conductor,1,0.0682,6185.98,2702.33,7329.85,3244.87
Copy of IMG03448.JPG,conductor,1,0.0658,6591.24,2939.7,7794.38,3538.28
Copy of IMG03448.JPG,pylon,0,0.0653,4336.76,1942.55,4805.07,5663.38
Copy of IMG03448.JPG,conductor,1,0.0641,4999.14,2828.65,5815.21,3760.37
Copy of IMG03448.JPG,conductor,1,0.064,7000.25,3272.52,8342.54,3842.18
Copy of IMG03448.JPG,conductor,1,0.0597,6783.54,3000.45,7960.52,3615.5
Copy of IMG03448.JPG,conductor,1,0.0568,8026.61,5383.77,8900.69,6220.62
Copy of IMG03448.JPG,pylon_fissure,3,0.0562,4467.34,3974.44,4656.71,6248.98
Copy of IMG03448.JPG,conductor,1,0.0559,6179.47,2637.9,7495.28,3320.99
Copy of IMG03448.JPG,conductor,1,0.0544,5398.01,2483.11,6049.03,2956.25
Copy of IMG03448.JPG,conductor,1,0.0529,5153.02,2296.55,5751.95,2690.19
Copy of IMG03448.JPG,conductor,1,0.0515,5312.91,1948.24,5964.84,2286.89
Copy of IMG03448.JPG,conductor,1,0.0506,8845.44,4489.95,9504.0,4940.85
Copy of IMG00373.JPG,insulator,2,0.6842,4584.21,2763.17,4907.66,3074.74
Copy of IMG00373.JPG,conductor,1,0.6629,4081.89,4071.43,4664.16,6233.17
Copy of IMG00373.JPG,pylon,0,0.6093,4678.82,3244.52,5177.62,6248.12
Copy of IMG00373.JPG,insulator,2,0.4148,5740.34,3002.11,6066.97,3336.83
Copy of IMG00373.JPG,insulator,2,0.2926,3473.78,2870.11,3819.1,3220.02
Copy of IMG00373.JPG,conductor,1,0.165,5721.94,3407.0,5964.38,4274.4
Copy of IMG00373.JPG,conductor,1,0.1519,2878.29,4774.84,3447.17,6241.34
Copy of IMG00373.JPG,conductor,1,0.0788,5663.88,3416.37,5951.42,4189.76
Copy of IMG00373.JPG,conductor,1,0.0725,5706.91,3427.86,5969.66,4049.94
Copy of IMG00373.JPG,conductor,1,0.0704,2888.63,4016.91,3489.6,6248.91
Copy of IMG00373.JPG,insulator,2,0.0651,3480.4,2829.5,3801.12,3111.91
Copy of IMG00373.JPG,conductor,1,0.0625,4308.68,3906.12,4662.99,4959.56
Copy of IMG00373.JPG,conductor,1,0.0577,5376.44,3698.51,5822.91,6257.22
Copy of IMG00373.JPG,conductor,1,0.0552,5462.16,3470.38,5853.88,4227.45
Copy of IMG00512.JPG,insulator,2,0.7761,2.42,3047.1,408.96,3432.42
Copy of IMG00512.JPG,insulator,2,0.6371,5090.14,2570.5,5381.15,2890.62
Copy of IMG00512.JPG,pylon,0,0.506,5503.57,3265.38,5977.27,6044.05
Copy of IMG00512.JPG,insulator,2,0.4464,5531.39,2708.53,5801.11,2930.46
Copy of IMG00512.JPG,conductor,1,0.4181,2551.37,5187.28,4360.15,5854.35
Copy of IMG00512.JPG,insulator,2,0.3262,6089.61,2703.0,6420.79,2988.97
Copy of IMG00512.JPG,conductor,1,0.2609,1077.32,4713.46,2888.53,5307.41
Copy of IMG00512.JPG,insulator,2,0.2362,5766.67,2588.81,6045.92,2800.15
Copy of IMG00512.JPG,insulator,2,0.225,5565.38,2665.74,5822.46,2898.55
Copy of IMG00512.JPG,conductor,1,0.2231,18.87,4316.96,1552.16,5036.57
Copy of IMG00512.JPG,insulator,2,0.2041,6035.77,2772.42,6286.87,3020.46
Copy of IMG00512.JPG,conductor,1,0.1872,385.37,4548.09,2771.31,5187.95
Copy of IMG00512.JPG,insulator,2,0.1789,5104.88,2536.28,5466.23,2869.92
Copy of IMG00512.JPG,conductor,1,0.1701,5109.76,3459.61,5431.73,4098.05
Copy of IMG00512.JPG,conductor,1,0.168,5123.44,4532.0,5592.38,5393.44
Copy of IMG00512.JPG,conductor,1,0.1355,5038.78,4726.33,5507.93,5439.36
Copy of IMG00512.JPG,conductor,1,0.133,5043.83,3499.98,5418.87,4153.8
Copy of IMG00512.JPG,conductor,1,0.1261,43.56,4381.02,2223.43,5069.57
Copy of IMG00512.JPG,conductor,1,0.1153,1377.46,4804.73,2984.72,5369.23
Copy of IMG00512.JPG,insulator,2,0.111,5218.94,3138.0,5442.18,3356.68
Copy of IMG00512.JPG,insulator,2,0.1086,5402.67,3057.1,5689.06,3259.21
Copy of IMG00512.JPG,conductor,1,0.1069,5145.05,3428.06,5462.04,4020.19
Copy of IMG00512.JPG,conductor,1,0.1029,5474.67,3368.57,5964.02,6095.95
Copy of IMG00512.JPG,conductor,1,0.0998,5179.23,4385.78,5619.8,5343.15
Copy of IMG00512.JPG,conductor,1,0.0995,4989.82,3597.15,5384.1,4302.64
Copy of IMG00512.JPG,conductor,1,0.081,4499.62,3931.98,5145.68,5407.68
Copy of IMG00512.JPG,conductor,1,0.0722,4575.65,4146.08,5039.76,5405.02
Copy of IMG00512.JPG,conductor,1,0.0714,5202.27,3367.79,5466.26,3925.51
Copy of IMG00512.JPG,conductor,1,0.0703,5251.82,3344.74,5507.65,3794.19
Copy of IMG00512.JPG,insulator,2,0.0697,6045.89,2741.7,6390.64,3019.1
Copy of IMG00512.JPG,conductor,1,0.0614,2.28,4222.87,1198.4,4973.65
Copy of IMG00512.JPG,insulator,2,0.0605,5616.41,2631.22,5937.9,2861.64
Copy of IMG00512.JPG,conductor,1,0.0598,4502.98,4331.63,5025.97,5348.8
Copy of IMG00512.JPG,conductor,1,0.0541,1656.96,4888.08,3002.74,5365.26
Copy of IMG00512.JPG,conductor,1,0.0532,4927.81,3636.16,5366.97,4433.86
Copy of IMG00121.JPG,conductor,1,0.8104,4718.21,3702.87,6130.5,4604.3
Copy of IMG00121.JPG,insulator,2,0.7807,3355.37,2213.11,3761.51,2566.44
Copy of IMG00121.JPG,insulator,2,0.6869,4348.74,2789.03,4757.57,3172.69
Copy of IMG00121.JPG,insulator,2,0.6784,3995.85,2230.12,4387.64,2597.18
Copy of IMG00121.JPG,pylon,0,0.6641,3505.72,3839.54,4207.29,6261.07
Copy of IMG00121.JPG,insulator,2,0.5168,3363.52,2834.83,3777.32,3192.22
Copy of IMG00121.JPG,insulator,2,0.51,3494.85,3476.74,3924.23,3824.88
Copy of IMG00121.JPG,conductor,1,0.4555,1405.95,4371.69,2574.11,5332.12
Copy of IMG00121.JPG,insulator,2,0.4432,4148.65,3410.74,4576.24,3749.48
Copy of IMG00121.JPG,conductor,1,0.4054,1196.0,2907.96,2471.36,3569.96
Copy of IMG00121.JPG,conductor,1,0.384,5994.07,3217.5,7868.66,4015.81
Copy of IMG00121.JPG,conductor,1,0.3662,2.99,3674.27,1244.99,4363.74
Copy of IMG00121.JPG,conductor,1,0.3463,8533.0,4907.46,9501.25,5517.18
Copy of IMG00121.JPG,conductor,1,0.344,1059.84,3888.57,2075.96,4602.19
Copy of IMG00121.JPG,conductor,1,0.2936,289.6,4436.22,1209.49,5118.08
Copy of IMG00121.JPG,conductor,1,0.2642,2.31,3764.23,1027.15,4469.26
Copy of IMG00121.JPG,conductor,1,0.2322,0.0,4828.46,503.88,5562.05
Copy of IMG00121.JPG,conductor,1,0.2195,239.02,3305.41,1854.12,3964.19
Copy of IMG00121.JPG,conductor,1,0.219,2234.53,3937.05,3225.56,4715.8
Copy of IMG00121.JPG,conductor,1,0.2031,8688.01,4426.68,9495.31,4960.88
Copy of IMG00121.JPG,conductor,1,0.1899,7826.09,5343.35,9151.27,6175.08
Copy of IMG00121.JPG,conductor,1,0.1781,530.64,3236.95,1968.39,3903.35
Copy of IMG00121.JPG,insulator,2,0.173,3789.59,3096.58,4115.91,3353.7
Copy of IMG00121.JPG,conductor,1,0.1649,2128.61,3966.1,3176.7,4869.82
Copy of IMG00121.JPG,conductor,1,0.1628,2302.42,3305.1,3101.73,3796.44
Copy of IMG00121.JPG,conductor,1,0.1584,637.21,3103.2,2154.32,3820.23
Copy of IMG00121.JPG,conductor,1,0.1544,95.5,3383.37,1737.62,4071.67
Copy of IMG00121.JPG,conductor,1,0.1499,1312.62,3786.75,2394.96,4447.45
Copy of IMG00121.JPG,conductor,1,0.1426,0.68,3847.69,928.58,4688.67
Copy of IMG00121.JPG,conductor,1,0.1413,8949.42,4524.29,9501.8,5023.67
Copy of IMG00121.JPG,conductor,1,0.1336,8450.29,4349.12,9483.11,4874.46
Copy of IMG00121.JPG,conductor,1,0.1317,7238.57,3843.96,8643.54,4479.71
Copy of IMG00121.JPG,conductor,1,0.1304,787.59,2975.58,2369.33,3689.54
Copy of IMG00121.JPG,conductor,1,0.1301,15.41,3474.82,1540.71,4193.0
Copy of IMG00121.JPG,conductor,1,0.1273,270.03,5037.68,1496.83,6264.27
Copy of IMG00121.JPG,conductor,1,0.1243,45.03,5184.86,1190.08,6288.05
Copy of IMG00121.JPG,conductor,1,0.1233,1375.67,4285.17,2905.79,5331.46
Copy of IMG00121.JPG,conductor,1,0.1209,4810.84,3844.94,6433.45,4779.08
Copy of IMG00121.JPG,conductor,1,0.1158,1655.45,2650.79,2870.23,3300.55
Copy of IMG00121.JPG,conductor,1,0.1156,5.51,5326.99,832.51,6288.92
Copy of IMG00121.JPG,conductor,1,0.1133,1.65,4081.89,508.36,4778.17
Copy of IMG00121.JPG,conductor,1,0.1096,5674.94,4384.33,7422.98,5308.86
Copy of IMG00121.JPG,conductor,1,0.1085,1317.83,2804.16,2621.16,3483.92
Copy of IMG00121.JPG,conductor,1,0.1063,1605.26,3608.4,2541.08,4179.24
Copy of IMG00121.JPG,insulator,2,0.1061,4127.89,3414.54,4483.72,3724.86
Copy of IMG00121.JPG,conductor,1,0.1041,1896.94,3529.8,2753.88,4100.37
Copy of IMG00121.JPG,conductor,1,0.102,8385.48,4847.22,9449.19,5450.96
Copy of IMG00121.JPG,conductor,1,0.0995,1492.21,3696.9,2453.39,4271.08
Copy of IMG00121.JPG,conductor,1,0.0993,6029.76,3364.77,8020.76,4114.31
Copy of IMG00121.JPG,conductor,1,0.0982,5803.25,4532.53,7726.44,5457.78
Copy of IMG00121.JPG,conductor,1,0.0975,1462.65,2720.52,2847.83,3428.57
Copy of IMG00121.JPG,conductor,1,0.0957,7295.56,5060.69,8728.08,5800.28
Copy of IMG00121.JPG,conductor,1,0.0956,1.37,4881.13,308.66,5558.89
Copy of IMG00121.JPG,conductor,1,0.0928,6342.88,3852.25,8629.57,4595.85
Copy of IMG00121.JPG,conductor,1,0.0914,6305.08,3914.32,8134.08,4584.21
Copy of IMG00121.JPG,conductor,1,0.091,0.0,4809.57,662.78,6259.47
Copy of IMG00121.JPG,conductor,1,0.0872,8263.08,4301.57,9353.49,4803.83
Copy of IMG00121.JPG,conductor,1,0.0863,6150.18,3502.28,8284.93,4385.34
Copy of IMG00121.JPG,conductor,1,0.0861,6304.53,4648.82,7959.35,5499.53
Copy of IMG00121.JPG,conductor,1,0.0851,4657.87,3657.98,5698.22,4337.39
Copy of IMG00121.JPG,conductor,1,0.0834,1983.15,4026.8,3113.09,5001.08
Copy of IMG00121.JPG,conductor,1,0.0819,5547.61,4325.04,7181.88,5189.9
Copy of IMG00121.JPG,conductor,1,0.0819,1534.9,4077.31,3018.01,5215.33
Copy of IMG00121.JPG,conductor,1,0.0816,5689.67,3093.02,7770.33,3975.49
Copy of IMG00121.JPG,conductor,1,0.0809,2026.48,3395.4,2947.89,3940.07
Copy of IMG00121.JPG,insulator,2,0.0805,4040.24,2674.26,4274.68,2921.2
Copy of IMG00121.JPG,conductor,1,0.0795,7046.76,5000.54,8587.25,5713.64
Copy of IMG00121.JPG,conductor,1,0.0791,6294.9,3866.06,7757.64,4527.84
Copy of IMG00121.JPG,conductor,1,0.0789,5527.35,2977.65,8064.92,4047.93
Copy of IMG00121.JPG,conductor,1,0.0757,7524.4,5159.16,8873.65,5982.01
Copy of IMG00121.JPG,conductor,1,0.075,6846.59,4901.27,8446.33,5642.89
Copy of IMG00121.JPG,conductor,1,0.0749,2.18,4656.0,911.6,5329.4
Copy of IMG00121.JPG,conductor,1,0.0733,21.52,4567.45,1023.62,5213.59
Copy of IMG00121.JPG,conductor,1,0.0732,9086.11,4609.27,9502.87,5084.94
Copy of IMG00121.JPG,conductor,1,0.0723,613.63,4953.94,1655.19,5694.41
Copy of IMG00121.JPG,conductor,1,0.0702,3491.23,3820.04,4215.74,6268.2
Copy of IMG00121.JPG,conductor,1,0.0687,6005.69,3160.78,8216.81,4129.2
Copy of IMG00121.JPG,conductor,1,0.0675,0.0,5451.92,670.86,6284.52
Copy of IMG00121.JPG,conductor,1,0.0661,926.53,3982.54,1964.09,4677.03
Copy of IMG00121.JPG,conductor,1,0.0644,2134.91,3334.89,3048.97,3893.95
Copy of IMG00121.JPG,conductor,1,0.0636,4977.59,4117.86,6831.06,5000.16
Copy of IMG00121.JPG,conductor,1,0.0586,7511.79,3937.17,8734.83,4495.6
Copy of IMG00121.JPG,insulator,2,0.0581,3796.92,3065.8,4178.38,3338.05
Copy of IMG00121.JPG,conductor,1,0.0571,1750.13,3568.33,2659.82,4158.56
Copy of IMG00121.JPG,conductor,1,0.0563,5238.35,4233.92,6921.87,5084.86
Copy of IMG00121.JPG,conductor,1,0.0558,7642.48,3999.63,8843.09,4562.07
Copy of IMG00121.JPG,conductor,1,0.0555,0.9,4186.35,402.74,4828.44
Copy of IMG00121.JPG,conductor,1,0.0551,576.06,4936.69,1716.21,6074.33
Copy of IMG00121.JPG,conductor,1,0.0537,2460.32,3875.9,3341.0,4505.92
Copy of IMG00148.JPG,insulator,2,0.8577,4480.48,4983.06,4903.49,5414.58
Copy of IMG00148.JPG,insulator,2,0.8197,4927.92,60.43,5247.04,425.99
Copy of IMG00148.JPG,insulator,2,0.6682,5443.63,626.02,5798.01,1017.42
Copy of IMG00148.JPG,insulator,2,0.652,4266.35,355.43,4585.66,739.1
Copy of IMG00148.JPG,pylon,0,0.3138,4520.2,851.11,5116.06,4564.63
Copy of IMG00148.JPG,conductor,1,0.3027,5159.87,1212.93,5493.7,2034.37
Copy of IMG00148.JPG,conductor,1,0.2873,5213.56,1177.92,5500.64,1897.83
Copy of IMG00148.JPG,conductor,1,0.2125,4021.12,839.63,4448.97,1523.1
Copy of IMG00148.JPG,conductor,1,0.197,3810.35,5552.92,4349.53,6218.15
Copy of IMG00148.JPG,conductor,1,0.1404,4034.35,879.58,4403.96,1425.01
Copy of IMG00148.JPG,conductor,1,0.1369,4917.37,1938.61,5324.46,2612.96
Copy of IMG00148.JPG,conductor,1,0.1363,5232.35,1150.45,5526.68,1753.94
Copy of IMG00148.JPG,conductor,1,0.1333,3579.31,3700.47,4092.34,4377.25
Copy of IMG00148.JPG,conductor,1,0.1082,3033.99,5577.59,3498.83,6198.2
Copy of IMG00148.JPG,conductor,1,0.0973,5090.43,1379.4,5475.17,2129.75
Copy of IMG00148.JPG,conductor,1,0.0945,4088.06,812.68,4417.39,1266.77
Copy of IMG00148.JPG,conductor,1,0.0828,4296.6,783.67,4593.42,1131.58
Copy of IMG00148.JPG,conductor,1,0.0796,3033.39,5688.26,3428.1,6233.0
Copy of IMG00148.JPG,conductor,1,0.0755,4062.03,843.43,4382.57,1329.0
Copy of IMG00148.JPG,conductor,1,0.0753,4777.93,704.08,5032.94,1341.78
Copy of IMG00148.JPG,conductor,1,0.0691,4490.12,906.32,4770.7,1395.19
Copy of IMG00148.JPG,conductor,1,0.0674,4622.49,940.1,4829.03,1392.88
Copy of IMG00148.JPG,conductor,1,0.0666,5008.22,1706.47,5376.19,2271.18
Copy of IMG00148.JPG,conductor,1,0.065,3049.74,5490.31,3576.27,6111.92
Copy of IMG00148.JPG,conductor,1,0.0631,2403.49,5351.52,3005.81,6038.98
Copy of IMG00148.JPG,conductor,1,0.0608,4685.61,859.42,4918.46,1312.44
Copy of IMG00148.JPG,conductor,1,0.0588,5085.22,1555.67,5442.81,2101.77
Copy of IMG00148.JPG,insulator,2,0.0584,4207.37,4722.01,4510.8,5006.07
Copy of IMG00148.JPG,pylon,0,0.0577,4667.51,797.66,5163.42,4583.26
Copy of IMG00148.JPG,insulator,2,0.0559,4409.82,91.29,4598.91,321.42
Copy of IMG00148.JPG,conductor,1,0.0546,4948.72,1775.64,5334.03,2565.57
Copy of IMG00148.JPG,conductor,1,0.0538,3063.41,5056.94,3634.58,5642.81
Copy of IMG00148.JPG,conductor,1,0.0534,4632.4,883.99,4880.4,1406.84
Copy of IMG00148.JPG,conductor,1,0.0507,6828.42,5013.64,7630.33,5703.8
Copy of IMG03505.JPG,pylon,0,0.9461,4320.81,3589.27,5090.81,6286.54
Copy of IMG03505.JPG,insulator,2,0.7129,3361.01,2623.33,3685.93,2991.94
Copy of IMG03505.JPG,insulator,2,0.6587,4800.42,3311.38,5214.99,3562.34
Copy of IMG03505.JPG,insulator,2,0.6512,4726.23,2454.63,5056.54,2728.41
Copy of IMG03505.JPG,conductor,1,0.6286,12.21,3580.61,1418.89,4050.96
Copy of IMG03505.JPG,insulator,2,0.5965,5349.62,2433.28,5600.24,2732.19
Copy of IMG03505.JPG,insulator,2,0.5865,3707.83,2574.17,4091.12,2882.04
Copy of IMG03505.JPG,insulator,2,0.5169,4094.87,3186.78,4487.07,3525.92
Copy of IMG03505.JPG,conductor,1,0.4808,6800.86,2817.86,9504.0,3400.84
Copy of IMG03505.JPG,insulator,2,0.422,5645.72,2363.68,5942.63,2618.05
Copy of IMG03505.JPG,conductor,1,0.3874,6882.45,3285.0,9503.54,4129.73
Copy of IMG03505.JPG,insulator,2,0.3762,4238.56,2615.82,4577.48,2897.37
Copy of IMG03505.JPG,conductor,1,0.3307,6817.06,3315.28,8898.08,4041.64
Copy of IMG03505.JPG,insulator,2,0.3263,5100.87,2493.63,5352.39,2752.97
Copy of IMG03505.JPG,conductor,1,0.2854,570.55,341.46,1499.79,878.98
Copy of IMG03505.JPG,conductor,1,0.2701,6254.16,3414.08,6957.84,5677.59
Copy of IMG03505.JPG,insulator,2,0.2508,3816.2,3020.04,4155.4,3327.32
Copy of IMG03505.JPG,conductor,1,0.2397,714.36,1324.91,2157.05,1804.55
Copy of IMG03505.JPG,conductor,1,0.2291,0.0,4147.84,1425.91,5064.22
Copy of IMG03505.JPG,conductor,1,0.1946,218.32,4076.42,1813.7,4785.56
Copy of IMG03505.JPG,conductor,1,0.1777,164.95,3565.13,1607.45,3967.6
Copy of IMG03505.JPG,insulator,2,0.1706,4756.74,2482.6,5104.67,2751.97
Copy of IMG03505.JPG,conductor,1,0.1656,0.0,3647.04,1211.47,4119.28
Copy of IMG03505.JPG,conductor,1,0.1637,5093.81,26.53,5971.96,2199.4
Copy of IMG03505.JPG,conductor,1,0.139,1.63,3814.23,536.42,4202.24
Copy of IMG03505.JPG,conductor,1,0.1373,8144.39,2722.67,9504.0,3376.15
Copy of IMG03505.JPG,insulator,2,0.1368,3647.87,2569.72,4064.91,2928.7
Copy of IMG03505.JPG,conductor,1,0.1288,1232.86,3199.24,2326.44,3866.95
Copy of IMG03505.JPG,conductor,1,0.1251,7591.52,2078.52,8643.63,2649.74
Copy of IMG03505.JPG,pylon,0,0.1201,5067.83,60.66,5937.82,2181.51
Copy of IMG03505.JPG,conductor,1,0.1191,278.08,4071.27,1249.76,4381.7
Copy of IMG03505.JPG,conductor,1,0.1154,6852.31,2629.72,9072.23,3239.02
Copy of IMG03505.JPG,insulator,2,0.1016,4198.06,2643.29,4547.37,2921.79
Copy of IMG03505.JPG,conductor,1,0.0942,678.34,281.51,1497.63,799.76
Copy of IMG03505.JPG,conductor,1,0.0941,0.0,3757.69,752.12,4156.31
Copy of IMG03505.JPG,conductor,1,0.09,6812.46,2559.88,8134.94,3209.71
Copy of IMG03505.JPG,conductor,1,0.0887,8462.76,3607.07,9504.0,4351.26
Copy of IMG03505.JPG,conductor,1,0.0844,1323.95,3061.68,2332.85,3688.6
Copy of IMG03505.JPG,conductor,1,0.0818,39.0,1854.28,2117.55,2289.46
Copy of IMG03505.JPG,conductor,1,0.0781,0.82,4364.5,471.5,5090.07
Copy of IMG03505.JPG,conductor,1,0.0749,1142.41,3391.58,2284.0,3853.79
Copy of IMG03505.JPG,conductor,1,0.072,0.0,1610.75,1190.95,2037.55
Copy of IMG03505.JPG,conductor,1,0.0714,8198.48,1435.88,9503.52,2190.22
Copy of IMG03505.JPG,conductor,1,0.0713,330.82,406.44,1476.26,938.8
Copy of IMG03505.JPG,insulator,2,0.0681,5370.67,2401.35,5696.26,2672.77
Copy of IMG03505.JPG,insulator,2,0.0676,4827.73,2503.81,5117.63,2773.29
Copy of IMG03505.JPG,conductor,1,0.0671,870.95,2667.69,2414.58,3220.48
Copy of IMG03505.JPG,conductor,1,0.0663,8526.63,2619.75,9504.0,3353.14
Copy of IMG03505.JPG,insulator,2,0.0641,4957.57,3260.67,5443.26,3507.64
Copy of IMG03505.JPG,insulator,2,0.0639,5376.52,2979.53,5671.56,3335.98
Copy of IMG03505.JPG,conductor,1,0.0614,1020.82,3437.4,2209.83,3902.56
Copy of IMG03505.JPG,conductor,1,0.058,8277.81,1115.87,9501.25,2188.36
Copy of IMG03505.JPG,conductor,1,0.0577,0.8,4484.04,369.9,5029.92
Copy of IMG03505.JPG,conductor,1,0.0569,0.0,678.76,929.92,1038.59
Copy of IMG03505.JPG,insulator,2,0.0555,3390.91,2594.58,3769.18,2942.39
Copy of IMG03505.JPG,conductor,1,0.0543,2.39,4541.45,406.98,5124.96
Copy of IMG03505.JPG,conductor,1,0.0538,7641.37,2065.41,8997.02,2633.08
Copy of IMG03505.JPG,conductor,1,0.0529,0.0,3901.06,316.96,4259.67
Copy of IMG03505.JPG,conductor,1,0.0506,290.32,3526.45,1789.56,3884.33
Copy of IMG00131.JPG,insulator,2,0.8574,4730.13,1229.18,5012.66,1572.7
Copy of IMG00131.JPG,insulator,2,0.8241,5509.25,1488.79,5760.3,1757.21
Copy of IMG00131.JPG,pylon,0,0.7828,4646.43,1592.38,5331.26,6018.19
Copy of IMG00131.JPG,insulator,2,0.7793,5150.43,998.15,5435.14,1235.18
Copy of IMG00131.JPG,conductor,1,0.4301,159.04,4540.94,1343.03,5285.01
Copy of IMG00131.JPG,conductor,1,0.4185,1406.67,3594.0,2399.89,4288.0
Copy of IMG00131.JPG,conductor,1,0.3655,1.11,3912.22,484.95,4579.49
Copy of IMG00131.JPG,conductor,1,0.3492,277.53,3193.53,1584.67,3872.3
Copy of IMG00131.JPG,conductor,1,0.2638,1002.89,2837.42,2094.7,3458.4
Copy of IMG00131.JPG,conductor,1,0.2173,3201.5,1796.03,4002.0,2399.05
Copy of IMG00131.JPG,conductor,1,0.2129,363.69,3097.35,1683.89,3776.08
Copy of IMG00131.JPG,conductor,1,0.2018,3662.22,1537.67,4466.71,1993.65
Copy of IMG00131.JPG,conductor,1,0.1956,3531.72,1571.82,4386.07,2017.86
Copy of IMG00131.JPG,conductor,1,0.1337,4490.81,218.67,5082.06,839.8
Copy of IMG00131.JPG,conductor,1,0.1184,1.74,5566.87,399.04,6206.63
Copy of IMG00131.JPG,conductor,1,0.1183,4557.96,62.62,5175.34,786.39
Copy of IMG00131.JPG,insulator,2,0.1166,5097.54,3100.58,5401.8,3368.68
Copy of IMG00131.JPG,conductor,1,0.1155,1.32,3853.01,625.21,4542.82
Copy of IMG00131.JPG,conductor,1,0.1032,3263.75,1707.04,4222.4,2318.46
Copy of IMG00131.JPG,conductor,1,0.0958,1.11,5152.5,631.05,5644.06
Copy of IMG00131.JPG,conductor,1,0.0934,482.57,3279.16,1531.05,3807.33
Copy of IMG00131.JPG,conductor,1,0.0909,252.16,4406.87,1424.02,5179.33
Copy of IMG00131.JPG,conductor,1,0.0872,59.39,3557.07,859.88,4034.01
Copy of IMG00131.JPG,conductor,1,0.0853,2126.6,2924.32,3040.41,3721.77
Copy of IMG00131.JPG,conductor,1,0.0843,1.29,5635.25,266.24,6256.38
Copy of IMG00131.JPG,conductor,1,0.0796,462.39,2999.96,1955.51,3695.78
Copy of IMG00131.JPG,conductor,1,0.0791,1.73,3907.86,318.41,4546.24
Copy of IMG00131.JPG,conductor,1,0.0766,2.83,3695.76,758.77,4462.47
Copy of IMG00131.JPG,conductor,1,0.0742,0.0,4015.03,395.13,4612.62
Copy of IMG00131.JPG,conductor,1,0.0734,3.07,5009.0,742.31,5592.06
Copy of IMG00131.JPG,conductor,1,0.0717,3.99,4843.05,877.77,5518.65
Copy of IMG00131.JPG,conductor,1,0.07,1292.68,3667.56,2282.31,4445.1
Copy of IMG00131.JPG,conductor,1,0.0681,2.75,5413.59,428.83,6073.05
Copy of IMG00131.JPG,conductor,1,0.0576,0.0,5717.2,197.79,6282.69
Copy of IMG00131.JPG,conductor,1,0.0563,4488.35,343.24,5007.0,846.89
Copy of IMG00131.JPG,conductor,1,0.0521,1467.7,3549.18,2468.49,4167.6
Copy of IMG00131.JPG,conductor,1,0.0516,3141.71,1827.52,3969.74,2544.6
Copy of IMG00131.JPG,pylon,0,0.0501,4683.38,2261.05,5238.11,5884.94
Copy of IMG00045.JPG,insulator,2,0.8328,3694.89,2250.2,4168.46,2763.19
Copy of IMG00045.JPG,pylon,0,0.8324,4243.68,3496.89,4840.16,6279.85
Copy of IMG00045.JPG,insulator,2,0.809,4106.81,2942.29,4494.77,3317.08
Copy of IMG00045.JPG,insulator,2,0.7442,5048.77,2562.14,5435.67,2972.42
Copy of IMG00045.JPG,conductor,1,0.7216,5262.17,3461.88,6879.21,6008.07
Copy of IMG00045.JPG,insulator,2,0.6695,4386.33,2552.48,4693.24,2849.02
Copy of IMG00045.JPG,insulator,2,0.6395,5031.5,2707.47,5386.09,2978.83
Copy of IMG00045.JPG,insulator,2,0.6052,3786.98,3240.9,4182.55,3538.27
Copy of IMG00045.JPG,conductor,1,0.5375,4543.23,85.07,5559.17,1477.12
Copy of IMG00045.JPG,insulator,2,0.413,4544.48,2826.55,4852.61,3090.19
Copy of IMG00045.JPG,insulator,2,0.3856,4510.49,2337.79,4796.9,2605.29
Copy of IMG00045.JPG,insulator,2,0.3544,4442.95,2374.84,4783.46,2794.04
Copy of IMG00045.JPG,insulator,2,0.2756,5085.19,2527.93,5475.54,2876.84
Copy of IMG00045.JPG,conductor,1,0.2339,4752.46,3400.03,5110.33,4040.99
Copy of IMG00045.JPG,conductor,1,0.1928,4858.09,1335.31,5386.78,1937.8
Copy of IMG00045.JPG,conductor,1,0.1757,5280.32,5375.56,5926.99,6255.87
Copy of IMG00045.JPG,conductor,1,0.1735,4229.82,1286.59,4807.53,1931.22
Copy of IMG00045.JPG,conductor,1,0.1683,5941.59,5233.12,6933.85,6286.62
Copy of IMG00045.JPG,conductor,1,0.165,5674.79,53.4,6546.31,1770.45
Copy of IMG00045.JPG,conductor,1,0.1468,4613.63,5126.3,5179.24,6272.51
Copy of IMG00045.JPG,conductor,1,0.1456,4834.23,1454.33,5281.16,2014.21
Copy of IMG00045.JPG,insulator,2,0.1291,4402.5,2481.75,4743.88,2761.2
Copy of IMG00045.JPG,conductor,1,0.1151,2.77,3603.14,434.56,4058.46
Copy of IMG00045.JPG,conductor,1,0.1137,5203.12,3071.63,5613.98,3674.94
Copy of IMG00045.JPG,conductor,1,0.1112,4264.71,1205.99,4834.75,1837.3
Copy of IMG00045.JPG,conductor,1,0.1058,5369.18,3506.35,6718.17,5632.24
Copy of IMG00045.JPG,conductor,1,0.1029,4710.42,3303.15,5002.86,3907.63
Copy of IMG00045.JPG,insulator,2,0.1008,4097.13,2963.44,4391.16,3361.13
Copy of IMG00045.JPG,conductor,1,0.0983,5441.78,1390.47,6027.17,2213.44
Copy of IMG00045.JPG,conductor,1,0.0931,4886.9,1178.17,5458.58,1887.28
Copy of IMG00045.JPG,insulator,2,0.0793,4457.16,2427.49,4760.57,2857.25
Copy of IMG00045.JPG,conductor,1,0.0737,5222.81,4945.33,5920.72,6267.44
Copy of IMG00045.JPG,conductor,1,0.0721,4697.4,3273.11,4969.11,3737.55
Copy of IMG00045.JPG,conductor,1,0.07,4974.86,3655.06,5857.48,6189.83
Copy of IMG00045.JPG,conductor,1,0.0699,6021.05,5506.08,6973.15,6309.09
Copy of IMG00045.JPG,conductor,1,0.0659,4337.42,1161.5,4890.11,1780.62
Copy of IMG00045.JPG,conductor,1,0.0638,4170.37,1452.79,4735.64,1991.91
Copy of IMG00045.JPG,conductor,1,0.0635,4122.03,3534.25,4421.31,4065.02
Copy of IMG00045.JPG,conductor,1,0.0578,5452.21,3982.07,6829.87,5700.17
Copy of IMG00045.JPG,insulator,2,0.0574,4746.75,2495.73,5030.43,2763.05
Copy of IMG00045.JPG,conductor,1,0.0573,5379.22,1583.5,5975.95,2345.24
Copy of IMG00045.JPG,insulator,2,0.056,4570.13,2762.46,4921.56,3081.71
Copy of IMG00045.JPG,conductor,1,0.0527,5909.34,27.26,6529.82,1724.09
Copy of IMG00441.JPG,insulator,2,0.8429,4424.64,2408.41,4671.01,2700.73
Copy of IMG00441.JPG,insulator,2,0.8248,3774.22,2437.88,4071.43,2765.46
Copy of IMG00441.JPG,insulator,2,0.5666,4419.29,2335.87,4677.9,2660.09
Copy of IMG00441.JPG,conductor,1,0.5424,2901.78,4708.1,3621.34,6110.42
Copy of IMG00441.JPG,conductor,1,0.5383,4943.02,2940.53,5205.64,3714.49
Copy of IMG00441.JPG,conductor,1,0.4914,3563.72,2887.12,3983.39,3727.84
Copy of IMG00441.JPG,conductor,1,0.4835,3609.07,2867.91,3988.5,3556.81
Copy of IMG00441.JPG,conductor,1,0.46,4108.78,918.36,4583.47,1879.88
Copy of IMG00441.JPG,conductor,1,0.3725,4691.27,1116.9,5009.1,2091.56
Copy of IMG00441.JPG,conductor,1,0.3289,4146.91,1016.04,4519.65,1937.44
Copy of IMG00441.JPG,conductor,1,0.3149,3456.44,3262.03,3899.37,3998.63
Copy of IMG00441.JPG,conductor,1,0.3139,3683.75,5275.26,4119.91,6242.76
Copy of IMG00441.JPG,conductor,1,0.3057,3660.05,5014.26,4193.85,6248.74
Copy of IMG00441.JPG,conductor,1,0.2891,3489.67,2924.49,3921.99,3864.32
Copy of IMG00441.JPG,conductor,1,0.2692,3882.35,4313.89,4322.83,5428.77
Copy of IMG00441.JPG,conductor,1,0.2601,3706.89,4733.89,4306.05,5821.08
Copy of IMG00441.JPG,conductor,1,0.2579,4704.32,1088.93,5050.55,1913.18
Copy of IMG00441.JPG,conductor,1,0.2535,2892.83,5394.35,3458.38,6140.03
Copy of IMG00441.JPG,conductor,1,0.2411,4653.58,1330.89,4964.82,2080.35
Copy of IMG00441.JPG,conductor,1,0.2376,4928.2,2966.02,5167.34,4085.88
Copy of IMG00441.JPG,conductor,1,0.2299,4260.38,3471.17,5028.36,6239.94
Copy of IMG00441.JPG,insulator,2,0.2295,5026.75,2608.97,5305.49,2930.22
Copy of IMG00441.JPG,conductor,1,0.2249,3163.18,3796.45,3759.18,4924.57
Copy of IMG00441.JPG,conductor,1,0.2199,3263.33,3663.85,3816.35,4772.29
Copy of IMG00441.JPG,conductor,1,0.2026,4870.54,3457.34,5174.97,4179.14
Copy of IMG00441.JPG,conductor,1,0.1863,4317.6,2808.63,4664.81,3805.37
Copy of IMG00441.JPG,conductor,1,0.186,5226.14,1078.93,5482.37,2221.92
Copy of IMG00441.JPG,conductor,1,0.1857,5227.78,1559.35,5534.87,2203.17
Copy of IMG00441.JPG,conductor,1,0.183,4645.47,1077.27,5078.98,2042.64
Copy of IMG00441.JPG,conductor,1,0.1818,4873.39,3012.34,5185.57,3790.55
Copy of IMG00441.JPG,conductor,1,0.1817,4982.25,2880.49,5215.39,3567.21
Copy of IMG00441.JPG,conductor,1,0.1767,3635.25,2839.2,4016.38,3403.68
Copy of IMG00441.JPG,conductor,1,0.1747,3692.62,4798.99,4261.84,6165.73
Copy of IMG00441.JPG,conductor,1,0.164,2907.54,4621.13,3663.27,5732.82
Copy of IMG00441.JPG,conductor,1,0.1627,5207.18,1578.81,5465.83,2265.95
Copy of IMG00441.JPG,conductor,1,0.1555,4878.01,3047.72,5140.74,4252.87
Copy of IMG00441.JPG,conductor,1,0.1422,4845.85,3548.91,5151.26,4550.1
Copy of IMG00441.JPG,conductor,1,0.1367,4085.49,967.69,4535.61,2085.04
Copy of IMG00441.JPG,conductor,1,0.1342,4674.14,873.46,5110.01,1954.53
Copy of IMG00441.JPG,conductor,1,0.1328,4367.87,3861.85,5098.26,6208.14
Copy of IMG00441.JPG,conductor,1,0.1307,4644.94,3656.57,5106.63,5015.55
Copy of IMG00441.JPG,conductor,1,0.1299,4887.65,3310.43,5179.7,4094.67
Copy of IMG00441.JPG,conductor,1,0.1184,4305.67,2872.99,4592.06,4520.51
Copy of IMG00441.JPG,conductor,1,0.1184,3769.26,4422.87,4309.69,5643.04
Copy of IMG00441.JPG,conductor,1,0.1179,2927.51,5213.99,3512.59,6123.24
Copy of IMG00441.JPG,conductor,1,0.1137,4341.22,2783.0,4616.48,3503.32
Copy of IMG00441.JPG,conductor,1,0.1136,3430.12,3352.89,3883.58,4277.85
Copy of IMG00441.JPG,conductor,1,0.1133,4280.19,2787.33,4622.79,6240.62
Copy of IMG00441.JPG,conductor,1,0.1131,3383.72,3438.71,3833.52,4678.03
Copy of IMG00441.JPG,conductor,1,0.1125,3959.64,4120.23,4341.54,5254.62
Copy of IMG00441.JPG,conductor,1,0.1083,4283.04,2817.28,4584.91,3534.86
Copy of IMG00441.JPG,conductor,1,0.1068,3970.82,3781.96,4403.18,5019.76
Copy of IMG00441.JPG,conductor,1,0.1013,4335.56,2797.74,4647.31,4213.64
Copy of IMG00441.JPG,conductor,1,0.0995,3435.58,3066.52,3911.19,4123.94
Copy of IMG00441.JPG,conductor,1,0.0982,5208.12,1036.34,5605.97,2245.84
Copy of IMG00441.JPG,conductor,1,0.098,2580.66,1784.85,3053.13,2307.55
Copy of IMG00441.JPG,conductor,1,0.0951,4057.51,1098.48,4487.61,1945.77
Copy of IMG00441.JPG,conductor,1,0.0873,4255.63,2790.88,4504.23,3461.71
Copy of IMG00441.JPG,conductor,1,0.0869,85.69,4895.97,565.32,5332.85
Copy of IMG00441.JPG,conductor,1,0.0852,4757.54,3623.11,5137.15,4777.08
Copy of IMG00441.JPG,conductor,1,0.0827,4532.85,4109.71,5045.97,5512.09
Copy of IMG00441.JPG,conductor,1,0.0777,4020.2,3784.95,4421.16,4700.26
Copy of IMG00441.JPG,conductor,1,0.0762,4131.44,2979.63,4483.97,4762.24
Copy of IMG00441.JPG,conductor,1,0.0742,3018.52,4004.88,3707.27,5214.08
Copy of IMG00441.JPG,conductor,1,0.0631,2413.34,2137.92,2859.29,2638.93
Copy of IMG00441.JPG,conductor,1,0.0629,4255.3,3011.07,4545.61,4611.66
Copy of IMG00441.JPG,conductor,1,0.0624,4695.74,991.88,5086.04,1787.34
Copy of IMG00441.JPG,conductor,1,0.0616,4728.36,715.28,5182.21,1772.91
Copy of IMG00441.JPG,conductor,1,0.0616,4829.42,2926.09,5145.33,3633.38
Copy of IMG00441.JPG,conductor,1,0.0604,4689.88,2953.61,4958.93,3659.82
Copy of IMG00441.JPG,conductor,1,0.0602,4788.65,2887.32,5060.6,3542.94
Copy of IMG00441.JPG,conductor,1,0.0554,4576.39,3867.02,5054.83,5242.0
Copy of IMG00441.JPG,conductor,1,0.0539,1012.04,5675.82,1418.83,6236.12
Copy of IMG00441.JPG,conductor,1,0.053,4024.61,3432.71,4465.82,4865.22
Copy of IMG00441.JPG,conductor,1,0.0514,4508.0,4273.8,4913.46,6231.33
Copy of IMG00441.JPG,conductor,1,0.0507,4437.57,4789.94,4905.96,6229.72
Copy of IMG00441.JPG,conductor,1,0.0505,2532.63,1771.18,3031.21,2460.22
Copy of IMG03513.JPG,pylon,0,0.8378,4013.02,4407.65,4713.49,6281.0
Copy of IMG03513.JPG,insulator,2,0.7626,4032.79,3943.52,4415.63,4406.11
Copy of IMG03513.JPG,conductor,1,0.7475,4633.34,3311.8,8651.48,4122.77
Copy of IMG03513.JPG,conductor,1,0.7322,5027.36,2437.83,9334.22,2903.05
Copy of IMG03513.JPG,conductor,1,0.6371,8457.47,2899.6,9504.0,3676.67
Copy of IMG03513.JPG,insulator,2,0.6347,4118.88,2973.62,4514.67,3341.97
Copy of IMG03513.JPG,insulator,2,0.4955,4052.12,1745.83,4492.69,2211.04
Copy of IMG03513.JPG,conductor,1,0.3836,4609.47,2491.47,8741.19,2952.89
Copy of IMG03513.JPG,conductor,1,0.371,4930.37,3348.0,8619.92,3963.1
Copy of IMG03513.JPG,conductor,1,0.2611,1.94,3279.88,812.38,3745.54
Copy of IMG03513.JPG,conductor,1,0.2292,1326.09,3637.19,3816.46,3971.49
Copy of IMG03513.JPG,conductor,1,0.2066,1578.04,2639.76,4094.75,3170.92
Copy of IMG03513.JPG,conductor,1,0.1824,4582.21,2502.87,9094.1,3169.09
Copy of IMG03513.JPG,conductor,1,0.1794,4604.9,1510.33,8610.18,1937.61
Copy of IMG03513.JPG,conductor,1,0.1405,4733.13,1379.1,9504.0,1941.52
Copy of IMG03513.JPG,conductor,1,0.1314,8511.3,3211.47,9495.82,3617.35
Copy of IMG03513.JPG,conductor,1,0.13,4511.32,1440.95,9348.78,1862.81
Copy of IMG03513.JPG,conductor,1,0.1289,4563.77,3550.66,8734.58,4137.63
Copy of IMG03513.JPG,conductor,1,0.1098,4695.72,2379.92,9399.41,3025.09
Copy of IMG03513.JPG,conductor,1,0.1022,1.47,3851.64,554.92,4344.92
Copy of IMG03513.JPG,conductor,1,0.1018,6265.85,2247.34,9498.63,2689.48
Copy of IMG03513.JPG,conductor,1,0.0991,8493.29,2216.35,9504.0,2649.14
Copy of IMG03513.JPG,conductor,1,0.0986,1026.83,3571.68,3773.31,4238.4
Copy of IMG03513.JPG,conductor,1,0.0966,8919.27,2279.58,9501.97,2586.28
Copy of IMG03513.JPG,conductor,1,0.0892,5.46,3317.48,1057.33,3764.37
Copy of IMG03513.JPG,conductor,1,0.0838,1372.64,3679.64,3809.95,4104.67
Copy of IMG03513.JPG,conductor,1,0.0827,6429.92,1291.19,9504.0,1701.61
Copy of IMG03513.JPG,conductor,1,0.0823,8934.94,2123.91,9503.81,2593.53
Copy of IMG03513.JPG,conductor,1,0.0818,5039.95,2371.47,9504.0,2806.83
Copy of IMG03513.JPG,conductor,1,0.0769,1058.5,3583.35,3797.71,3915.17
Copy of IMG03513.JPG,conductor,1,0.0689,967.72,2640.81,4215.53,3101.09
Copy of IMG03513.JPG,insulator,2,0.0672,3983.27,3912.53,4346.65,4461.71
Copy of IMG03513.JPG,conductor,1,0.059,2473.9,1593.37,3815.24,2186.6
Copy of IMG03513.JPG,conductor,1,0.0578,9064.44,2321.07,9504.0,2603.12
Copy of IMG03513.JPG,conductor,1,0.0534,8375.4,3281.4,9380.4,3603.8
Copy of IMG03513.JPG,conductor,1,0.0522,0.29,3042.78,743.76,3710.67
Copy of IMG00361.JPG,conductor,1,0.0811,679.65,5376.55,1296.74,6219.24
Copy of IMG00361.JPG,conductor,1,0.0703,984.16,2373.75,2864.19,4136.64
Copy of IMG03528.JPG,conductor,1,0.7299,6998.14,4407.44,8526.7,5075.32
Copy of IMG03528.JPG,insulator,2,0.6244,3297.19,2545.75,3575.08,2879.23
Copy of IMG03528.JPG,conductor,1,0.5831,1611.62,1931.22,2880.86,2422.21
Copy of IMG03528.JPG,insulator,2,0.4982,3369.05,3330.16,3674.53,3655.71
Copy of IMG03528.JPG,conductor,1,0.4747,5474.67,3562.91,6808.38,4245.83
Copy of IMG03528.JPG,conductor,1,0.4552,5435.17,4478.23,6648.76,5189.54
Copy of IMG03528.JPG,pylon,0,0.4383,3541.71,3160.3,4018.2,5004.65
Copy of IMG03528.JPG,conductor,1,0.4005,4523.31,3135.64,5740.28,3683.78
Copy of IMG03528.JPG,conductor,1,0.3432,564.6,1594.58,1691.3,2040.04
Copy of IMG03528.JPG,insulator,2,0.2695,3341.89,2920.83,3612.42,3254.93
Copy of IMG03528.JPG,conductor,1,0.2343,5766.39,4588.23,6838.66,5260.55
Copy of IMG03528.JPG,insulator,2,0.2265,9201.06,1306.61,9436.53,1537.44
Copy of IMG03528.JPG,conductor,1,0.2173,4554.44,4005.23,5561.95,4618.85
Copy of IMG03528.JPG,conductor,1,0.2041,5549.05,3642.32,7006.72,4342.29
Copy of IMG03528.JPG,insulator,2,0.1994,9120.12,1335.49,9331.85,1560.01
Copy of IMG03528.JPG,conductor,1,0.1903,4715.92,3722.28,5477.41,4137.37
Copy of IMG03528.JPG,insulator,2,0.1614,8865.39,1219.36,9111.98,1434.59
Copy of IMG03528.JPG,conductor,1,0.1441,5361.58,3537.63,6654.57,4121.75
Copy of IMG03528.JPG,insulator,2,0.1438,9108.01,1326.76,9380.23,1595.25
Copy of IMG03528.JPG,pylon,0,0.14,3452.23,3321.16,4055.51,6284.23
Copy of IMG03528.JPG,conductor,1,0.1354,370.11,1516.86,1670.34,1991.0
Copy of IMG03528.JPG,conductor,1,0.1316,0.53,1885.78,758.86,2423.3
Copy of IMG03528.JPG,conductor,1,0.1296,5307.83,4382.83,6472.0,5112.93
Copy of IMG03528.JPG,conductor,1,0.1276,8159.8,5049.31,9501.28,5708.9
Copy of IMG03528.JPG,conductor,1,0.1184,5671.69,3703.58,6856.0,4273.66
Copy of IMG03528.JPG,conductor,1,0.1168,6397.29,4063.96,7599.26,4686.67
Copy of IMG03528.JPG,conductor,1,0.1095,5512.02,4063.83,6205.31,4466.93
Copy of IMG03528.JPG,conductor,1,0.1029,8132.77,5123.49,9499.92,6200.68
Copy of IMG03528.JPG,conductor,1,0.1014,8271.81,5116.25,9503.2,5847.41
Copy of IMG03528.JPG,conductor,1,0.1002,834.32,1648.04,1644.88,2020.56
Copy of IMG03528.JPG,conductor,1,0.0991,339.93,1512.76,1019.16,1778.07
Copy of IMG03528.JPG,conductor,1,0.0981,6781.58,4330.4,8402.18,5028.38
Copy of IMG03528.JPG,conductor,1,0.0973,0.73,1300.7,986.7,1749.73
Copy of IMG03528.JPG,conductor,1,0.0966,150.0,1473.8,1536.97,1926.9
Copy of IMG03528.JPG,conductor,1,0.0946,1.61,1929.16,978.88,2465.12
Copy of IMG03528.JPG,conductor,1,0.0937,4497.38,3909.08,5457.31,4559.96
Copy of IMG03528.JPG,conductor,1,0.0908,5292.85,3479.91,6479.48,4067.97
Copy of IMG03528.JPG,insulator,2,0.0902,9365.18,821.16,9504.0,1254.07
Copy of IMG03528.JPG,conductor,1,0.0899,0.31,1843.52,607.82,2275.77
Copy of IMG03528.JPG,conductor,1,0.0891,5730.65,3738.0,7126.84,4397.0
Copy of IMG03528.JPG,conductor,1,0.0867,6184.21,3948.43,7550.8,4637.08
Copy of IMG03528.JPG,conductor,1,0.0853,6984.82,5104.52,8244.42,6156.26
Copy of IMG03528.JPG,conductor,1,0.0807,1635.03,1929.18,2732.93,2320.5
Copy of IMG03528.JPG,conductor,1,0.0786,7076.42,4404.7,8301.22,4984.39
Copy of IMG03528.JPG,conductor,1,0.0756,1855.83,2012.41,2783.91,2357.23
Copy of IMG03528.JPG,insulator,2,0.0752,9354.37,1308.24,9497.85,1549.58
Copy of IMG03528.JPG,conductor,1,0.0745,8.06,1364.48,816.91,1647.62
Copy of IMG03528.JPG,insulator,2,0.0723,9235.45,1285.93,9458.63,1525.46
Copy of IMG03528.JPG,conductor,1,0.0712,5974.43,3831.41,7381.39,4534.83
Copy of IMG03528.JPG,conductor,1,0.067,5.74,1378.17,1106.22,1783.32
Copy of IMG03528.JPG,insulator,2,0.0658,9166.54,1321.04,9454.01,1615.29
Copy of IMG03528.JPG,conductor,1,0.0653,4989.56,3820.35,5741.87,4242.14
Copy of IMG03528.JPG,conductor,1,0.0636,4789.07,4104.34,5668.76,4712.1
Copy of IMG03528.JPG,conductor,1,0.0633,5631.16,4585.97,6686.26,5195.24
Copy of IMG03528.JPG,conductor,1,0.0629,184.45,1433.29,992.58,1737.02
Copy of IMG03528.JPG,conductor,1,0.0628,376.78,1526.99,1174.99,1837.55
Copy of IMG03528.JPG,insulator,2,0.0615,9374.93,1423.09,9503.81,1693.85
Copy of IMG03528.JPG,conductor,1,0.0566,2119.75,2107.13,3056.93,2455.7
Copy of IMG03528.JPG,conductor,1,0.0563,5958.98,4657.46,6905.49,5291.51
Copy of IMG03528.JPG,insulator,2,0.056,3379.65,2536.02,3653.45,2902.77
Copy of IMG03528.JPG,insulator,2,0.0555,9381.22,1203.29,9498.31,1411.1
Copy of IMG03528.JPG,conductor,1,0.0544,4765.28,3769.94,5571.54,4214.29
Copy of IMG03528.JPG,conductor,1,0.0543,1576.13,1915.25,2520.06,2220.77
Copy of IMG03528.JPG,conductor,1,0.0541,5291.81,4348.39,6194.31,4960.82
Copy of IMG03528.JPG,conductor,1,0.052,6604.31,4099.47,7789.9,4747.42
Copy of IMG03528.JPG,conductor,1,0.0515,4947.12,3299.61,5921.76,3764.25
Copy of IMG00187.JPG,conductor,1,0.4081,0.0,3416.49,3902.67,4221.43
Copy of IMG00187.JPG,pylon,0,0.2437,4280.67,3134.31,4711.82,5576.77
Copy of IMG00187.JPG,conductor,1,0.1069,4853.05,69.82,6144.07,675.42
Copy of IMG00187.JPG,conductor,1,0.0906,0.94,2178.04,372.37,2893.04
Copy of IMG00187.JPG,conductor,1,0.0765,3837.82,2047.39,8173.4,2761.23
Copy of IMG00187.JPG,conductor,1,0.0702,4369.15,2138.46,7529.38,3111.42
Copy of IMG00187.JPG,conductor,1,0.0633,2314.47,2248.63,9504.0,3388.5
Copy of IMG00187.JPG,conductor,1,0.0617,0.0,3368.27,4333.31,4086.96
Copy of IMG00187.JPG,conductor,1,0.0602,0.0,3309.63,4106.37,3936.24
Copy of IMG00187.JPG,conductor,1,0.0585,0.83,2251.56,484.09,2913.95
Copy of IMG00187.JPG,conductor,1,0.0563,4262.06,1291.18,8477.6,1913.74
Copy of IMG00187.JPG,conductor,1,0.0542,2800.03,2026.47,8191.52,2658.85
Copy of IMG00187.JPG,conductor,1,0.0522,4881.82,248.04,6076.29,734.3
Copy of IMG03426.JPG,pylon,0,0.8615,5011.64,4378.65,5558.37,6295.35
Copy of IMG03426.JPG,conductor,1,0.8232,304.66,4382.25,4584.91,5368.17
Copy of IMG03426.JPG,insulator,2,0.7651,5573.82,3918.97,5907.21,4324.8
Copy of IMG03426.JPG,insulator,2,0.7371,4703.83,3060.87,5016.09,3408.08
Copy of IMG03426.JPG,conductor,1,0.6169,6692.31,3215.11,9504.0,3619.86
Copy of IMG03426.JPG,conductor,1,0.5275,3429.64,3246.28,4664.16,3693.47
Copy of IMG03426.JPG,conductor,1,0.4507,97.86,3611.84,2813.91,4190.12
Copy of IMG03426.JPG,conductor,1,0.3423,54.85,3678.14,4440.83,4296.83
Copy of IMG03426.JPG,conductor,1,0.2949,6059.12,3983.63,7890.38,4511.43
Copy of IMG03426.JPG,insulator,2,0.2398,5130.47,3174.93,5370.44,3434.59
Copy of IMG03426.JPG,conductor,1,0.2173,6051.24,3977.62,9165.88,4527.87
Copy of IMG03426.JPG,conductor,1,0.2008,1483.78,5261.14,1922.06,6287.72
Copy of IMG03426.JPG,conductor,1,0.1687,1.1,4763.78,1350.02,5827.17
Copy of IMG03426.JPG,conductor,1,0.1576,5719.78,3201.59,7248.46,3599.97
Copy of IMG03426.JPG,conductor,1,0.154,1027.0,4391.32,4218.01,5274.79
Copy of IMG03426.JPG,insulator,2,0.1392,8347.15,4372.22,8592.83,4563.06
Copy of IMG03426.JPG,conductor,1,0.1172,211.96,3516.28,3877.47,4188.1
Copy of IMG03426.JPG,conductor,1,0.1068,986.35,4197.37,4650.55,5238.18
Copy of IMG03426.JPG,conductor,1,0.0975,5805.65,3195.06,9504.0,3600.28
Copy of IMG03426.JPG,conductor,1,0.0864,4438.88,4817.31,4942.81,6291.29
Copy of IMG03426.JPG,conductor,1,0.0853,5684.18,4800.19,6640.24,6294.31
Copy of IMG03426.JPG,conductor,1,0.059,3519.54,3367.87,4740.32,3819.85
Copy of IMG03426.JPG,conductor,1,0.0577,3609.48,3381.37,4818.54,3739.12
Copy of IMG03426.JPG,conductor,1,0.0577,5742.98,3229.27,6927.4,3563.29
Copy of IMG03426.JPG,conductor,1,0.0523,2288.25,3369.39,3919.52,3832.21
Copy of IMG03426.JPG,insulator,2,0.0501,7829.1,4421.93,8115.68,4631.23
Copy of IMG00157.JPG,conductor,1,0.6741,3813.59,5294.26,4390.32,6170.95
Copy of IMG00157.JPG,conductor,1,0.3875,2695.78,5149.4,3536.65,6194.35
Copy of IMG00157.JPG,conductor,1,0.2711,7034.92,5239.83,7687.96,6235.17
Copy of IMG00157.JPG,conductor,1,0.1285,5661.27,2487.39,6080.64,2977.16
Copy of IMG00157.JPG,conductor,1,0.1214,4530.23,4249.46,5054.32,4767.76
Copy of IMG00157.JPG,conductor,1,0.1125,5102.84,3250.82,5664.4,3837.64
Copy of IMG00157.JPG,conductor,1,0.1103,1533.43,1098.9,2014.24,1288.71
Copy of IMG00157.JPG,conductor,1,0.1099,3775.75,5450.86,4311.06,6146.02
Copy of IMG00157.JPG,conductor,1,0.0925,1531.91,1210.25,2020.69,1388.44
Copy of IMG00157.JPG,conductor,1,0.0862,1545.84,1020.82,1997.21,1201.93
Copy of IMG00157.JPG,conductor,1,0.0818,5925.34,1879.03,6456.88,2526.54
Copy of IMG00157.JPG,conductor,1,0.0763,7997.59,5379.81,8493.66,6249.69
Copy of IMG00157.JPG,conductor,1,0.0731,5588.58,2606.97,5999.94,3054.02
Copy of IMG00157.JPG,conductor,1,0.0727,5609.22,2537.92,6042.57,3016.76
Copy of IMG00157.JPG,conductor,1,0.0701,4838.61,5174.09,5435.53,6192.75
Copy of IMG00157.JPG,conductor,1,0.0694,4473.37,4259.82,5076.8,4934.32
Copy of IMG00157.JPG,conductor,1,0.0692,5126.65,2291.23,5613.08,2636.83
Copy of IMG00157.JPG,conductor,1,0.0686,4445.09,4348.68,5008.29,5020.23
Copy of IMG00157.JPG,conductor,1,0.0666,3760.5,5551.89,4228.66,6229.06
Copy of IMG00157.JPG,conductor,1,0.0645,5721.28,2336.42,6176.17,2885.5
Copy of IMG00157.JPG,conductor,1,0.062,4833.68,5509.07,5370.55,6196.51
Copy of IMG00157.JPG,conductor,1,0.0601,4861.36,5091.25,5571.07,6113.41
Copy of IMG00157.JPG,conductor,1,0.0595,4429.89,4509.18,4920.17,5007.99
Copy of IMG00157.JPG,conductor,1,0.0586,5343.12,2921.83,5846.61,3462.14
Copy of IMG00157.JPG,conductor,1,0.0567,5870.9,2006.29,6384.35,2612.45
Copy of IMG00157.JPG,conductor,1,0.0553,9150.51,4975.37,9504.0,6231.46
Copy of IMG00157.JPG,conductor,1,0.0536,5697.82,2433.97,6135.41,2930.99
Copy of IMG00157.JPG,conductor,1,0.0516,5407.29,2866.23,5864.31,3374.58
Copy of IMG03522.JPG,insulator,2,0.7078,5107.25,718.09,5473.38,1131.26
Copy of IMG03522.JPG,insulator,2,0.5083,5188.75,1554.92,5479.24,1932.27
Copy of IMG03522.JPG,pylon,0,0.3494,3624.33,2496.8,4282.23,6266.57
Copy of IMG03522.JPG,conductor,1,0.2921,5990.13,1017.83,6965.16,1494.46
Copy of IMG03522.JPG,insulator,2,0.256,5126.79,1091.79,5475.33,1526.07
Copy of IMG03522.JPG,pylon,0,0.2483,5303.71,1978.21,6021.74,6051.52
Copy of IMG03522.JPG,conductor,1,0.1646,3802.96,85.0,4193.33,1795.0
Copy of IMG03522.JPG,insulator,2,0.1058,3597.18,1873.11,4177.7,2423.65
Copy of IMG03522.JPG,conductor,1,0.1031,0.05,1658.1,932.95,2109.45
Copy of IMG03522.JPG,conductor,1,0.0873,2054.16,693.48,2853.88,989.69
Copy of IMG03522.JPG,pylon,0,0.0785,2479.0,3658.76,3376.51,6250.6
Copy of IMG03522.JPG,pylon,0,0.072,5395.06,1994.19,5991.16,4032.88
Copy of IMG03522.JPG,conductor,1,0.0592,0.0,1615.6,756.98,2172.93
Copy of IMG03522.JPG,insulator,2,0.0592,5496.58,1462.18,5661.62,1632.82
Copy of IMG03522.JPG,conductor,1,0.0587,2504.1,3274.46,3379.41,6265.24
Copy of IMG03522.JPG,conductor,1,0.0583,9132.04,2007.49,9504.0,2366.96
Copy of IMG03522.JPG,conductor,1,0.0543,2057.0,722.76,2885.61,1071.74
Copy of IMG03532.JPG,pylon,0,0.6304,4983.25,4180.71,5555.9,6291.57
Copy of IMG03532.JPG,insulator,2,0.5626,4910.24,3714.11,5210.13,4110.19
Copy of IMG03532.JPG,conductor,1,0.5005,2023.19,5042.37,3304.0,5633.97
Copy of IMG03532.JPG,insulator,2,0.4799,4980.67,3302.48,5310.99,3676.45
Copy of IMG03532.JPG,insulator,2,0.3945,4933.56,2954.9,5309.75,3297.11
Copy of IMG03532.JPG,insulator,2,0.1464,6998.48,2911.24,7428.7,3315.24
Copy of IMG03532.JPG,pylon_fissure,3,0.0916,5154.54,5000.23,5338.85,6295.2
Copy of IMG03532.JPG,conductor,1,0.0766,6057.7,3435.22,6901.04,3850.24
Copy of IMG03532.JPG,pylon_fissure,3,0.0717,5148.38,4357.3,5345.37,6265.03
Copy of IMG03532.JPG,insulator,2,0.0679,6592.23,2629.93,6830.93,2870.51
Copy of IMG03532.JPG,insulator,2,0.0563,1287.05,2957.87,1586.44,3264.09
Copy of IMG00193.JPG,insulator,2,0.7255,4500.45,2921.36,4848.0,3251.94
Copy of IMG00193.JPG,insulator,2,0.6455,3963.73,2936.12,4308.34,3263.68
Copy of IMG00193.JPG,insulator,2,0.5504,5044.44,2956.25,5374.97,3304.88
Copy of IMG00193.JPG,conductor,1,0.5485,3599.72,4361.87,4369.98,6248.9
Copy of IMG00193.JPG,pylon,0,0.4208,4392.81,4322.82,4779.38,6249.08
Copy of IMG00193.JPG,conductor,1,0.2421,4400.56,4317.29,4782.44,6267.88
Copy of IMG00193.JPG,pylon,0,0.2381,9264.19,3741.0,9500.12,5361.47
Copy of IMG00193.JPG,conductor,1,0.2218,3575.99,5015.58,4426.93,6237.2
Copy of IMG00193.JPG,conductor,1,0.183,9039.47,2524.12,9456.92,2830.29
Copy of IMG00193.JPG,conductor,1,0.1614,8511.63,2927.51,8955.66,3175.76
Copy of IMG00193.JPG,insulator,2,0.157,4641.45,3862.0,4902.28,4129.82
Copy of IMG00193.JPG,conductor,1,0.1462,7493.4,3061.34,8208.82,3452.91
Copy of IMG00193.JPG,conductor,1,0.1441,8847.29,3120.92,9317.64,3509.89
Copy of IMG00193.JPG,conductor,1,0.125,3523.84,5532.14,4120.83,6255.75
Copy of IMG00193.JPG,conductor,1,0.1193,8971.96,2535.31,9429.55,2894.23
Copy of IMG00193.JPG,conductor,1,0.1075,8071.65,2364.3,8490.43,2653.67
Copy of IMG00193.JPG,conductor,1,0.0893,8340.14,2260.25,8848.18,2549.67
Copy of IMG00193.JPG,conductor,1,0.0846,3568.0,5320.14,4349.11,6236.08
Copy of IMG00193.JPG,conductor,1,0.0829,8221.1,2626.33,8781.47,2895.0
Copy of IMG00193.JPG,conductor,1,0.082,3630.9,4339.51,4290.2,5871.44
Copy of IMG00193.JPG,conductor,1,0.0766,8174.01,2388.16,8588.35,2669.67
Copy of IMG00193.JPG,conductor,1,0.0741,8764.67,3112.56,9248.42,3524.4
Copy of IMG00193.JPG,conductor,1,0.0732,9046.62,2434.14,9485.62,2791.91
Copy of IMG00193.JPG,conductor,1,0.0704,8237.15,2516.41,8778.5,2780.84
Copy of IMG00193.JPG,conductor,1,0.069,8264.2,2367.21,8784.44,2666.83
Copy of IMG00193.JPG,conductor,1,0.0689,7936.54,2224.58,8413.08,2511.66
Copy of IMG00193.JPG,conductor,1,0.0679,7905.87,2163.37,8364.1,2462.92
Copy of IMG00193.JPG,conductor,1,0.0645,7970.6,3000.84,8460.78,3294.94
Copy of IMG00193.JPG,conductor,1,0.0642,9209.87,2187.05,9504.0,2550.27
Copy of IMG00193.JPG,conductor,1,0.064,8357.43,2613.32,9007.21,2885.27
Copy of IMG00193.JPG,conductor,1,0.0633,8563.38,2618.62,9065.23,2886.53
Copy of IMG00193.JPG,conductor,1,0.0631,4030.35,4326.55,4744.47,6245.97
Copy of IMG00193.JPG,insulator,2,0.0624,4285.05,3788.1,4590.9,4168.17
Copy of IMG00193.JPG,conductor,1,0.0622,7989.25,2266.3,8453.16,2564.78
Copy of IMG00193.JPG,conductor,1,0.0606,8789.25,3072.98,9229.15,3445.09
Copy of IMG00193.JPG,conductor,1,0.0601,8919.16,2596.39,9394.94,2953.17
Copy of IMG00193.JPG,conductor,1,0.058,8189.02,2471.03,8710.29,2745.77
Copy of IMG00193.JPG,conductor,1,0.0578,3827.98,4981.73,4472.0,6200.13
Copy of IMG00193.JPG,conductor,1,0.0577,8197.46,2659.31,8733.47,2944.12
Copy of IMG00193.JPG,conductor,1,0.057,7968.39,2317.68,8462.77,2614.75
Copy of IMG00193.JPG,conductor,1,0.0565,8179.46,2772.54,8747.78,3170.31
Copy of IMG00193.JPG,conductor,1,0.0555,8427.29,2979.33,8746.13,3217.31
Copy of IMG00193.JPG,pylon,0,0.0533,9176.67,3646.61,9504.0,5424.79
Copy of IMG00193.JPG,conductor,1,0.0525,8117.89,2860.5,8485.17,3105.79
Copy of IMG00193.JPG,conductor,1,0.0512,8741.53,2594.25,9282.39,2897.61
Copy of IMG00193.JPG,conductor,1,0.0511,9307.54,2404.65,9501.27,2766.45
Copy of IMG00193.JPG,conductor,1,0.0511,9179.86,2316.8,9504.0,2739.03
Copy of IMG00193.JPG,conductor,1,0.0509,8150.68,2293.67,8592.67,2574.52
Copy of IMG00364.JPG,conductor,1,0.0563,1.08,2713.02,512.93,3964.31
Copy of IMG03432.JPG,insulator,2,0.8739,4520.87,3527.71,4927.8,3983.2
Copy of IMG03432.JPG,pylon,0,0.8015,5042.56,4721.99,5777.28,6294.28
Copy of IMG03432.JPG,conductor,1,0.7687,3340.9,2432.44,4862.87,3002.68
Copy of IMG03432.JPG,insulator,2,0.7553,5988.91,2240.51,6410.58,2693.95
Copy of IMG03432.JPG,conductor,1,0.7366,6010.45,4271.97,9030.62,5521.26
Copy of IMG03432.JPG,insulator,2,0.6977,4317.43,5020.57,4833.81,5412.86
Copy of IMG03432.JPG,conductor,1,0.6593,1029.8,2802.61,4031.01,3708.89
Copy of IMG03432.JPG,insulator,2,0.6566,4796.51,4411.87,5209.15,4730.63
Copy of IMG03432.JPG,pylon,0,0.645,5073.85,3337.02,5779.23,6286.17
Copy of IMG03432.JPG,conductor,1,0.6328,8040.02,3726.87,9500.26,4417.75
Copy of IMG03432.JPG,insulator,2,0.606,5647.51,3791.36,5976.61,4084.58
Copy of IMG03432.JPG,conductor,1,0.5152,6472.34,3204.47,7663.56,3758.81
Copy of IMG03432.JPG,conductor,1,0.4926,7433.56,3459.8,8646.85,4084.69
Copy of IMG03432.JPG,conductor,1,0.4769,1166.68,1940.3,2951.43,2510.87
Copy of IMG03432.JPG,insulator,2,0.4569,5244.01,2577.17,5602.19,2964.18
Copy of IMG03432.JPG,conductor,1,0.4513,6640.78,2652.84,8415.0,3249.25
Copy of IMG03432.JPG,conductor,1,0.4358,8754.08,3281.73,9501.41,3753.05
Copy of IMG03432.JPG,conductor,1,0.4057,8188.32,5005.25,9503.87,5758.28
Copy of IMG03432.JPG,conductor,1,0.3456,877.65,2685.19,2682.12,3497.69
Copy of IMG03432.JPG,conductor,1,0.3423,1573.3,1665.9,3575.21,2088.33
Copy of IMG03432.JPG,conductor,1,0.3412,3.7,1667.78,1357.55,2198.9
Copy of IMG03432.JPG,conductor,1,0.3407,2197.4,3029.79,4199.48,3776.7
Copy of IMG03432.JPG,conductor,1,0.3201,7436.25,3469.87,8902.67,4243.02
Copy of IMG03432.JPG,conductor,1,0.2855,714.04,2588.83,3999.3,3592.77
Copy of IMG03432.JPG,conductor,1,0.2834,92.81,1306.14,1107.66,1598.27
Copy of IMG03432.JPG,conductor,1,0.2564,953.07,3893.49,4318.78,4479.29
Copy of IMG03432.JPG,conductor,1,0.2556,5985.66,4490.22,9504.0,5648.32
Copy of IMG03432.JPG,conductor,1,0.2513,1783.11,1646.52,3131.69,1993.61
Copy of IMG03432.JPG,conductor,1,0.2503,7752.88,2995.95,9219.06,3499.79
Copy of IMG03432.JPG,conductor,1,0.2057,6820.94,4606.71,9504.0,5723.35
Copy of IMG03432.JPG,conductor,1,0.2029,1087.7,1823.72,3224.14,2509.42
Copy of IMG03432.JPG,conductor,1,0.1922,2.06,2343.79,1696.42,3223.83
Copy of IMG03432.JPG,conductor,1,0.185,1266.81,1626.67,3356.92,2065.28
Copy of IMG03432.JPG,conductor,1,0.1776,8249.75,3209.32,9500.48,3727.19
Copy of IMG03432.JPG,conductor,1,0.1772,18.25,1296.37,955.69,1553.91
Copy of IMG03432.JPG,conductor,1,0.1682,7647.72,3644.08,9481.87,4445.6
Copy of IMG03432.JPG,conductor,1,0.1532,7959.53,3068.53,9475.5,3605.94
Copy of IMG03432.JPG,insulator,2,0.1353,5156.17,2715.55,5482.69,3014.21
Copy of IMG03432.JPG,conductor,1,0.133,325.97,1335.52,1151.56,1632.15
Copy of IMG03432.JPG,conductor,1,0.122,1.84,2328.53,1301.2,3125.3
Copy of IMG03432.JPG,conductor,1,0.122,2.99,2310.37,600.58,3014.52
Copy of IMG03432.JPG,conductor,1,0.1171,1145.61,1531.65,1960.53,1807.52
Copy of IMG03432.JPG,conductor,1,0.1163,0.11,2430.29,672.39,2930.23
Copy of IMG03432.JPG,conductor,1,0.1159,2481.17,1758.49,3613.74,2133.91
Copy of IMG03432.JPG,conductor,1,0.1142,1058.58,4418.23,4267.37,4994.83
Copy of IMG03432.JPG,conductor,1,0.1059,1915.5,1712.84,3621.4,2172.15
Copy of IMG03432.JPG,conductor,1,0.1047,7525.26,2883.53,9217.52,3481.48
Copy of IMG03432.JPG,conductor,1,0.1045,4.47,1319.77,643.42,1533.97
Copy of IMG03432.JPG,conductor,1,0.1036,1938.13,1691.91,3473.32,2047.36
Copy of IMG03432.JPG,conductor,1,0.1022,8221.84,3757.39,9484.69,4302.99
Copy of IMG03432.JPG,conductor,1,0.1016,9.06,1340.24,1235.4,1977.41
Copy of IMG03432.JPG,conductor,1,0.1015,1545.56,1595.52,3079.78,1919.79
Copy of IMG03432.JPG,conductor,1,0.0965,3536.07,1953.75,5069.21,2442.16
Copy of IMG03432.JPG,conductor,1,0.0954,6729.54,2649.44,7978.61,3088.66
Copy of IMG03432.JPG,conductor,1,0.0951,7446.09,3514.93,9278.9,4331.39
Copy of IMG03432.JPG,conductor,1,0.092,8558.65,3224.12,9504.0,3649.65
Copy of IMG03432.JPG,conductor,1,0.0875,6513.64,2648.8,8035.37,3196.83
Copy of IMG03432.JPG,conductor,1,0.0873,0.51,2217.61,468.79,2849.99
Copy of IMG03432.JPG,conductor,1,0.0853,7955.03,3005.15,9125.73,3434.91
Copy of IMG03432.JPG,conductor,1,0.0844,3016.14,2344.05,4875.02,2987.73
Copy of IMG03432.JPG,conductor,1,0.0835,1326.5,1599.95,2683.59,1876.56
Copy of IMG03432.JPG,conductor,1,0.0832,3.21,1352.85,1382.92,1764.9
Copy of IMG03432.JPG,conductor,1,0.083,8365.46,3178.52,9449.88,3591.05
Copy of IMG03432.JPG,conductor,1,0.079,2122.46,1726.77,3579.67,2088.36
Copy of IMG03432.JPG,conductor,1,0.0764,7646.27,2960.15,9072.67,3386.19
Copy of IMG03432.JPG,conductor,1,0.0729,3.7,5214.07,4144.83,6336.0
Copy of IMG03432.JPG,conductor,1,0.0728,8657.05,3855.7,9504.0,4420.06
Copy of IMG03432.JPG,conductor,1,0.0718,1031.8,1514.73,1858.83,1778.9
Copy of IMG03432.JPG,conductor,1,0.0704,3220.35,1908.57,4858.28,2353.09
Copy of IMG03432.JPG,insulator,2,0.0698,5533.46,3822.06,5951.46,4095.11
Copy of IMG03432.JPG,conductor,1,0.0688,2.11,2355.55,779.43,3072.96
Copy of IMG03432.JPG,conductor,1,0.0666,0.57,2357.14,510.18,2880.03
Copy of IMG03432.JPG,conductor,1,0.0661,0.0,2454.16,929.73,2933.25
Copy of IMG03432.JPG,conductor,1,0.0652,1312.42,1665.13,3647.82,2397.6
Copy of IMG03432.JPG,conductor,1,0.0641,224.29,2533.57,2578.48,3410.93
Copy of IMG03432.JPG,conductor,1,0.0639,6854.73,2651.71,8715.95,3362.43
Copy of IMG03432.JPG,conductor,1,0.0555,8596.0,5253.26,9503.14,5799.79
Copy of IMG03432.JPG,conductor,1,0.0552,6325.23,4377.38,8634.01,5487.33
Copy of IMG03432.JPG,conductor,1,0.0551,3700.11,2030.34,5262.08,2505.99
Copy of IMG03432.JPG,conductor,1,0.0551,8442.11,5131.37,9503.46,5758.63
Copy of IMG03432.JPG,conductor,1,0.0505,1281.87,1585.56,2213.08,1846.74
Copy of IMG00237.JPG,insulator,2,0.8855,1639.11,3191.1,2114.04,3714.61
Copy of IMG00237.JPG,conductor,1,0.6819,2829.93,4832.98,4100.94,5761.89
Copy of IMG00237.JPG,insulator,2,0.595,6387.07,4818.27,6779.78,5243.28
Copy of IMG00237.JPG,conductor,1,0.4687,7206.64,5508.23,8621.34,6216.23
Copy of IMG00237.JPG,conductor,1,0.4238,7114.99,5384.78,8603.46,6111.95
Copy of IMG00237.JPG,conductor,1,0.4046,7008.17,5252.64,8061.26,5840.27
Copy of IMG00237.JPG,conductor,1,0.4024,4179.08,5584.56,4976.48,6238.56
Copy of IMG00237.JPG,conductor,1,0.2694,7060.14,5292.79,8512.14,5953.89
Copy of IMG00237.JPG,conductor,1,0.2668,6955.77,5200.05,7861.65,5801.97
Copy of IMG00237.JPG,conductor,1,0.227,51.18,2157.31,1214.95,2674.71
Copy of IMG00237.JPG,conductor,1,0.2263,408.78,2188.92,1229.72,2666.31
Copy of IMG00237.JPG,insulator,2,0.2213,460.16,2938.32,943.16,3466.54
Copy of IMG00237.JPG,conductor,1,0.1969,2251.48,3184.66,5575.14,4368.56
Copy of IMG00237.JPG,insulator,2,0.1557,368.34,2945.8,881.77,3599.55
Copy of IMG00237.JPG,conductor,1,0.1467,4.24,2562.42,480.16,2934.18
Copy of IMG00237.JPG,conductor,1,0.134,2494.36,3563.83,5908.15,4710.12
Copy of IMG00237.JPG,insulator,2,0.1216,547.42,2954.02,1047.17,3541.01
Copy of IMG00237.JPG,conductor,1,0.1151,1.58,2464.12,333.88,2910.49
Copy of IMG00237.JPG,conductor,1,0.115,3410.34,3642.74,5899.0,4733.29
Copy of IMG00237.JPG,conductor,1,0.1027,12.15,2038.05,1207.87,2616.02
Copy of IMG00237.JPG,insulator,2,0.0978,5089.85,5977.57,5386.54,6313.93
Copy of IMG00237.JPG,pylon,0,0.0906,5779.95,5418.56,6387.29,6288.16
Copy of IMG00237.JPG,insulator,2,0.0747,466.89,2922.62,1019.88,3633.38
Copy of IMG00237.JPG,insulator,2,0.0742,403.15,2951.36,864.2,3384.86
Copy of IMG00237.JPG,conductor,1,0.0738,6543.79,5751.76,7243.36,6292.24
Copy of IMG00237.JPG,insulator,2,0.0629,5421.37,4959.73,5879.24,5520.75
Copy of IMG00237.JPG,conductor,1,0.0612,3940.02,5535.64,4988.88,6174.6
Copy of IMG00237.JPG,insulator,2,0.057,5855.14,5438.61,6440.39,6258.34
Copy of IMG00237.JPG,conductor,1,0.0546,1.06,1908.12,995.22,2503.04
Copy of IMG00237.JPG,conductor,1,0.0505,6493.85,5675.71,7157.11,6269.8
Copy of IMG00096.JPG,pylon,0,0.7648,4143.38,412.24,4576.4,2529.56
Copy of IMG00096.JPG,conductor,1,0.5908,5254.01,5342.11,5927.3,6269.94
Copy of IMG00096.JPG,conductor,1,0.2205,5244.33,4861.96,5940.5,6255.43
Copy of IMG00096.JPG,conductor,1,0.199,4587.17,1583.47,5046.13,2490.98
Copy of IMG00096.JPG,conductor,1,0.1014,4543.41,4753.47,5123.75,6143.44
Copy of IMG00096.JPG,insulator,2,0.0658,4464.55,372.11,4641.16,595.75
Copy of IMG00096.JPG,conductor,1,0.063,4869.49,1497.08,9489.24,2192.18
Copy of IMG00484.JPG,insulator,2,0.807,4455.72,2728.11,4664.03,2973.57
Copy of IMG00484.JPG,conductor,1,0.6683,3143.59,3332.72,3928.13,4925.48
Copy of IMG00484.JPG,insulator,2,0.601,5102.72,2927.29,5367.26,3168.67
Copy of IMG00484.JPG,insulator,2,0.4902,3766.43,2872.21,3997.57,3103.14
Copy of IMG00484.JPG,conductor,1,0.3795,4704.26,3237.85,5339.46,6250.9
Copy of IMG00484.JPG,conductor,1,0.3107,4842.7,3237.66,5344.04,5877.15
Copy of IMG00484.JPG,conductor,1,0.2402,4926.34,3224.37,5347.03,5358.97
Copy of IMG00484.JPG,conductor,1,0.2377,4644.56,1531.29,5065.81,2246.55
Copy of IMG00484.JPG,pylon,0,0.2188,4193.12,3003.65,4710.17,6232.66
Copy of IMG00484.JPG,conductor,1,0.215,4979.74,3207.67,5342.53,4879.57
Copy of IMG00484.JPG,conductor,1,0.1769,3500.33,3171.27,3921.09,3981.75
Copy of IMG00484.JPG,conductor,1,0.1587,3514.1,3164.24,3924.0,4749.51
Copy of IMG00484.JPG,conductor,1,0.1564,4005.53,1638.38,4435.76,2264.14
Copy of IMG00484.JPG,conductor,1,0.1367,4635.52,1675.03,4954.17,2290.44
Copy of IMG00484.JPG,conductor,1,0.1315,6468.62,3433.47,9012.27,4442.79
Copy of IMG00484.JPG,conductor,1,0.129,3549.09,3107.35,3929.16,3847.71
Copy of IMG00484.JPG,conductor,1,0.127,5970.01,3150.82,9374.0,4576.55
Copy of IMG00484.JPG,conductor,1,0.1253,3599.41,3075.91,3937.0,3737.23
Copy of IMG00484.JPG,conductor,1,0.1079,4935.15,3254.03,5326.37,4394.5
Copy of IMG00484.JPG,conductor,1,0.0912,6352.15,3343.76,8662.92,4288.84
Copy of IMG00484.JPG,conductor,1,0.0858,3434.83,3201.29,3916.96,4167.88
Copy of IMG00484.JPG,conductor,1,0.0842,5020.99,3224.17,5319.78,4178.56
Copy of IMG00484.JPG,conductor,1,0.0842,3591.05,3116.36,3942.6,4088.98
Copy of IMG00484.JPG,conductor,1,0.0713,1.02,853.25,420.96,1149.18
Copy of IMG00484.JPG,conductor,1,0.061,3183.51,3935.37,3871.3,5000.97
Copy of IMG00484.JPG,conductor,1,0.0556,0.0,3729.32,747.15,6243.42
Copy of IMG00484.JPG,conductor,1,0.0528,5055.18,3200.33,5331.41,4470.85
Copy of IMG00484.JPG,conductor,1,0.0525,4761.99,1696.9,5185.82,2252.09
Copy of IMG00484.JPG,conductor,1,0.0505,0.79,804.85,224.19,1139.89
Copy of IMG00099.JPG,pylon,0,0.8899,4537.04,3347.23,5065.3,6272.63
Copy of IMG00099.JPG,insulator,2,0.8696,5296.13,2883.13,5632.57,3294.63
Copy of IMG00099.JPG,conductor,1,0.7836,5099.64,4505.01,5974.64,5542.67
Copy of IMG00099.JPG,insulator,2,0.7693,4679.11,2619.15,5079.86,2978.25
Copy of IMG00099.JPG,insulator,2,0.678,4038.32,3340.12,4371.46,3735.27
Copy of IMG00099.JPG,conductor,1,0.5219,5646.56,5336.12,6505.6,6234.77
Copy of IMG00099.JPG,conductor,1,0.3246,1866.34,874.98,2666.56,1722.63
Copy of IMG00099.JPG,conductor,1,0.3177,3160.58,2380.61,4001.98,3127.68
Copy of IMG00099.JPG,insulator,2,0.2317,4418.91,3134.84,4700.7,3373.22
Copy of IMG00099.JPG,conductor,1,0.1947,7413.42,5350.06,8461.2,6066.13
Copy of IMG00099.JPG,conductor,1,0.1701,2367.48,1437.42,3359.89,2542.8
Copy of IMG00099.JPG,conductor,1,0.166,1099.95,160.32,1975.61,982.59
Copy of IMG00099.JPG,conductor,1,0.1503,1166.37,273.2,2055.08,1032.01
Copy of IMG00099.JPG,conductor,1,0.1366,6545.52,4265.11,7714.43,5249.72
Copy of IMG00099.JPG,conductor,1,0.1334,6631.59,4328.77,7853.88,5395.44
Copy of IMG00099.JPG,conductor,1,0.0987,1907.69,931.34,2858.84,2142.24
Copy of IMG00099.JPG,conductor,1,0.0956,5104.42,4527.86,6279.19,6096.12
Copy of IMG00099.JPG,conductor,1,0.0947,6283.72,4018.01,7553.67,5093.78
Copy of IMG00099.JPG,conductor,1,0.0831,6918.71,4797.84,8122.6,5584.99
Copy of IMG00099.JPG,conductor,1,0.0788,6740.67,4656.81,8063.41,5536.89
Copy of IMG00099.JPG,conductor,1,0.0721,5706.29,3362.53,6346.04,3815.32
Copy of IMG00099.JPG,conductor,1,0.0713,5680.0,3367.82,6418.79,3933.83
Copy of IMG00099.JPG,conductor,1,0.0669,7199.59,4971.31,8304.49,5720.61
Copy of IMG00099.JPG,conductor,1,0.0652,2137.42,1085.29,3149.1,2414.66
Copy of IMG00099.JPG,conductor,1,0.0635,5728.64,3442.25,6791.44,4150.17
Copy of IMG00099.JPG,conductor,1,0.0627,6100.55,3695.11,7360.43,4750.26
Copy of IMG00099.JPG,conductor,1,0.0623,5691.45,3381.07,6595.57,4012.33
Copy of IMG00099.JPG,conductor,1,0.0592,1061.06,120.14,1929.75,801.67
Copy of IMG00099.JPG,conductor,1,0.0587,5424.04,5123.21,6456.89,6196.91
Copy of IMG00099.JPG,insulator,2,0.0583,4593.23,2733.57,4907.23,3072.85
Copy of IMG00099.JPG,conductor,1,0.0565,7640.0,5492.98,8430.49,6057.02
Copy of IMG00099.JPG,conductor,1,0.0563,7312.58,5062.96,8376.66,5995.05
Copy of IMG00099.JPG,conductor,1,0.0558,1027.64,88.23,1730.42,620.89
Copy of IMG00099.JPG,conductor,1,0.0509,6180.96,3786.14,7463.42,5044.33
Copy of IMG00099.JPG,conductor,1,0.0507,5852.74,3572.78,7146.41,4451.24
Copy of IMG00169.JPG,pylon,0,0.7268,4335.0,3545.85,4801.82,6218.67
Copy of IMG00169.JPG,conductor,1,0.2335,3292.1,4101.22,4263.8,4954.15
Copy of IMG00169.JPG,insulator,2,0.1043,4610.14,3315.32,4793.56,3512.51
Copy of IMG00169.JPG,conductor,1,0.0959,8497.12,5628.77,9426.42,6303.25
Copy of IMG00169.JPG,conductor,1,0.0872,747.17,5530.78,1230.92,6278.07
Copy of IMG00169.JPG,conductor,1,0.0741,626.03,4639.01,1362.98,6287.16
Copy of IMG00169.JPG,conductor,1,0.0623,163.27,4664.21,1357.77,6190.69
Copy of IMG00169.JPG,conductor,1,0.0597,678.99,4646.27,1367.62,5826.98
Copy of IMG00169.JPG,conductor,1,0.0571,768.44,4585.35,1378.78,5138.87
Copy of IMG03408.JPG,insulator,2,0.8174,6131.39,1099.87,6350.74,1421.44
Copy of IMG03408.JPG,insulator,2,0.7089,5316.1,1239.53,5590.96,1614.18
Copy of IMG03408.JPG,insulator,2,0.6981,6884.36,1241.3,7139.32,1658.2
Copy of IMG03408.JPG,pylon,0,0.5309,5517.94,1574.44,6385.1,5795.6
Copy of IMG03408.JPG,conductor,1,0.3697,6685.43,1720.25,7044.88,2258.43
Copy of IMG03408.JPG,conductor,1,0.3386,6804.24,1700.96,7104.77,2240.89
Copy of IMG03408.JPG,conductor,1,0.3161,5457.75,13.18,6035.49,988.01
Copy of IMG03408.JPG,conductor,1,0.2877,6246.8,0.0,6658.14,875.56
Copy of IMG03408.JPG,conductor,1,0.2765,6516.12,1781.99,6903.8,2278.48
Copy of IMG03408.JPG,conductor,1,0.2723,4362.75,5243.96,4854.56,6232.33
Copy of IMG03408.JPG,conductor,1,0.2089,6527.54,2955.88,6969.22,6240.78
Copy of IMG03408.JPG,conductor,1,0.1691,4296.87,5327.8,4756.72,6236.33
Copy of IMG03408.JPG,pylon,0,0.1536,5874.98,1602.39,6357.15,5396.13
Copy of IMG03408.JPG,conductor,1,0.1087,4198.84,5485.92,4689.21,6242.45
Copy of IMG03408.JPG,conductor,1,0.1007,6579.89,1724.06,6933.75,2284.62
Copy of IMG03408.JPG,pylon,0,0.0958,5759.73,1549.48,6461.54,5895.52
Copy of IMG03408.JPG,conductor,1,0.0863,5550.66,1642.64,5940.54,2112.91
Copy of IMG03408.JPG,conductor,1,0.0846,5246.95,1684.56,5456.33,2104.36
Copy of IMG03408.JPG,conductor,1,0.0805,6863.17,1668.53,7084.1,2176.56
Copy of IMG03408.JPG,conductor,1,0.0756,7527.81,1652.12,9435.22,2052.99
Copy of IMG03408.JPG,conductor,1,0.0739,5550.97,1789.96,5951.65,2315.37
Copy of IMG03408.JPG,conductor,1,0.0714,6655.18,1675.35,6925.0,2165.5
Copy of IMG03408.JPG,conductor,1,0.0714,6562.29,2391.6,7055.04,5614.77
Copy of IMG03408.JPG,conductor,1,0.0659,4137.66,5573.09,4583.97,6240.22
Copy of IMG03408.JPG,conductor,1,0.0653,4533.07,3506.54,5192.14,4968.73
Copy of IMG03408.JPG,conductor,1,0.0641,5553.58,1623.25,5939.39,1984.97
Copy of IMG03408.JPG,conductor,1,0.0555,6582.64,1624.82,6873.06,2068.47
Copy of IMG03408.JPG,conductor,1,0.0549,6814.99,1732.69,7073.09,2361.0
Copy of IMG03447.JPG,pylon,0,0.6717,3876.58,1448.58,4392.81,4333.45
Copy of IMG03447.JPG,conductor,1,0.6448,6417.71,4820.23,7358.68,5682.91
Copy of IMG03447.JPG,conductor,1,0.6126,7266.44,4089.84,9288.71,5546.22
Copy of IMG03447.JPG,conductor,1,0.4126,16.19,3153.54,3765.97,3808.73
Copy of IMG03447.JPG,conductor,1,0.3301,5571.88,4055.42,6669.94,4808.69
Copy of IMG03447.JPG,conductor,1,0.2921,5318.09,2916.14,7352.79,3874.22
Copy of IMG03447.JPG,conductor,1,0.2669,5961.85,3045.84,7320.47,3888.86
Copy of IMG03447.JPG,conductor,1,0.262,2352.1,1373.45,3569.39,1743.98
Copy of IMG03447.JPG,conductor,1,0.258,7153.88,5546.45,7801.08,6274.32
Copy of IMG03447.JPG,conductor,1,0.1824,7197.39,4105.12,8596.89,4789.43
Copy of IMG03447.JPG,insulator,2,0.1658,4596.17,1368.73,4761.53,1539.76
Copy of IMG03447.JPG,conductor,1,0.1395,5009.59,3035.91,6063.82,4422.09
Copy of IMG03447.JPG,conductor,1,0.1334,4981.49,3126.61,6689.77,4821.64
Copy of IMG03447.JPG,conductor,1,0.1276,7898.39,4711.49,9242.73,5516.16
Copy of IMG03447.JPG,pylon,0,0.1111,3828.36,1426.71,4435.0,4998.73
Copy of IMG03447.JPG,conductor,1,0.1069,4894.79,1391.82,6930.13,1761.83
Copy of IMG03447.JPG,conductor,1,0.1057,7087.15,3890.72,8051.49,4417.32
Copy of IMG03447.JPG,conductor,1,0.1054,5374.56,3919.85,6648.05,4790.5
Copy of IMG03447.JPG,conductor,1,0.1034,4.09,3284.24,3695.28,4045.13
Copy of IMG03447.JPG,conductor,1,0.1011,4978.75,2976.1,7319.24,4515.74
Copy of IMG03447.JPG,conductor,1,0.0985,7259.43,4176.53,8752.82,4886.25
Copy of IMG03447.JPG,conductor,1,0.0939,5348.79,2313.25,6184.88,2739.96
Copy of IMG03447.JPG,conductor,1,0.0906,8729.25,5402.46,9467.29,5990.32
Copy of IMG03447.JPG,insulator,2,0.0872,3890.78,1150.39,4079.05,1340.5
Copy of IMG03447.JPG,conductor,1,0.087,7218.25,5689.56,7897.28,6292.72
Copy of IMG03447.JPG,conductor,1,0.0867,7681.27,4548.32,9163.89,5391.27
Copy of IMG03447.JPG,conductor,1,0.0838,6571.4,4952.84,7401.69,5738.2
Copy of IMG03447.JPG,conductor,1,0.0819,7052.02,3883.61,7736.84,4318.33
Copy of IMG03447.JPG,conductor,1,0.0792,7264.82,4153.13,8519.07,4664.27
Copy of IMG03447.JPG,conductor,1,0.0748,2455.19,1397.65,3507.26,1682.94
Copy of IMG03447.JPG,conductor,1,0.0702,8852.89,5518.49,9482.68,6034.56
Copy of IMG03447.JPG,conductor,1,0.069,8318.23,5614.05,8883.68,6259.55
Copy of IMG03447.JPG,pylon,0,0.0666,3952.12,1454.09,4304.39,4439.84
Copy of IMG03447.JPG,insulator,2,0.0645,4515.7,1359.32,4677.83,1523.65
Copy of IMG03447.JPG,insulator,2,0.0644,3870.33,1158.53,4056.84,1365.67
Copy of IMG03447.JPG,conductor,1,0.0619,4573.89,2581.85,5214.51,3241.11
Copy of IMG03447.JPG,conductor,1,0.0608,8054.48,4892.31,9301.4,5558.05
Copy of IMG03447.JPG,conductor,1,0.0604,7108.84,3930.05,8370.46,4612.15
Copy of IMG03447.JPG,insulator,2,0.0581,3978.63,1138.31,4156.05,1325.09
Copy of IMG03447.JPG,conductor,1,0.0581,1745.43,831.05,2876.32,1285.14
Copy of IMG03447.JPG,conductor,1,0.057,0.0,2954.6,2879.78,3775.49
Copy of IMG03447.JPG,insulator,2,0.0569,3796.76,1186.72,3953.79,1399.17
Copy of IMG03447.JPG,conductor,1,0.0547,5120.22,3124.32,6216.5,4700.72
Copy of IMG03447.JPG,conductor,1,0.0518,7342.05,5855.35,7878.93,6298.27
Copy of IMG03447.JPG,conductor,1,0.0518,4578.51,2610.66,5132.06,3137.67
Copy of IMG03447.JPG,conductor,1,0.05,5275.5,2291.56,5859.24,2600.93
Copy of IMG03392.JPG,pylon,0,0.8027,4066.02,1409.79,4742.41,6307.11
Copy of IMG03392.JPG,insulator,2,0.7815,3563.94,1217.73,3786.91,1467.93
Copy of IMG03392.JPG,insulator,2,0.6976,4937.07,1043.79,5171.09,1300.77
Copy of IMG03392.JPG,conductor,1,0.6928,7961.24,5499.5,9055.57,6282.14
Copy of IMG03392.JPG,conductor,1,0.5932,5880.09,3626.11,7805.29,4995.38
Copy of IMG03392.JPG,conductor,1,0.5127,5709.34,2201.21,6423.4,2794.9
Copy of IMG03392.JPG,conductor,1,0.4354,6417.12,2219.74,7849.33,2949.29
Copy of IMG03392.JPG,conductor,1,0.387,7868.06,3504.89,9504.0,4121.34
Copy of IMG03392.JPG,conductor,1,0.2932,5811.98,1787.85,6856.46,2292.6
Copy of IMG03392.JPG,conductor,1,0.2749,4833.1,2555.19,5878.99,3371.75
Copy of IMG03392.JPG,conductor,1,0.2608,6314.01,2141.81,7702.0,2882.01
Copy of IMG03392.JPG,conductor,1,0.2587,8148.04,4234.74,9500.97,4968.65
Copy of IMG03392.JPG,conductor,1,0.2317,8026.15,3587.46,9504.0,4206.27
Copy of IMG03392.JPG,insulator,2,0.2196,4248.04,921.2,4456.91,1171.93
Copy of IMG03392.JPG,conductor,1,0.2071,6110.86,3975.73,7788.61,4925.28
Copy of IMG03392.JPG,pylon,0,0.1991,4122.0,2560.48,4741.42,6298.27
Copy of IMG03392.JPG,conductor,1,0.1882,5759.84,2269.0,6576.49,2886.65
Copy of IMG03392.JPG,conductor,1,0.175,3636.04,176.69,4186.15,648.74
Copy of IMG03392.JPG,conductor,1,0.1655,4920.7,2613.79,6103.36,3767.45
Copy of IMG03392.JPG,conductor,1,0.1636,4759.02,2482.96,5719.26,3297.29
Copy of IMG03392.JPG,conductor,1,0.1464,5613.77,2155.29,6327.6,2675.25
Copy of IMG03392.JPG,conductor,1,0.1463,6180.04,2104.52,7548.4,2747.01
Copy of IMG03392.JPG,conductor,1,0.1447,5110.72,2835.68,6301.71,4028.02
Copy of IMG03392.JPG,conductor,1,0.1405,2701.51,1041.51,3447.73,1649.46
Copy of IMG03392.JPG,conductor,1,0.1383,5416.46,1515.52,5991.16,1856.75
Copy of IMG03392.JPG,conductor,1,0.1201,5387.9,1463.32,5960.93,1814.21
Copy of IMG03392.JPG,conductor,1,0.1148,5708.41,1717.5,6656.99,2286.97
Copy of IMG03392.JPG,conductor,1,0.1144,4993.25,2786.67,6204.33,3849.68
Copy of IMG03392.JPG,conductor,1,0.1085,5697.31,1684.16,6482.04,2097.94
Copy of IMG03392.JPG,conductor,1,0.1055,8077.73,4101.14,9494.68,4824.33
Copy of IMG03392.JPG,conductor,1,0.1032,2850.9,556.55,3722.4,978.12
Copy of IMG03392.JPG,conductor,1,0.0989,8299.75,4325.9,9504.0,5195.0
Copy of IMG03392.JPG,conductor,1,0.0976,5784.77,3465.07,7471.36,4875.0
Copy of IMG03392.JPG,conductor,1,0.0915,6529.42,2286.31,8086.11,3015.17
Copy of IMG03392.JPG,conductor,1,0.0913,8134.29,5668.55,9126.25,6295.89
Copy of IMG03392.JPG,conductor,1,0.0883,4673.14,2349.99,5181.89,2884.12
Copy of IMG03392.JPG,conductor,1,0.084,5627.01,1657.06,6296.02,2028.45
Copy of IMG03392.JPG,conductor,1,0.0828,7187.47,4775.06,8295.29,5588.97
Copy of IMG03392.JPG,conductor,1,0.0798,6051.07,2001.1,7346.34,2634.41
Copy of IMG03392.JPG,conductor,1,0.0797,3065.98,617.62,3755.66,967.22
Copy of IMG03392.JPG,conductor,1,0.0767,8502.97,3690.18,9499.69,4317.07
Copy of IMG03392.JPG,conductor,1,0.0724,5135.72,1301.45,5571.3,1618.69
Copy of IMG03392.JPG,conductor,1,0.0711,8678.85,3888.75,9502.67,4369.81
Copy of IMG03392.JPG,conductor,1,0.0644,4644.88,2302.49,5035.09,2798.33
Copy of IMG03392.JPG,conductor,1,0.0608,5911.28,2419.24,6707.72,2982.0
Copy of IMG03392.JPG,conductor,1,0.0607,8324.85,5785.81,9142.78,6300.31
Copy of IMG03392.JPG,conductor,1,0.0582,5174.3,1777.08,5748.8,2200.7
Copy of IMG03392.JPG,conductor,1,0.0571,5882.15,2360.37,6617.4,2909.27
Copy of IMG03392.JPG,pylon_fissure,3,0.0561,4310.36,5611.09,4537.22,6294.19
Copy of IMG03392.JPG,conductor,1,0.0559,2786.36,446.54,3679.57,933.11
Copy of IMG03392.JPG,conductor,1,0.0554,5048.29,1705.98,5613.54,2092.72
Copy of IMG03392.JPG,conductor,1,0.055,5576.55,1601.54,6299.9,1961.57
Copy of IMG03392.JPG,conductor,1,0.055,7875.27,3885.23,8976.57,4583.77
Copy of IMG03392.JPG,conductor,1,0.054,5319.28,1955.2,5931.13,2345.17
Copy of IMG03392.JPG,conductor,1,0.0523,5440.05,1557.52,6193.92,1989.86
Copy of IMG03392.JPG,conductor,1,0.0514,5108.49,1751.51,5647.41,2131.06
Copy of IMG03392.JPG,conductor,1,0.0507,5921.99,1864.64,7048.88,2366.1
Copy of IMG03496.JPG,pylon,0,0.851,4732.92,1814.93,5383.97,6225.1
Copy of IMG03496.JPG,insulator,2,0.8403,6008.45,1487.14,6368.59,1795.08
Copy of IMG03496.JPG,insulator,2,0.7491,4363.3,707.02,4740.32,1067.9
Copy of IMG03496.JPG,insulator,2,0.4695,5640.86,1627.64,5906.91,1915.44
Copy of IMG03496.JPG,insulator,2,0.4602,4689.82,454.32,5057.65,874.85
Copy of IMG03496.JPG,insulator,2,0.4547,5314.45,1184.22,5625.71,1464.03
Copy of IMG03496.JPG,insulator,2,0.394,4423.55,1711.16,4718.96,1976.93
Copy of IMG03496.JPG,conductor,1,0.3891,3248.02,2083.98,4315.79,2787.6
Copy of IMG03496.JPG,insulator,2,0.3485,3551.96,1421.05,4076.05,1824.02
Copy of IMG03496.JPG,insulator,2,0.2214,5276.03,1689.01,5516.02,1922.54
Copy of IMG03496.JPG,insulator,2,0.2144,5279.71,732.5,5650.55,1102.01
Copy of IMG03496.JPG,conductor,1,0.176,915.25,3538.53,2085.39,4052.19
Copy of IMG03496.JPG,conductor,1,0.1473,1462.3,2475.67,2445.32,3006.37
Copy of IMG03496.JPG,insulator,2,0.1449,5062.6,961.15,5325.35,1191.89
Copy of IMG03496.JPG,conductor,1,0.1348,3330.05,2749.29,4568.42,3869.35
Copy of IMG03496.JPG,conductor,1,0.1098,2490.28,3329.99,3817.74,4248.51
Copy of IMG03496.JPG,insulator,2,0.1042,5062.83,526.38,5331.27,807.95
Copy of IMG03496.JPG,insulator,2,0.1026,4632.13,574.06,5001.33,926.63
Copy of IMG03496.JPG,conductor,1,0.0873,824.16,3143.33,1410.4,3413.71
Copy of IMG03496.JPG,conductor,1,0.086,1505.74,2546.25,2276.6,2957.49
Copy of IMG03496.JPG,conductor,1,0.0822,829.95,3079.23,1457.71,3445.81
Copy of IMG03496.JPG,conductor,1,0.0787,1021.39,3571.9,1989.75,3928.82
Copy of IMG03496.JPG,insulator,2,0.0681,5575.51,1630.24,5897.16,1993.83
Copy of IMG03496.JPG,conductor,1,0.0676,3.23,5294.74,1053.87,6282.81
Copy of IMG03496.JPG,conductor,1,0.0651,0.62,4437.53,453.1,5295.69
Copy of IMG03496.JPG,pylon_fissure,3,0.0614,4993.3,4854.49,5162.46,6027.08
Copy of IMG03496.JPG,insulator,2,0.058,3634.74,1406.02,4095.28,1735.83
Copy of IMG03496.JPG,insulator,2,0.0561,5024.05,545.48,5327.82,876.57
Copy of IMG03496.JPG,conductor,1,0.0553,876.19,3552.55,2074.83,4271.06
Copy of IMG03496.JPG,conductor,1,0.0544,870.86,2940.62,1664.4,3347.84
Copy of IMG03496.JPG,conductor,1,0.0523,1278.12,2823.75,1920.84,3153.08
Copy of IMG03496.JPG,conductor,1,0.0512,3049.73,2195.51,4110.2,2896.55
Copy of IMG00404.JPG,insulator,2,0.6985,3838.93,4533.4,4088.45,4868.69
Copy of IMG00404.JPG,insulator,2,0.6592,4587.26,4692.98,4797.71,4903.44
Copy of IMG00404.JPG,insulator,2,0.5438,4248.56,4330.93,4511.21,4558.86
Copy of IMG00404.JPG,conductor,1,0.2643,17.45,5388.74,563.25,5922.25
Copy of IMG00404.JPG,conductor,1,0.2407,43.13,4727.95,640.35,5182.26
Copy of IMG00404.JPG,conductor,1,0.2052,9.67,5509.41,485.4,5984.08
Copy of IMG00404.JPG,conductor,1,0.1939,3325.67,5457.96,3859.57,6258.17
Copy of IMG00404.JPG,conductor,1,0.1754,381.64,5164.54,837.98,5579.11
Copy of IMG00404.JPG,conductor,1,0.1487,3870.48,5029.8,4197.28,5495.52
Copy of IMG00404.JPG,conductor,1,0.1427,5161.97,5061.66,5509.02,5381.93
Copy of IMG00404.JPG,conductor,1,0.1351,3576.69,4992.43,3924.53,5438.69
Copy of IMG00404.JPG,conductor,1,0.1343,126.16,4615.61,725.07,5096.49
Copy of IMG00404.JPG,conductor,1,0.1255,4212.29,4836.63,4454.85,5411.5
Copy of IMG00404.JPG,conductor,1,0.1196,4393.4,5111.9,4822.31,5659.45
Copy of IMG00404.JPG,conductor,1,0.1062,5.56,4814.33,550.01,5228.13
Copy of IMG00404.JPG,conductor,1,0.1035,4128.58,5483.46,4376.9,6224.8
Copy of IMG00404.JPG,conductor,1,0.102,3372.28,5397.64,3870.38,6108.44
Copy of IMG00404.JPG,conductor,1,0.1012,10.16,2313.02,2640.83,3995.57
Copy of IMG00404.JPG,conductor,1,0.0969,4048.6,4912.81,4333.79,5475.37
Copy of IMG00404.JPG,conductor,1,0.0897,4216.94,4755.09,4410.51,5231.64
Copy of IMG00404.JPG,conductor,1,0.0896,4173.53,5501.61,4422.26,6201.77
Copy of IMG00404.JPG,conductor,1,0.0894,3634.82,5026.96,4050.01,5495.66
Copy of IMG00404.JPG,conductor,1,0.0844,351.86,5197.71,812.81,5656.87
Copy of IMG00404.JPG,conductor,1,0.0843,7668.21,5247.22,8201.01,6204.82
Copy of IMG00404.JPG,conductor,1,0.0833,4333.02,5157.53,4759.03,5767.66
Copy of IMG00404.JPG,conductor,1,0.0812,4465.11,5074.49,4829.72,5596.9
Copy of IMG00404.JPG,conductor,1,0.079,785.55,4972.44,1316.88,5402.96
Copy of IMG00404.JPG,conductor,1,0.0789,4000.69,4983.91,4307.27,5525.21
Copy of IMG00404.JPG,conductor,1,0.0786,2.4,5556.63,424.8,6118.76
Copy of IMG00404.JPG,conductor,1,0.0772,9165.36,5089.93,9503.8,5698.9
Copy of IMG00404.JPG,conductor,1,0.0735,742.45,4917.8,1254.74,5344.51
Copy of IMG00404.JPG,conductor,1,0.071,5390.54,5280.08,5743.84,5684.68
Copy of IMG00404.JPG,conductor,1,0.0705,1.16,4942.4,246.26,5380.43
Copy of IMG00404.JPG,conductor,1,0.0687,5095.42,4983.38,5488.76,5369.68
Copy of IMG00404.JPG,conductor,1,0.0682,3852.25,5187.38,4187.88,5603.65
Copy of IMG00404.JPG,conductor,1,0.0665,5109.76,5612.33,5436.57,6047.99
Copy of IMG00404.JPG,conductor,1,0.0664,4508.4,5026.67,4814.97,5538.22
Copy of IMG00404.JPG,conductor,1,0.0641,0.81,4915.63,339.64,5343.07
Copy of IMG00404.JPG,conductor,1,0.0639,0.0,2749.21,5313.14,4899.15
Copy of IMG00404.JPG,conductor,1,0.0638,666.23,4947.21,1133.02,5456.77
Copy of IMG00404.JPG,conductor,1,0.0633,7636.89,5492.25,8125.03,6228.78
Copy of IMG00404.JPG,conductor,1,0.0625,3278.22,5585.4,3779.61,6272.83
Copy of IMG00404.JPG,conductor,1,0.0605,3875.84,4978.45,4152.23,5450.48
Copy of IMG00404.JPG,conductor,1,0.0579,3646.12,5184.59,4090.77,5716.05
Copy of IMG00404.JPG,conductor,1,0.0576,80.21,5302.43,650.68,5726.55
Copy of IMG00404.JPG,conductor,1,0.0569,4956.03,4788.88,5352.19,5327.02
Copy of IMG00404.JPG,conductor,1,0.0562,4270.23,4851.4,4526.4,5396.58
Copy of IMG00404.JPG,conductor,1,0.0559,4152.02,4832.56,4392.49,5449.54
Copy of IMG00404.JPG,conductor,1,0.0554,493.51,5079.1,929.54,5586.17
Copy of IMG00404.JPG,conductor,1,0.0538,4287.0,5220.35,4735.99,5982.61
Copy of IMG00404.JPG,conductor,1,0.0535,5188.31,5110.04,5598.47,5457.68
Copy of IMG00404.JPG,conductor,1,0.0532,4850.04,4961.3,5139.09,5322.72
Copy of IMG00404.JPG,conductor,1,0.053,4560.35,5091.05,4894.54,5560.36
Copy of IMG00404.JPG,conductor,1,0.0525,3987.63,4976.3,4243.63,5461.0
Copy of IMG00404.JPG,conductor,1,0.0521,3424.48,5123.2,3909.26,6110.39
Copy of IMG00404.JPG,conductor,1,0.052,4942.66,4688.41,5321.54,5227.3
Copy of IMG00404.JPG,conductor,1,0.0519,4628.06,5041.95,4919.5,5477.67
Copy of IMG00404.JPG,conductor,1,0.0518,5373.67,5352.65,5747.31,5805.28
Copy of IMG00404.JPG,conductor,1,0.0516,4152.1,4839.43,4431.13,6219.77
Copy of IMG00404.JPG,conductor,1,0.0511,5404.85,5197.54,5718.07,5574.84
Copy of IMG00404.JPG,conductor,1,0.0504,9151.89,5175.82,9504.0,5960.73
Copy of IMG00404.JPG,conductor,1,0.0502,4454.38,4974.04,4749.16,5490.72
Copy of IMG03538.JPG,conductor,1,0.6537,2761.92,5106.24,3645.65,6261.75
Copy of IMG03538.JPG,pylon,0,0.6027,4800.25,2296.65,5239.44,4531.82
Copy of IMG03538.JPG,conductor,1,0.2866,3121.63,4380.62,4093.03,5314.92
Copy of IMG03538.JPG,insulator,2,0.2191,5127.95,1754.15,5393.84,2157.77
Copy of IMG03538.JPG,insulator,2,0.209,5124.88,2168.07,5374.36,2501.63
Copy of IMG03538.JPG,insulator,2,0.1657,5120.91,1611.1,5380.57,1926.01
Copy of IMG03538.JPG,conductor,1,0.1307,3205.37,4267.27,4150.37,5153.81
Copy of IMG03538.JPG,conductor,1,0.1163,3038.14,4583.63,3993.45,5382.26
Copy of IMG03538.JPG,conductor,1,0.1063,2937.23,4753.1,3895.73,5446.67
Copy of IMG03538.JPG,conductor,1,0.1006,2869.63,4907.94,3794.22,6102.79
Copy of IMG03538.JPG,conductor,1,0.0957,50.38,887.22,1145.17,1298.09
Copy of IMG03538.JPG,conductor,1,0.0842,3496.36,4192.19,4160.86,4870.7
Copy of IMG03538.JPG,conductor,1,0.0751,441.08,2262.64,1774.57,2710.0
Copy of IMG03538.JPG,conductor,1,0.0748,510.55,2336.11,1942.74,2740.62
Copy of IMG03538.JPG,conductor,1,0.0679,2.69,2912.02,626.17,3332.57
Copy of IMG03538.JPG,conductor,1,0.0673,43.81,954.25,1110.04,1407.26
Copy of IMG03538.JPG,conductor,1,0.0655,4205.01,2789.16,4720.76,3213.33
Copy of IMG03538.JPG,conductor,1,0.0548,3394.4,4282.76,4137.94,4976.83
Copy of IMG03538.JPG,insulator,2,0.0532,5127.53,1610.85,5394.01,2085.86
Copy of IMG03538.JPG,conductor,1,0.0507,3579.39,4060.54,4177.96,4613.4
Copy of IMG00028.JPG,insulator,2,0.5916,4273.83,1395.99,4478.59,1577.2
Copy of IMG00028.JPG,insulator,2,0.3825,4904.65,1132.43,5117.3,1312.01
Copy of IMG00028.JPG,insulator,2,0.3802,5577.32,1398.01,5803.23,1588.2
Copy of IMG00028.JPG,insulator,2,0.3235,4963.93,1395.97,5179.08,1573.54
Copy of IMG00028.JPG,pylon,0,0.263,4776.6,1704.43,5171.09,5325.52
Copy of IMG00028.JPG,insulator,2,0.2581,4276.61,1168.57,4472.02,1353.03
Copy of IMG00028.JPG,insulator,2,0.1641,4267.68,1304.62,4472.98,1509.39
Copy of IMG00028.JPG,pylon,0,0.1111,4820.97,1644.98,5136.59,4583.77
Copy of IMG00028.JPG,pylon,0,0.1092,4731.29,1684.35,5203.02,6096.22
Copy of IMG00028.JPG,conductor,1,0.1075,4312.15,1668.11,4638.07,2863.01
Copy of IMG00028.JPG,conductor,1,0.0927,9022.07,2561.37,9501.24,2842.47
Copy of IMG00028.JPG,conductor,1,0.0912,22.07,1715.41,625.12,1938.81
Copy of IMG00028.JPG,conductor,1,0.0905,9028.84,2460.09,9503.54,2767.46
Copy of IMG00028.JPG,conductor,1,0.0858,9082.28,2353.89,9504.0,2654.22
Copy of IMG00028.JPG,conductor,1,0.0838,0.22,1721.31,593.42,2048.71
Copy of IMG00028.JPG,conductor,1,0.0832,7980.94,1216.1,9019.21,1575.64
Copy of IMG00028.JPG,conductor,1,0.08,82.91,1450.62,603.11,1648.7
Copy of IMG00028.JPG,conductor,1,0.0793,53.11,897.17,573.56,1122.51
Copy of IMG00028.JPG,conductor,1,0.0713,4403.73,1815.74,4645.1,2826.93
Copy of IMG00028.JPG,conductor,1,0.0703,9040.53,2322.38,9501.68,2773.9
Copy of IMG00028.JPG,conductor,1,0.07,14.66,987.53,470.68,1205.99
Copy of IMG00028.JPG,conductor,1,0.0684,112.96,907.0,652.28,1140.69
Copy of IMG00028.JPG,conductor,1,0.0633,219.45,1466.16,650.46,1667.56
Copy of IMG00028.JPG,conductor,1,0.0619,113.97,1585.35,665.7,1800.84
Copy of IMG00028.JPG,conductor,1,0.0613,9137.48,2238.81,9504.0,2534.56
Copy of IMG00028.JPG,insulator,2,0.0612,4891.92,1389.28,5164.45,1560.64
Copy of IMG00028.JPG,conductor,1,0.0577,2.21,1507.89,503.92,1862.34
Copy of IMG00028.JPG,conductor,1,0.056,1393.12,1069.65,1983.75,1298.5
Copy of IMG00028.JPG,conductor,1,0.0558,9097.02,2179.44,9501.44,2603.14
Copy of IMG00028.JPG,conductor,1,0.0535,970.25,1923.84,1564.45,2212.94
Copy of IMG00028.JPG,insulator,2,0.0526,5569.02,1193.14,5773.18,1372.65
Copy of IMG03433.JPG,insulator,2,0.9037,5482.36,4077.58,5800.67,4330.0
Copy of IMG03433.JPG,insulator,2,0.8842,4729.91,4767.16,5151.15,5140.75
Copy of IMG03433.JPG,insulator,2,0.854,4569.44,5306.08,5042.51,5782.95
Copy of IMG03433.JPG,insulator,2,0.8053,5747.92,2490.3,6108.08,2898.73
Copy of IMG03433.JPG,pylon,0,0.7811,5069.51,4957.56,5751.03,6297.55
Copy of IMG03433.JPG,insulator,2,0.7809,4703.21,3907.7,5108.44,4377.8
Copy of IMG03433.JPG,conductor,1,0.6966,6043.91,4344.09,9418.93,5525.48
Copy of IMG03433.JPG,insulator,2,0.6259,5284.68,2956.55,5570.7,3299.05
Copy of IMG03433.JPG,conductor,1,0.609,42.89,3284.72,3758.27,4190.73
Copy of IMG03433.JPG,conductor,1,0.5776,6149.81,3348.5,7696.33,3933.22
Copy of IMG03433.JPG,conductor,1,0.5491,8161.53,3735.62,9500.37,4226.11
Copy of IMG03433.JPG,pylon,0,0.501,5089.99,3783.32,5736.89,6291.7
Copy of IMG03433.JPG,conductor,1,0.4479,2894.79,2419.71,5205.62,2875.15
Copy of IMG03433.JPG,conductor,1,0.4055,6327.49,3525.07,9191.16,4219.08
Copy of IMG03433.JPG,conductor,1,0.3856,6283.46,4584.74,9495.84,5583.08
Copy of IMG03433.JPG,conductor,1,0.3422,2.04,3148.48,2712.27,4114.76
Copy of IMG03433.JPG,conductor,1,0.3067,1577.69,5135.74,3027.4,5821.3
Copy of IMG03433.JPG,conductor,1,0.3016,8918.02,3335.52,9502.91,3667.05
Copy of IMG03433.JPG,conductor,1,0.2995,6595.27,3469.58,8489.83,4068.3
Copy of IMG03433.JPG,conductor,1,0.2959,8002.88,3125.46,9504.0,3649.67
Copy of IMG03433.JPG,conductor,1,0.2951,6577.82,2805.52,8141.9,3396.06
Copy of IMG03433.JPG,conductor,1,0.2912,6660.85,2813.49,8642.96,3411.87
Copy of IMG03433.JPG,conductor,1,0.2809,6186.24,3410.56,8317.66,4037.82
Copy of IMG03433.JPG,conductor,1,0.2737,1384.39,3540.09,4071.94,4222.28
Copy of IMG03433.JPG,insulator,2,0.2719,4887.86,4793.35,5232.24,5104.39
Copy of IMG03433.JPG,conductor,1,0.2545,2749.06,2813.33,5068.14,3368.8
Copy of IMG03433.JPG,conductor,1,0.2301,8370.97,3216.69,9504.0,3698.2
Copy of IMG03433.JPG,conductor,1,0.2213,0.0,4717.39,1804.19,5385.78
Copy of IMG03433.JPG,conductor,1,0.2183,8687.83,3287.48,9496.24,3665.75
Copy of IMG03433.JPG,conductor,1,0.2138,1.43,3226.15,1147.32,3945.49
Copy of IMG03433.JPG,conductor,1,0.2041,6587.26,2815.87,7885.58,3245.49
Copy of IMG03433.JPG,conductor,1,0.1818,6067.0,3336.71,7412.44,3824.32
Copy of IMG03433.JPG,conductor,1,0.1745,6150.29,3441.59,8711.22,4139.48
Copy of IMG03433.JPG,conductor,1,0.1668,7788.65,3056.31,9502.63,3579.66
Copy of IMG03433.JPG,conductor,1,0.1628,2212.77,5790.23,3594.56,6331.35
Copy of IMG03433.JPG,conductor,1,0.1522,7666.52,3001.74,9373.43,3487.95
Copy of IMG03433.JPG,conductor,1,0.1509,6318.36,2781.06,7917.22,3382.9
Copy of IMG03433.JPG,conductor,1,0.1439,2519.26,2401.12,5112.39,3321.31
Copy of IMG03433.JPG,conductor,1,0.1335,511.63,3535.62,3878.8,4245.85
Copy of IMG03433.JPG,conductor,1,0.1321,7588.1,2973.35,9011.52,3469.85
Copy of IMG03433.JPG,conductor,1,0.131,6867.14,3501.44,9054.62,4127.38
Copy of IMG03433.JPG,conductor,1,0.1309,0.52,1959.94,1287.25,2583.01
Copy of IMG03433.JPG,conductor,1,0.1267,1420.07,4389.82,4130.52,5070.23
Copy of IMG03433.JPG,conductor,1,0.1253,1009.68,4439.41,3428.44,5135.09
Copy of IMG03433.JPG,conductor,1,0.1222,6567.13,3603.53,9452.48,4281.01
Copy of IMG03433.JPG,conductor,1,0.1198,8181.23,3168.68,9504.0,3542.24
Copy of IMG03433.JPG,conductor,1,0.1164,7770.0,3032.31,9139.46,3449.96
Copy of IMG03433.JPG,conductor,1,0.1129,102.7,2044.59,1429.97,2416.91
Copy of IMG03433.JPG,conductor,1,0.1035,0.84,1952.04,1030.89,2395.89
Copy of IMG03433.JPG,insulator,2,0.0997,4390.27,5599.72,4872.3,5945.42
Copy of IMG03433.JPG,conductor,1,0.0958,15.92,4690.33,3945.72,5389.34
Copy of IMG03433.JPG,conductor,1,0.094,0.0,2426.15,684.53,2782.37
Copy of IMG03433.JPG,conductor,1,0.0901,5.79,2004.23,875.44,2368.18
Copy of IMG03433.JPG,conductor,1,0.0832,7486.42,3691.96,9496.92,4335.19
Copy of IMG03433.JPG,conductor,1,0.0829,36.93,2102.78,1893.25,2753.51
Copy of IMG03433.JPG,conductor,1,0.0761,0.0,5543.37,1854.87,6278.88
Copy of IMG03433.JPG,conductor,1,0.0759,1114.56,4421.84,4454.53,5148.35
Copy of IMG03433.JPG,conductor,1,0.0729,0.0,3381.54,1223.43,3742.68
Copy of IMG03433.JPG,conductor,1,0.0729,7.61,2049.71,1745.45,2586.79
Copy of IMG03433.JPG,conductor,1,0.0709,578.19,4539.69,3630.82,5170.66
Copy of IMG03433.JPG,conductor,1,0.0708,8550.21,3843.9,9500.16,4206.37
Copy of IMG03433.JPG,conductor,1,0.0697,8468.75,5044.47,9503.11,5491.89
Copy of IMG03433.JPG,conductor,1,0.0694,8402.72,3792.41,9481.04,4169.19
Copy of IMG03433.JPG,conductor,1,0.0677,233.53,2089.98,1622.61,2439.83
Copy of IMG03433.JPG,conductor,1,0.0668,2309.74,5749.24,3954.17,6324.55
Copy of IMG03433.JPG,conductor,1,0.0639,7983.37,3728.83,9314.77,4152.99
Copy of IMG03433.JPG,conductor,1,0.0581,0.0,5608.78,840.84,6266.74
Copy of IMG03433.JPG,conductor,1,0.0579,7973.74,3098.94,9338.22,3463.43
Copy of IMG03433.JPG,conductor,1,0.0576,22.38,2001.79,1210.6,2360.72
Copy of IMG03433.JPG,conductor,1,0.057,2841.27,4896.24,4324.25,5508.85
Copy of IMG03433.JPG,conductor,1,0.0563,459.74,2121.83,1921.13,2458.63
Copy of IMG03433.JPG,insulator,2,0.0561,4344.6,5675.48,4772.98,6006.69
Copy of IMG03433.JPG,conductor,1,0.0547,8311.41,4958.07,9504.0,5572.76
Copy of IMG03433.JPG,conductor,1,0.0538,6983.5,3571.62,9351.41,4189.96
Copy of IMG03433.JPG,conductor,1,0.0531,85.43,4598.88,4017.37,5237.76
Copy of IMG03433.JPG,conductor,1,0.0525,8829.44,3872.74,9503.15,4224.58
Copy of IMG03433.JPG,conductor,1,0.0512,2079.18,4370.97,4227.86,4915.47
Copy of IMG03433.JPG,insulator,2,0.0501,4395.11,5502.54,4850.26,5920.92
Copy of IMG00445.JPG,conductor,1,0.4885,4375.25,3122.46,4853.9,5019.01
Copy of IMG00445.JPG,conductor,1,0.4736,4204.7,3120.86,4899.02,6249.18
Copy of IMG00445.JPG,conductor,1,0.3988,2338.39,3614.42,3927.63,6191.13
Copy of IMG00445.JPG,conductor,1,0.2141,4671.44,5209.61,4916.09,6259.86
Copy of IMG00445.JPG,conductor,1,0.1066,3861.1,3144.92,4904.64,6216.75
Copy of IMG00445.JPG,insulator,2,0.0856,4243.53,2880.79,4525.58,3226.76
Copy of IMG00445.JPG,insulator,2,0.0825,4795.3,2998.23,5020.27,3244.61
Copy of IMG00445.JPG,conductor,1,0.08,50.88,3873.94,3927.36,4636.19
Copy of IMG00445.JPG,conductor,1,0.061,3789.85,3540.75,4671.39,6259.58
Copy of IMG00445.JPG,conductor,1,0.059,4625.38,5368.92,4942.9,6255.24
Copy of IMG00445.JPG,conductor,1,0.0554,1656.53,3485.83,3938.47,6125.11
Copy of IMG00445.JPG,conductor,1,0.0541,4215.75,5114.99,4542.74,6268.33
Copy of IMG03414.JPG,pylon,0,0.8675,5352.46,3811.86,5908.08,6266.64
Copy of IMG03414.JPG,conductor,1,0.758,6034.51,4251.12,7045.22,5206.97
Copy of IMG03414.JPG,conductor,1,0.6355,223.72,2666.19,3030.65,3907.71
Copy of IMG03414.JPG,conductor,1,0.5459,6702.37,5012.06,8073.85,5870.97
Copy of IMG03414.JPG,pylon,0,0.5236,4767.44,3999.16,5384.2,6288.91
Copy of IMG03414.JPG,conductor,1,0.5036,5903.21,5516.2,6643.02,6254.57
Copy of IMG03414.JPG,pylon,0,0.4449,5089.47,3790.38,5922.96,6277.01
Copy of IMG03414.JPG,conductor,1,0.4333,3605.08,2204.01,5159.09,2747.79
Copy of IMG03414.JPG,conductor,1,0.4047,2219.66,2441.04,3735.62,3231.72
Copy of IMG03414.JPG,pylon,0,0.3972,4786.95,4633.77,5385.51,6277.08
Copy of IMG03414.JPG,conductor,1,0.3814,2223.48,3552.84,4386.59,4542.49
Copy of IMG03414.JPG,conductor,1,0.3282,25.94,2514.0,2403.5,3688.58
Copy of IMG03414.JPG,conductor,1,0.303,2719.79,3617.28,4405.28,4580.85
Copy of IMG03414.JPG,conductor,1,0.2914,365.84,3137.46,4257.04,4375.5
Copy of IMG03414.JPG,insulator,2,0.2577,4740.0,4411.68,5002.98,4689.9
Copy of IMG03414.JPG,insulator,2,0.2351,5315.25,2755.09,5562.0,2979.11
Copy of IMG03414.JPG,conductor,1,0.2238,6739.33,4965.15,8184.47,6163.59
Copy of IMG03414.JPG,conductor,1,0.2129,3630.99,2975.47,4800.82,3582.05
Copy of IMG03414.JPG,insulator,2,0.2045,4231.4,4170.4,4514.89,4429.91
Copy of IMG03414.JPG,conductor,1,0.1959,1947.09,1597.58,3235.88,2143.61
Copy of IMG03414.JPG,conductor,1,0.186,279.47,2847.58,4015.83,4222.32
Copy of IMG03414.JPG,conductor,1,0.1843,779.54,1983.96,2304.73,2560.85
Copy of IMG03414.JPG,conductor,1,0.1833,1083.39,2048.85,2574.65,2698.29
Copy of IMG03414.JPG,conductor,1,0.1763,421.35,2708.02,2506.59,3749.83
Copy of IMG03414.JPG,conductor,1,0.1672,463.85,1065.54,1728.81,1574.28
Copy of IMG03414.JPG,conductor,1,0.1658,4.5,1568.48,767.75,1904.85
Copy of IMG03414.JPG,conductor,1,0.1518,4.84,2354.09,1173.91,3164.14
Copy of IMG03414.JPG,conductor,1,0.147,23.95,1707.41,1472.41,2258.23
Copy of IMG03414.JPG,conductor,1,0.1468,1285.26,2109.38,2694.18,2763.57
Copy of IMG03414.JPG,insulator,2,0.1196,6096.32,3097.37,6386.97,3417.33
Copy of IMG03414.JPG,insulator,2,0.1188,6109.58,3165.7,6436.52,3458.54
Copy of IMG03414.JPG,insulator,2,0.1125,4809.53,3431.5,5071.94,3652.88
Copy of IMG03414.JPG,conductor,1,0.1113,11.61,1628.11,1279.35,2169.65
Copy of IMG03414.JPG,conductor,1,0.1044,1542.7,3296.2,4315.51,4489.36
Copy of IMG03414.JPG,conductor,1,0.1027,3.62,1550.05,569.49,1890.14
Copy of IMG03414.JPG,conductor,1,0.1016,1660.1,1520.99,3225.47,2103.9
Copy of IMG03414.JPG,pylon,0,0.0928,4750.53,3837.25,5635.89,6270.73
Copy of IMG03414.JPG,insulator,2,0.0927,4966.76,3462.52,5146.67,3678.47
Copy of IMG03414.JPG,conductor,1,0.0915,1341.7,2198.66,2860.79,2833.46
Copy of IMG03414.JPG,conductor,1,0.0886,1488.47,1392.5,2815.79,1924.67
Copy of IMG03414.JPG,conductor,1,0.0861,1.07,2411.69,929.62,2825.04
Copy of IMG03414.JPG,insulator,2,0.0859,4715.23,3424.17,4994.81,3651.63
Copy of IMG03414.JPG,conductor,1,0.0812,2.37,1386.74,495.78,1857.81
Copy of IMG03414.JPG,conductor,1,0.0793,1518.31,1424.24,3204.7,2040.59
Copy of IMG03414.JPG,insulator,2,0.0785,6031.89,3023.17,6296.18,3259.99
Copy of IMG03414.JPG,insulator,2,0.0736,4087.63,4152.89,4462.79,4430.68
Copy of IMG03414.JPG,conductor,1,0.073,318.02,1843.18,2000.24,2463.54
Copy of IMG03414.JPG,conductor,1,0.0701,6.51,1589.31,906.1,1966.59
Copy of IMG03414.JPG,conductor,1,0.0689,1.07,1505.31,446.86,1866.0
Copy of IMG03414.JPG,insulator,2,0.0684,4194.18,4126.98,4519.43,4487.85
Copy of IMG03414.JPG,conductor,1,0.0668,1.56,2345.96,902.54,3039.81
Copy of IMG03414.JPG,conductor,1,0.0668,1754.21,2339.44,3577.91,3165.01
Copy of IMG03414.JPG,conductor,1,0.064,106.98,1743.0,1745.8,2354.9
Copy of IMG03414.JPG,insulator,2,0.0634,4566.97,4285.97,4779.48,4513.95
Copy of IMG03414.JPG,insulator,2,0.0627,5548.72,2777.04,5778.82,3002.73
Copy of IMG03414.JPG,conductor,1,0.061,3265.01,2934.08,4825.99,3620.34
Copy of IMG03414.JPG,conductor,1,0.0604,99.48,1030.67,1687.78,1568.38
Copy of IMG03414.JPG,conductor,1,0.0592,0.0,2360.45,1773.62,3265.36
Copy of IMG03414.JPG,insulator,2,0.0586,5098.9,3506.96,5333.89,3739.16
Copy of IMG03414.JPG,conductor,1,0.0576,1469.07,2241.36,3365.46,2983.3
Copy of IMG03414.JPG,conductor,1,0.0535,1794.29,3220.69,3500.34,4244.34
Copy of IMG03414.JPG,conductor,1,0.0529,3060.92,1982.37,4059.93,2472.79
Copy of IMG03414.JPG,conductor,1,0.0528,0.0,1414.02,655.0,1935.61
Copy of IMG03414.JPG,conductor,1,0.0514,1502.25,1427.56,2339.94,1801.51
Copy of IMG03414.JPG,insulator,2,0.0514,5020.98,2633.15,5298.08,2864.98
Copy of IMG00027.JPG,insulator,2,0.5068,3495.5,1516.54,3699.95,1702.19
Copy of IMG00027.JPG,pylon,0,0.391,3956.13,1731.14,4352.85,5289.8
Copy of IMG00027.JPG,insulator,2,0.3316,4068.62,1281.37,4311.22,1477.01
Copy of IMG00027.JPG,insulator,2,0.3174,3800.22,1519.23,3979.6,1707.79
Copy of IMG00027.JPG,pylon,0,0.254,3868.79,1762.52,4392.85,6204.34
Copy of IMG00027.JPG,insulator,2,0.2072,4687.52,1524.14,4923.69,1703.82
Copy of IMG00027.JPG,insulator,2,0.1272,3506.86,1465.33,3735.66,1686.27
Copy of IMG00027.JPG,insulator,2,0.1156,3475.39,1337.49,3662.58,1499.05
Copy of IMG00027.JPG,conductor,1,0.1016,8992.24,1400.8,9495.9,1596.84
Copy of IMG00027.JPG,insulator,2,0.0931,4123.75,1519.94,4342.33,1688.93
Copy of IMG00027.JPG,insulator,2,0.0705,4664.52,1333.38,4901.88,1532.91
Copy of IMG00027.JPG,conductor,1,0.0613,8878.43,1331.76,9493.21,1638.13
Copy of IMG00027.JPG,conductor,1,0.0579,9041.64,1429.92,9489.67,1617.69
Copy of IMG00027.JPG,conductor,1,0.0514,9099.59,1371.88,9498.05,1585.66
Copy of IMG00027.JPG,insulator,2,0.0514,3661.36,1525.29,3815.87,1719.01
Copy of IMG00110.JPG,insulator,2,0.8582,4838.69,2746.94,5120.74,3135.84
Copy of IMG00110.JPG,insulator,2,0.7915,5175.55,3400.78,5487.8,3785.93
Copy of IMG00110.JPG,conductor,1,0.5256,1875.02,3542.24,3110.21,4187.78
Copy of IMG00110.JPG,conductor,1,0.5018,3025.9,3849.91,4455.21,4856.79
Copy of IMG00110.JPG,insulator,2,0.4654,4434.88,2931.61,4694.76,3317.18
Copy of IMG00110.JPG,conductor,1,0.4199,6916.28,2351.95,8480.27,3064.85
Copy of IMG00110.JPG,conductor,1,0.3717,7306.52,2119.55,9205.41,3020.66
Copy of IMG00110.JPG,conductor,1,0.2986,3368.48,3063.78,4183.5,3521.67
Copy of IMG00110.JPG,conductor,1,0.2862,5605.2,2741.95,7528.65,3611.29
Copy of IMG00110.JPG,conductor,1,0.2759,8881.86,1709.35,9501.46,2348.23
Copy of IMG00110.JPG,conductor,1,0.2754,5667.68,2187.92,6717.48,2651.83
Copy of IMG00110.JPG,conductor,1,0.2589,2095.68,4364.86,3525.38,5295.65
Copy of IMG00110.JPG,conductor,1,0.2477,5612.54,2644.75,8084.55,3587.71
Copy of IMG00110.JPG,conductor,1,0.2247,7613.3,2078.67,9123.63,2836.85
Copy of IMG00110.JPG,conductor,1,0.2143,4118.02,3480.87,4640.01,4070.33
Copy of IMG00110.JPG,conductor,1,0.2068,7427.29,1567.92,8592.9,1989.82
Copy of IMG00110.JPG,conductor,1,0.1983,868.82,3967.94,2156.69,4637.38
Copy of IMG00110.JPG,conductor,1,0.1851,7815.69,1600.58,8568.44,1919.1
Copy of IMG00110.JPG,conductor,1,0.1679,3988.18,3509.1,4629.87,4139.84
Copy of IMG00110.JPG,conductor,1,0.167,8741.55,1168.39,9502.54,1598.51
Copy of IMG00110.JPG,conductor,1,0.1648,6886.1,1863.23,7861.94,2351.57
Copy of IMG00110.JPG,conductor,1,0.1562,7911.2,2058.41,9171.01,2770.23
Copy of IMG00110.JPG,conductor,1,0.1527,1183.75,4832.49,2368.9,5660.71
Copy of IMG00110.JPG,conductor,1,0.1487,7334.88,1667.07,8305.47,2072.93
Copy of IMG00110.JPG,conductor,1,0.1477,5339.51,2228.64,6672.19,2742.43
Copy of IMG00110.JPG,conductor,1,0.1472,7349.15,1765.03,8066.72,2059.0
Copy of IMG00110.JPG,conductor,1,0.1442,2060.25,3593.33,3127.23,4092.43
Copy of IMG00110.JPG,conductor,1,0.1388,2981.75,3095.25,4123.98,3693.2
Copy of IMG00110.JPG,conductor,1,0.1364,4132.81,3578.8,5079.22,6268.08
Copy of IMG00110.JPG,conductor,1,0.1336,7540.0,1513.56,8668.75,1927.9
Copy of IMG00110.JPG,conductor,1,0.1316,8714.6,1268.38,9487.38,1626.15
Copy of IMG00110.JPG,conductor,1,0.1265,6460.94,2395.07,8456.46,3191.72
Copy of IMG00110.JPG,conductor,1,0.1159,37.2,4436.87,1108.28,5014.17
Copy of IMG00110.JPG,conductor,1,0.1152,5265.25,2341.62,6369.01,2806.99
Copy of IMG00110.JPG,conductor,1,0.1098,8394.68,1384.31,9227.33,1704.87
Copy of IMG00110.JPG,conductor,1,0.1097,6772.13,2240.72,8648.42,3006.95
Copy of IMG00110.JPG,conductor,1,0.1014,7738.87,1421.76,8953.36,1872.95
Copy of IMG00110.JPG,conductor,1,0.1008,2813.89,3284.25,3678.8,3825.01
Copy of IMG00110.JPG,conductor,1,0.0979,8960.2,1791.61,9504.0,2276.83
Copy of IMG00110.JPG,conductor,1,0.0972,6213.82,2486.19,8300.27,3292.78
Copy of IMG00110.JPG,conductor,1,0.0953,6942.84,1937.68,7681.38,2263.62
Copy of IMG00110.JPG,conductor,1,0.0943,5320.6,2490.9,6062.91,2817.89
Copy of IMG00110.JPG,conductor,1,0.0895,5819.68,2243.64,6708.96,2593.13
Copy of IMG00110.JPG,conductor,1,0.0894,8492.34,1246.42,9497.19,1659.31
Copy of IMG00110.JPG,conductor,1,0.0884,8495.68,1343.92,9393.32,1666.25
Copy of IMG00110.JPG,conductor,1,0.0881,8879.49,1236.83,9501.34,1565.56
Copy of IMG00110.JPG,conductor,1,0.0846,6272.7,2583.21,7952.35,3341.4
Copy of IMG00110.JPG,conductor,1,0.083,9013.54,1688.47,9503.19,2235.26
Copy of IMG00110.JPG,conductor,1,0.0826,3501.26,3135.74,4143.47,3530.03
Copy of IMG00110.JPG,conductor,1,0.0822,5942.06,2596.32,7799.07,3442.92
Copy of IMG00110.JPG,conductor,1,0.0817,5230.13,2434.2,6207.03,2807.1
Copy of IMG00110.JPG,conductor,1,0.0796,7783.44,1553.18,8680.15,1865.41
Copy of IMG00110.JPG,conductor,1,0.0779,7793.93,1327.97,9263.3,1761.5
Copy of IMG00110.JPG,conductor,1,0.0778,2120.82,3868.8,4278.65,5259.57
Copy of IMG00110.JPG,conductor,1,0.0722,3243.85,3080.84,4153.19,3606.74
Copy of IMG00110.JPG,conductor,1,0.0716,7209.37,2201.75,8799.96,2978.3
Copy of IMG00110.JPG,insulator,2,0.0715,5130.35,3394.14,5429.88,3752.34
Copy of IMG00110.JPG,conductor,1,0.0692,8858.62,1042.48,9501.62,1542.73
Copy of IMG00110.JPG,conductor,1,0.0689,1982.68,3454.79,3245.61,4121.4
Copy of IMG00110.JPG,conductor,1,0.0674,971.07,3827.63,2461.66,4538.15
Copy of IMG00110.JPG,conductor,1,0.0669,3518.43,3084.82,4205.55,3455.59
Copy of IMG00110.JPG,conductor,1,0.0653,6957.81,1760.95,8042.18,2218.11
Copy of IMG00110.JPG,conductor,1,0.0652,0.97,5202.46,217.22,5779.19
Copy of IMG00110.JPG,conductor,1,0.0633,2.9,5829.52,577.93,6279.23
Copy of IMG00110.JPG,conductor,1,0.0631,2124.04,4224.72,3813.89,5253.57
Copy of IMG00110.JPG,conductor,1,0.0621,1.41,5177.26,253.26,5666.14
Copy of IMG00110.JPG,conductor,1,0.0616,0.0,4446.62,910.88,5694.11
Copy of IMG00110.JPG,conductor,1,0.0611,6557.64,2277.18,8881.73,3186.59
Copy of IMG00110.JPG,conductor,1,0.0609,8284.23,1291.16,9377.7,1701.2
Copy of IMG00110.JPG,conductor,1,0.059,4208.04,3406.64,4591.03,4058.99
Copy of IMG00110.JPG,conductor,1,0.057,2311.98,3318.59,3591.26,3909.72
Copy of IMG00110.JPG,conductor,1,0.0563,1612.62,3572.73,3080.85,4298.52
Copy of IMG00110.JPG,conductor,1,0.0558,2889.0,3391.16,3641.43,3802.0
Copy of IMG00110.JPG,conductor,1,0.0556,2895.01,3182.4,4003.44,3797.96
Copy of IMG00110.JPG,conductor,1,0.0533,9209.68,1623.13,9504.0,2159.2
Copy of IMG00110.JPG,conductor,1,0.0531,4978.8,3857.43,5375.6,4520.04
Copy of IMG00110.JPG,conductor,1,0.053,8964.77,1179.59,9502.94,1517.99
Copy of IMG00110.JPG,conductor,1,0.0528,5391.28,2463.59,6156.89,2772.7
Copy of IMG00110.JPG,conductor,1,0.0519,3299.44,3813.69,4527.86,4712.38
Copy of IMG00110.JPG,conductor,1,0.0514,8249.46,1413.79,9149.42,1721.08
Copy of IMG00110.JPG,conductor,1,0.051,0.0,5164.02,357.89,5649.95
Copy of IMG00110.JPG,conductor,1,0.0502,7329.86,1687.57,8072.38,2015.43
Copy of IMG00055.JPG,insulator,2,0.8554,4779.15,2268.45,5234.98,2727.42
Copy of IMG00055.JPG,insulator,2,0.7916,4289.48,2528.32,4660.68,2881.96
Copy of IMG00055.JPG,insulator,2,0.75,3688.28,2802.31,4024.31,3194.23
Copy of IMG00055.JPG,conductor,1,0.6903,5946.2,3165.75,6961.48,3852.67
Copy of IMG00055.JPG,pylon,0,0.6834,3866.08,3860.69,4372.18,6230.32
Copy of IMG00055.JPG,conductor,1,0.5517,7136.6,4085.66,8063.38,4702.65
Copy of IMG00055.JPG,conductor,1,0.5303,5346.49,2681.19,6087.59,3261.19
Copy of IMG00055.JPG,insulator,2,0.5266,4226.67,3216.57,4653.34,3695.85
Copy of IMG00055.JPG,conductor,1,0.5113,4662.97,3705.61,5450.06,4480.1
Copy of IMG00055.JPG,conductor,1,0.5031,6121.82,5030.95,6866.35,5638.78
Copy of IMG00055.JPG,conductor,1,0.4596,7935.44,4710.21,8934.56,5336.25
Copy of IMG00055.JPG,conductor,1,0.4506,5569.82,4582.97,6428.97,5181.7
Copy of IMG00055.JPG,conductor,1,0.4357,4989.92,3161.25,5664.18,3742.5
Copy of IMG00055.JPG,conductor,1,0.3309,7950.14,5500.31,8537.73,6114.08
Copy of IMG00055.JPG,conductor,1,0.3118,7864.04,4652.9,8813.03,5256.38
Copy of IMG00055.JPG,conductor,1,0.2964,6811.25,4685.58,7520.22,5282.34
Copy of IMG00055.JPG,conductor,1,0.2902,4959.02,3135.42,5584.05,3642.7
Copy of IMG00055.JPG,conductor,1,0.2466,6900.76,4731.14,7603.89,5309.73
Copy of IMG00055.JPG,conductor,1,0.2378,6733.98,4603.34,7445.54,5206.32
Copy of IMG00055.JPG,conductor,1,0.2354,6041.43,4065.18,6775.2,4641.76
Copy of IMG00055.JPG,conductor,1,0.2219,6137.96,4141.98,6926.07,4738.93
Copy of IMG00055.JPG,conductor,1,0.2153,6646.46,3740.57,7491.33,4289.3
Copy of IMG00055.JPG,conductor,1,0.2117,4715.42,3804.94,5579.87,4532.58
Copy of IMG00055.JPG,conductor,1,0.2064,6474.34,4351.19,7108.07,4874.09
Copy of IMG00055.JPG,conductor,1,0.1997,6315.46,4282.48,7068.74,4838.4
Copy of IMG00055.JPG,conductor,1,0.1985,7046.22,4012.33,8004.25,4642.15
Copy of IMG00055.JPG,conductor,1,0.1784,6798.62,5465.63,7416.76,6135.25
Copy of IMG00055.JPG,conductor,1,0.1755,5913.89,3966.38,6664.16,4530.26
Copy of IMG00055.JPG,conductor,1,0.1736,8848.91,5329.89,9503.62,5937.06
Copy of IMG00055.JPG,conductor,1,0.1728,5837.44,3878.93,6512.28,4410.8
Copy of IMG00055.JPG,conductor,1,0.1721,6930.08,4805.28,7672.78,5399.42
Copy of IMG00055.JPG,conductor,1,0.1618,7355.97,5095.18,8098.48,5723.26
Copy of IMG00055.JPG,conductor,1,0.1603,8976.15,5424.74,9504.0,6015.7
Copy of IMG00055.JPG,conductor,1,0.1586,4647.23,3638.09,5219.74,4178.35
Copy of IMG00055.JPG,conductor,1,0.1468,8303.11,5845.48,8826.57,6280.64
Copy of IMG00055.JPG,conductor,1,0.1464,4665.56,3667.79,5292.25,4281.31
Copy of IMG00055.JPG,conductor,1,0.1454,4629.34,2833.18,5018.82,3195.0
Copy of IMG00055.JPG,conductor,1,0.1443,7050.36,5634.14,7566.53,6251.8
Copy of IMG00055.JPG,conductor,1,0.1413,8021.98,4764.18,9003.6,5435.99
Copy of IMG00055.JPG,conductor,1,0.1409,7072.99,4890.89,7798.2,5528.21
Copy of IMG00055.JPG,conductor,1,0.1395,5722.16,3806.9,6402.39,4312.9
Copy of IMG00055.JPG,conductor,1,0.1376,6553.92,4429.29,7185.6,4970.91
Copy of IMG00055.JPG,conductor,1,0.1372,8165.15,5671.94,8735.57,6263.3
Copy of IMG00055.JPG,conductor,1,0.1368,4789.78,3840.77,5509.32,4437.34
Copy of IMG00055.JPG,conductor,1,0.1341,7462.47,5187.87,8182.82,5856.48
Copy of IMG00055.JPG,conductor,1,0.1322,7210.82,4996.91,7957.57,5625.73
Copy of IMG00055.JPG,conductor,1,0.1284,5622.98,3653.34,6233.38,4194.55
Copy of IMG00055.JPG,conductor,1,0.1284,5203.92,4149.07,5893.83,4720.26
Copy of IMG00055.JPG,conductor,1,0.125,6600.67,4489.97,7314.53,5103.86
Copy of IMG00055.JPG,conductor,1,0.1233,6908.26,5557.6,7489.06,6228.14
Copy of IMG00055.JPG,conductor,1,0.1231,5631.11,4652.15,6544.27,5279.66
Copy of IMG00055.JPG,conductor,1,0.1167,6192.56,5099.87,6966.99,5666.54
Copy of IMG00055.JPG,conductor,1,0.1149,5237.68,3376.54,5852.65,3884.07
Copy of IMG00055.JPG,conductor,1,0.1128,8353.63,4996.79,9219.01,5566.2
Copy of IMG00055.JPG,conductor,1,0.1127,7281.92,4145.74,8191.69,4808.79
Copy of IMG00055.JPG,conductor,1,0.1125,5155.9,3292.92,5817.83,3851.16
Copy of IMG00055.JPG,conductor,1,0.1108,5019.4,3199.92,5775.54,3815.4
Copy of IMG00055.JPG,conductor,1,0.1097,6510.66,5292.68,7233.7,5917.89
Copy of IMG00055.JPG,conductor,1,0.1088,5653.58,3728.38,6303.36,4244.43
Copy of IMG00055.JPG,conductor,1,0.108,5944.25,4924.65,6816.57,5546.85
Copy of IMG00055.JPG,conductor,1,0.108,5554.07,3601.72,6149.14,4135.76
Copy of IMG00055.JPG,conductor,1,0.1076,8729.07,5254.91,9452.03,5837.76
Copy of IMG00055.JPG,conductor,1,0.0995,8017.57,5592.36,8612.79,6177.72
Copy of IMG00055.JPG,conductor,1,0.0984,4668.96,2871.58,5097.77,3247.5
Copy of IMG00055.JPG,conductor,1,0.0976,6593.38,5329.7,7295.57,6041.73
Copy of IMG00055.JPG,conductor,1,0.0971,4892.87,3105.55,5465.43,3562.99
Copy of IMG00055.JPG,conductor,1,0.097,4712.52,3882.73,5721.48,4663.68
Copy of IMG00055.JPG,conductor,1,0.096,5089.22,4099.03,5833.92,4686.52
Copy of IMG00055.JPG,conductor,1,0.0921,7614.09,5293.97,8298.91,5952.78
Copy of IMG00055.JPG,conductor,1,0.0905,7775.53,5381.86,8401.39,6054.3
Copy of IMG00055.JPG,conductor,1,0.0904,5378.52,3474.26,6030.97,3986.74
Copy of IMG00055.JPG,conductor,1,0.0848,5549.24,4460.08,6308.19,5088.54
Copy of IMG00055.JPG,conductor,1,0.0843,4737.83,2925.27,5208.08,3361.06
Copy of IMG00055.JPG,conductor,1,0.0805,5244.08,4214.73,6004.82,4819.94
Copy of IMG00055.JPG,conductor,1,0.0796,8525.84,5113.23,9375.14,5695.28
Copy of IMG00055.JPG,conductor,1,0.0795,7141.61,5715.89,7628.59,6278.17
Copy of IMG00055.JPG,conductor,1,0.0791,8272.45,5736.11,8769.17,6268.72
Copy of IMG00055.JPG,conductor,1,0.0786,6051.45,3302.52,6951.68,3884.63
Copy of IMG00055.JPG,conductor,1,0.0783,5768.08,2929.97,6968.21,3751.24
Copy of IMG00055.JPG,conductor,1,0.0766,4842.94,3044.41,5363.24,3487.54
Copy of IMG00055.JPG,conductor,1,0.0761,5817.77,4794.19,6658.46,5380.44
Copy of IMG00055.JPG,conductor,1,0.0752,6719.76,3801.59,7579.33,4383.9
Copy of IMG00055.JPG,conductor,1,0.074,9084.33,5581.15,9504.0,6116.32
Copy of IMG00055.JPG,conductor,1,0.0732,6830.35,3857.59,7808.66,4450.74
Copy of IMG00055.JPG,conductor,1,0.0718,6382.88,5227.69,7179.91,5867.35
Copy of IMG00055.JPG,conductor,1,0.0703,7766.28,4587.64,8685.77,5177.43
Copy of IMG00055.JPG,conductor,1,0.0688,5427.25,4360.07,6189.09,4971.34
Copy of IMG00055.JPG,conductor,1,0.0685,8104.9,4861.46,9106.39,5512.39
Copy of IMG00055.JPG,conductor,1,0.0684,4935.87,3988.63,5790.21,4653.24
Copy of IMG00055.JPG,conductor,1,0.0646,4895.62,3917.17,5657.1,4558.1
Copy of IMG00055.JPG,conductor,1,0.0598,6925.02,3946.21,7821.48,4538.87
Copy of IMG00055.JPG,insulator,2,0.0594,4003.04,2845.15,4213.64,3107.43
Copy of IMG00055.JPG,conductor,1,0.0593,6579.88,3737.05,7301.32,4210.78
Copy of IMG00055.JPG,conductor,1,0.0585,5508.54,3560.82,6073.44,4031.71
Copy of IMG00055.JPG,conductor,1,0.0552,6230.12,5149.88,7054.52,5767.18
Copy of IMG00055.JPG,conductor,1,0.0501,8644.06,5188.24,9426.22,5773.81
Copy of IMG00014.JPG,insulator,2,0.7193,3182.69,1266.96,3596.06,1711.92
Copy of IMG00014.JPG,insulator,2,0.6906,3420.25,2289.02,3790.28,2595.31
Copy of IMG00014.JPG,insulator,2,0.6628,3043.99,720.83,3455.96,1126.37
Copy of IMG00014.JPG,conductor,1,0.3454,3718.84,837.79,5033.04,1360.97
Copy of IMG00014.JPG,conductor,1,0.3404,4274.95,0.0,5828.8,539.14
Copy of IMG00014.JPG,conductor,1,0.3361,52.32,1501.3,2719.6,2497.54
Copy of IMG00014.JPG,conductor,1,0.2933,7.77,1526.25,2431.76,2203.67
Copy of IMG00014.JPG,conductor,1,0.2869,8784.21,193.48,9504.0,712.56
Copy of IMG00014.JPG,conductor,1,0.2701,6127.15,44.48,7558.32,502.62
Copy of IMG00014.JPG,conductor,1,0.2664,4953.68,403.4,6199.63,1002.44
Copy of IMG00014.JPG,conductor,1,0.1586,8198.23,424.22,9141.91,820.36
Copy of IMG00014.JPG,conductor,1,0.1402,5639.33,244.68,6684.58,750.78
Copy of IMG00014.JPG,conductor,1,0.1382,5770.11,152.06,7129.11,623.31
Copy of IMG00014.JPG,conductor,1,0.138,3520.38,362.38,4562.83,825.5
Copy of IMG00014.JPG,conductor,1,0.1294,4081.46,0.0,5601.45,605.84
Copy of IMG00014.JPG,conductor,1,0.1264,23.23,2583.39,2471.05,3356.07
Copy of IMG00014.JPG,conductor,1,0.1166,8481.48,287.14,9504.0,756.51
Copy of IMG00014.JPG,conductor,1,0.1164,5755.61,199.91,6868.42,671.95
Copy of IMG00014.JPG,conductor,1,0.116,5969.83,94.18,7310.68,534.43
Copy of IMG00014.JPG,conductor,1,0.1157,6297.97,0.0,7634.93,418.43
Copy of IMG00014.JPG,conductor,1,0.1072,1.96,1837.11,2731.39,3412.62
Copy of IMG00014.JPG,conductor,1,0.1034,8265.73,368.66,9370.28,779.78
Copy of IMG00014.JPG,conductor,1,0.103,8052.2,484.32,8958.21,864.97
Copy of IMG00014.JPG,conductor,1,0.0988,5056.35,339.21,6413.59,911.18
Copy of IMG00014.JPG,conductor,1,0.0967,7328.0,688.15,8338.71,1212.54
Copy of IMG00014.JPG,conductor,1,0.0937,7968.87,102.46,8884.24,479.83
Copy of IMG00014.JPG,conductor,1,0.0909,6614.1,999.84,7570.0,1405.81
Copy of IMG00014.JPG,conductor,1,0.0908,3763.26,703.53,5321.65,1313.02
Copy of IMG00014.JPG,conductor,1,0.0896,5326.86,264.44,6623.99,812.8
Copy of IMG00014.JPG,conductor,1,0.0849,8847.65,0.0,9503.53,160.35
Copy of IMG00014.JPG,conductor,1,0.0798,3960.23,638.72,5454.22,1264.68
Copy of IMG00014.JPG,conductor,1,0.0797,6855.22,1376.49,7829.49,1679.9
Copy of IMG00014.JPG,conductor,1,0.0786,4454.32,532.81,5741.1,1192.38
Copy of IMG00014.JPG,conductor,1,0.0751,7213.81,777.37,8194.78,1234.33
Copy of IMG00014.JPG,conductor,1,0.0742,6940.2,0.0,7701.4,218.49
Copy of IMG00014.JPG,conductor,1,0.0742,4696.82,1579.34,5963.02,2105.58
Copy of IMG00014.JPG,conductor,1,0.0721,7770.0,183.94,8568.47,589.93
Copy of IMG00014.JPG,conductor,1,0.0721,4428.94,0.0,5942.39,435.27
Copy of IMG00014.JPG,conductor,1,0.0708,6728.28,950.04,7704.18,1374.67
Copy of IMG00014.JPG,conductor,1,0.065,8018.33,52.76,9045.31,449.9
Copy of IMG00014.JPG,conductor,1,0.0648,6776.56,0.0,7694.5,278.62
Copy of IMG00014.JPG,conductor,1,0.0638,41.17,3141.89,1045.28,3525.34
Copy of IMG00014.JPG,conductor,1,0.0589,8753.45,0.0,9498.01,193.54
Copy of IMG00014.JPG,conductor,1,0.0574,4575.69,439.3,6054.96,1111.7
Copy of IMG00014.JPG,conductor,1,0.0555,3660.89,905.22,4808.48,1319.86
Copy of IMG00014.JPG,conductor,1,0.0501,3964.66,59.35,5310.56,662.4
Copy of IMG00402.JPG,conductor,1,0.8696,2099.9,4219.49,4228.81,6245.67
Copy of IMG00402.JPG,insulator,2,0.8186,4171.0,3385.34,4522.16,3757.51
Copy of IMG00402.JPG,insulator,2,0.7323,5354.15,3709.98,5692.91,4043.84
Copy of IMG00402.JPG,insulator,2,0.7065,4745.26,3103.94,5151.56,3455.92
Copy of IMG00402.JPG,conductor,1,0.0774,5861.5,1430.61,6709.46,2868.43
Copy of IMG00402.JPG,pylon,0,0.0644,4513.53,3660.97,5063.76,6292.41
Copy of IMG03435.JPG,insulator,2,0.7538,4638.73,4602.85,5148.03,5044.39
Copy of IMG03435.JPG,insulator,2,0.7375,4782.93,3950.94,5165.78,4202.76
Copy of IMG03435.JPG,conductor,1,0.718,2697.21,5351.63,3924.89,6220.1
Copy of IMG03435.JPG,conductor,1,0.6958,9.33,4205.7,2271.54,5052.19
Copy of IMG03435.JPG,conductor,1,0.6777,3945.2,5654.19,4853.76,6292.71
Copy of IMG03435.JPG,conductor,1,0.6356,5646.72,3699.11,9435.17,4403.89
Copy of IMG03435.JPG,conductor,1,0.5475,804.16,5605.27,2028.42,6284.0
Copy of IMG03435.JPG,conductor,1,0.5353,6656.74,2374.12,9504.0,2887.87
Copy of IMG03435.JPG,conductor,1,0.5334,1936.34,3941.75,4021.84,4716.64
Copy of IMG03435.JPG,conductor,1,0.526,5902.98,2796.25,9504.0,3316.61
Copy of IMG03435.JPG,conductor,1,0.5145,2594.76,4683.43,3836.2,5329.4
Copy of IMG03435.JPG,pylon,0,0.4949,4983.79,5214.53,5594.99,6297.37
Copy of IMG03435.JPG,conductor,1,0.3785,0.0,3437.28,1832.35,4036.81
Copy of IMG03435.JPG,conductor,1,0.3255,10.1,4171.83,3385.23,5063.52
Copy of IMG03435.JPG,conductor,1,0.3196,1552.24,2757.81,4291.03,3225.13
Copy of IMG03435.JPG,conductor,1,0.3128,1315.41,5129.65,2907.23,5980.48
Copy of IMG03435.JPG,conductor,1,0.2928,2334.54,5913.56,2990.0,6304.85
Copy of IMG03435.JPG,conductor,1,0.2456,1380.5,3975.1,3905.13,4793.15
Copy of IMG03435.JPG,insulator,2,0.2266,5334.74,3777.93,5628.32,4049.76
Copy of IMG03435.JPG,conductor,1,0.2003,751.15,3064.29,1879.1,3444.54
Copy of IMG03435.JPG,pylon,0,0.1994,4950.33,4548.31,5587.14,6291.08
Copy of IMG03435.JPG,conductor,1,0.1968,1049.94,5167.52,2787.99,6106.22
Copy of IMG03435.JPG,conductor,1,0.175,6290.72,3733.03,9481.98,4215.79
Copy of IMG03435.JPG,conductor,1,0.1678,2219.61,4755.09,3711.13,5507.28
Copy of IMG03435.JPG,conductor,1,0.1629,5545.12,2725.63,9504.0,3359.24
Copy of IMG03435.JPG,conductor,1,0.156,7655.7,2368.16,9504.0,2833.67
Copy of IMG03435.JPG,conductor,1,0.1553,769.57,5710.61,1871.23,6305.83
Copy of IMG03435.JPG,conductor,1,0.1432,5960.55,2391.35,9504.0,2950.43
Copy of IMG03435.JPG,conductor,1,0.1369,1504.48,5054.17,3047.01,5833.36
Copy of IMG03435.JPG,insulator,2,0.1362,5229.56,3305.58,5584.32,3575.52
Copy of IMG03435.JPG,conductor,1,0.1143,1508.42,3123.5,4059.64,3815.36
Copy of IMG03435.JPG,conductor,1,0.1141,2554.58,5475.44,3709.03,6227.14
Copy of IMG03435.JPG,conductor,1,0.1076,2887.29,4645.46,3890.29,5226.73
Copy of IMG03435.JPG,insulator,2,0.1068,5162.03,5277.84,5549.47,5517.82
Copy of IMG03435.JPG,conductor,1,0.1019,1542.77,2873.74,4103.31,3744.74
Copy of IMG03435.JPG,conductor,1,0.0942,2881.14,5249.99,4057.22,6048.75
Copy of IMG03435.JPG,conductor,1,0.0932,3900.95,5846.92,4742.3,6306.74
Copy of IMG03435.JPG,conductor,1,0.0885,2355.91,3892.54,4266.04,4597.01
Copy of IMG03435.JPG,conductor,1,0.0876,837.69,5828.71,1731.95,6316.16
Copy of IMG03435.JPG,conductor,1,0.08,2341.31,2743.4,4250.82,3104.73
Copy of IMG03435.JPG,conductor,1,0.079,5437.47,2867.16,7547.13,3343.31
Copy of IMG03435.JPG,conductor,1,0.0773,5590.52,2398.37,9504.0,3176.65
Copy of IMG03435.JPG,conductor,1,0.0722,2318.56,5824.37,3156.2,6298.03
Copy of IMG03435.JPG,conductor,1,0.0712,1477.05,2817.64,4009.22,3328.12
Copy of IMG03435.JPG,conductor,1,0.0681,0.0,3424.35,740.06,4107.34
Copy of IMG03435.JPG,conductor,1,0.0677,1889.89,2733.7,4298.13,3143.95
Copy of IMG03435.JPG,conductor,1,0.065,5453.85,2828.63,8996.27,3343.21
Copy of IMG03435.JPG,conductor,1,0.0643,4101.05,5565.66,4900.03,6236.24
Copy of IMG03435.JPG,conductor,1,0.0624,21.62,3152.9,909.66,3531.67
Copy of IMG03435.JPG,conductor,1,0.0605,837.37,3108.71,1723.31,3432.96
Copy of IMG03435.JPG,pylon_fissure,3,0.0591,5023.75,5420.11,5508.11,6309.79
Copy of IMG03435.JPG,conductor,1,0.0547,504.34,3079.88,1839.93,3488.18
Copy of IMG03435.JPG,conductor,1,0.0533,0.63,3709.19,644.94,4043.39
Copy of IMG03435.JPG,conductor,1,0.0527,6789.07,2797.87,9503.93,3266.88
Copy of IMG03530.JPG,pylon,0,0.7855,4364.82,2054.55,4846.84,4580.62
Copy of IMG03530.JPG,insulator,2,0.4742,4358.06,1624.93,4608.65,1911.23
Copy of IMG03530.JPG,conductor,1,0.2124,5754.53,1157.25,6726.47,1663.15
Copy of IMG03530.JPG,insulator,2,0.136,4386.23,1905.36,4595.83,2183.83
Copy of IMG03530.JPG,conductor,1,0.1117,4889.85,751.67,6213.32,1264.68
Copy of IMG03530.JPG,insulator,2,0.1105,4371.75,1644.17,4606.88,2089.07
Copy of IMG03530.JPG,conductor,1,0.0761,5588.2,433.58,6736.1,937.85
Copy of IMG03530.JPG,conductor,1,0.0546,6879.28,635.8,7460.71,1004.15
Copy of IMG03530.JPG,conductor,1,0.0541,6901.3,50.65,7393.47,375.72
Copy of IMG00125.JPG,insulator,2,0.8725,4305.46,133.6,4588.68,398.16
Copy of IMG00125.JPG,pylon,0,0.8322,4754.67,638.15,5315.39,3297.59
Copy of IMG00125.JPG,insulator,2,0.6801,5682.18,6.09,5938.74,238.18
Copy of IMG00125.JPG,insulator,2,0.6735,5340.03,340.63,5548.1,591.89
Copy of IMG00125.JPG,conductor,1,0.6643,8.33,4931.58,781.64,5599.55
Copy of IMG00125.JPG,conductor,1,0.6208,285.92,5459.5,1141.78,6256.89
Copy of IMG00125.JPG,insulator,2,0.4787,4755.45,294.61,4997.84,569.08
Copy of IMG00125.JPG,conductor,1,0.309,937.48,4965.62,1818.24,5675.5
Copy of IMG00125.JPG,conductor,1,0.3014,235.38,3838.09,1403.53,4405.53
Copy of IMG00125.JPG,conductor,1,0.2663,2.37,4417.09,520.86,4956.9
Copy of IMG00125.JPG,conductor,1,0.2032,1855.36,4165.09,2845.07,4966.57
Copy of IMG00125.JPG,conductor,1,0.2,1154.55,3313.2,2082.57,3815.46
Copy of IMG00125.JPG,conductor,1,0.1972,297.22,3778.58,1417.1,4282.94
Copy of IMG00125.JPG,conductor,1,0.1753,1764.87,2750.82,2907.83,3326.36
Copy of IMG00125.JPG,conductor,1,0.1481,0.0,5844.66,487.61,6324.35
Copy of IMG00125.JPG,conductor,1,0.1337,666.78,4395.57,1477.37,4955.44
Copy of IMG00125.JPG,conductor,1,0.1192,1.4,5812.31,356.81,6327.99
Copy of IMG00125.JPG,conductor,1,0.1157,3539.4,400.45,4294.94,1040.76
Copy of IMG00125.JPG,conductor,1,0.1092,2.74,5776.32,639.07,6312.14
Copy of IMG00125.JPG,conductor,1,0.0989,60.94,5542.97,1036.71,6276.77
Copy of IMG00125.JPG,conductor,1,0.097,844.53,5018.49,1637.49,5712.03
Copy of IMG00125.JPG,conductor,1,0.0876,5272.38,784.86,5684.05,1137.04
Copy of IMG00125.JPG,conductor,1,0.0876,1847.75,2629.73,3048.13,3162.56
Copy of IMG00125.JPG,conductor,1,0.082,3883.09,1315.57,4593.81,1710.83
Copy of IMG00125.JPG,conductor,1,0.0801,4296.1,636.8,4664.92,1002.48
Copy of IMG00125.JPG,conductor,1,0.0774,0.0,4376.4,614.01,4853.69
Copy of IMG00125.JPG,conductor,1,0.072,55.94,4844.51,874.43,5509.87
Copy of IMG00125.JPG,conductor,1,0.0701,2957.75,2255.64,3892.88,2669.05
Copy of IMG00125.JPG,conductor,1,0.0687,3563.21,1492.98,4526.06,2086.6
Copy of IMG00125.JPG,conductor,1,0.0639,3074.96,2311.9,3857.38,2715.13
Copy of IMG00125.JPG,conductor,1,0.0634,843.1,4300.36,1643.07,4796.64
Copy of IMG00125.JPG,conductor,1,0.0627,576.93,4515.25,1358.05,5030.08
Copy of IMG00125.JPG,conductor,1,0.0621,0.0,5129.71,546.86,5765.82
Copy of IMG00125.JPG,conductor,1,0.0609,8.87,5067.23,645.13,5696.31
Copy of IMG00125.JPG,conductor,1,0.0595,586.3,3768.66,1522.77,4231.25
Copy of IMG00125.JPG,conductor,1,0.0595,21.11,5708.41,876.1,6300.69
Copy of IMG00125.JPG,conductor,1,0.0583,1678.99,2996.13,2609.09,3468.46
Copy of IMG00125.JPG,conductor,1,0.0569,733.01,4332.17,1573.48,4894.57
Copy of IMG00125.JPG,conductor,1,0.0564,2202.51,2537.39,3112.12,3059.44
Copy of IMG00125.JPG,insulator,2,0.0556,4343.97,87.47,4612.31,373.76
Copy of IMG00125.JPG,conductor,1,0.0552,3962.54,1264.56,4648.74,1686.14
Copy of IMG00125.JPG,conductor,1,0.0542,1601.12,3070.31,2529.33,3517.19
Copy of IMG00125.JPG,insulator,2,0.0542,4759.22,280.8,5073.24,585.8
Copy of IMG00125.JPG,conductor,1,0.0533,3663.78,385.36,4303.35,799.23
Copy of IMG00125.JPG,conductor,1,0.0521,0.0,5880.47,275.73,6333.89
Copy of IMG00125.JPG,conductor,1,0.0517,2529.58,3522.11,3844.75,4512.55
Copy of IMG00125.JPG,conductor,1,0.0509,3692.51,1410.54,4568.98,1931.44
Copy of IMG00125.JPG,conductor,1,0.0509,3813.75,1364.49,4531.25,1758.59
Copy of IMG00233.JPG,pylon,0,0.7495,4255.81,3920.34,4869.06,6272.37
Copy of IMG00233.JPG,insulator,2,0.678,4213.3,3253.27,4451.29,3531.07
Copy of IMG00233.JPG,insulator,2,0.5406,4531.18,3473.93,4774.78,3735.33
Copy of IMG00233.JPG,conductor,1,0.5114,37.82,4545.37,3813.5,5297.26
Copy of IMG00233.JPG,conductor,1,0.4662,8061.66,5802.44,9502.68,6336.0
Copy of IMG00233.JPG,insulator,2,0.4447,4766.77,3451.04,5065.6,3703.41
Copy of IMG00233.JPG,conductor,1,0.4348,537.28,4674.76,3351.24,5324.73
Copy of IMG00233.JPG,insulator,2,0.4157,3975.79,3056.67,4191.67,3302.2
Copy of IMG00233.JPG,conductor,1,0.4042,6.24,3132.79,3839.86,3906.26
Copy of IMG00233.JPG,conductor,1,0.321,8148.48,5189.97,9502.66,5757.23
Copy of IMG00233.JPG,conductor,1,0.3101,95.16,4117.22,3833.4,4737.07
Copy of IMG00233.JPG,conductor,1,0.2986,5549.48,432.49,6332.39,865.94
Copy of IMG00233.JPG,insulator,2,0.2589,4730.83,3443.33,4993.35,3697.08
Copy of IMG00233.JPG,insulator,2,0.2395,4568.31,3231.94,4843.13,3441.58
Copy of IMG00233.JPG,insulator,2,0.2165,4388.03,3014.07,4665.22,3207.89
Copy of IMG00233.JPG,conductor,1,0.1599,259.48,4187.94,4234.97,4815.19
Copy of IMG00233.JPG,insulator,2,0.1421,4542.36,3387.16,4816.66,3698.11
Copy of IMG00233.JPG,conductor,1,0.1324,5085.52,1427.57,6051.76,1875.72
Copy of IMG00233.JPG,insulator,2,0.1303,4227.58,3241.32,4468.49,3478.34
Copy of IMG00233.JPG,conductor,1,0.1279,0.0,3664.54,4084.26,4325.2
Copy of IMG00233.JPG,conductor,1,0.1194,5147.27,5254.28,7029.45,5859.28
Copy of IMG00233.JPG,conductor,1,0.1085,8345.95,5846.11,9504.0,6336.0
Copy of IMG00233.JPG,conductor,1,0.1036,7565.34,5711.08,9491.39,6336.0
Copy of IMG00233.JPG,conductor,1,0.0995,58.47,3339.13,3937.08,4049.39
Copy of IMG00233.JPG,conductor,1,0.0939,4778.99,433.15,5605.68,876.71
Copy of IMG00233.JPG,conductor,1,0.0932,6183.02,4623.81,8900.4,5280.43
Copy of IMG00233.JPG,conductor,1,0.0917,2348.87,1253.71,3510.2,1784.43
Copy of IMG00233.JPG,conductor,1,0.0758,4975.46,4234.06,6638.96,4774.46
Copy of IMG00233.JPG,conductor,1,0.0757,7227.96,5659.28,9306.02,6305.97
Copy of IMG00233.JPG,conductor,1,0.0665,27.57,4153.47,3940.74,5213.03
Copy of IMG00233.JPG,conductor,1,0.0633,1470.02,0.0,5617.41,739.71
Copy of IMG00233.JPG,conductor,1,0.0608,0.0,0.0,6175.72,829.83
Copy of IMG00233.JPG,insulator,2,0.0598,1.48,4092.67,404.84,4601.35
Copy of IMG00233.JPG,conductor,1,0.0563,4057.15,5394.45,4456.49,6288.95
Copy of IMG00233.JPG,conductor,1,0.0536,8047.85,4868.4,9500.73,5634.43
Copy of IMG00233.JPG,conductor,1,0.0533,5028.96,4434.06,9503.67,5463.36
Copy of IMG00233.JPG,conductor,1,0.0516,5161.52,3730.97,6346.27,4305.57
Copy of IMG03488.JPG,insulator,2,0.827,4564.9,700.08,4871.95,1073.86
Copy of IMG03488.JPG,conductor,1,0.7981,1192.64,4197.85,2506.45,5034.17
Copy of IMG03488.JPG,pylon,0,0.7507,5185.98,1084.39,5848.02,6300.81
Copy of IMG03488.JPG,insulator,2,0.713,6344.14,1140.77,6630.13,1480.24
Copy of IMG03488.JPG,insulator,2,0.6833,5491.03,653.85,5722.41,969.36
Copy of IMG03488.JPG,conductor,1,0.6541,3866.41,2401.33,5021.33,3386.07
Copy of IMG03488.JPG,pylon,0,0.6236,5140.91,1889.89,5755.61,6283.29
Copy of IMG03488.JPG,conductor,1,0.6148,2571.04,3259.34,3834.38,4059.26
Copy of IMG03488.JPG,conductor,1,0.5512,38.3,4727.07,1726.83,5671.71
Copy of IMG03488.JPG,conductor,1,0.4331,3312.32,1157.76,4335.73,1735.27
Copy of IMG03488.JPG,conductor,1,0.4045,7722.39,263.13,9058.82,1039.42
Copy of IMG03488.JPG,conductor,1,0.3822,2633.47,2180.6,3627.04,2900.85
Copy of IMG03488.JPG,conductor,1,0.3803,1252.54,3724.58,3688.74,5056.49
Copy of IMG03488.JPG,conductor,1,0.3748,3981.16,2329.83,5161.88,3269.58
Copy of IMG03488.JPG,conductor,1,0.2626,13.53,4755.35,1730.15,6123.38
Copy of IMG03488.JPG,conductor,1,0.2331,0.0,5307.4,716.5,6245.37
Copy of IMG03488.JPG,conductor,1,0.231,4789.63,2169.49,5377.56,2692.39
Copy of IMG03488.JPG,conductor,1,0.2087,2749.0,2127.12,3721.84,2826.89
Copy of IMG03488.JPG,conductor,1,0.1501,2662.57,1537.45,3619.21,2078.97
Copy of IMG03488.JPG,conductor,1,0.1485,3.78,2924.21,1131.94,3550.86
Copy of IMG03488.JPG,conductor,1,0.1465,6264.77,3567.2,9504.0,4212.57
Copy of IMG03488.JPG,conductor,1,0.1384,3694.78,1582.88,4598.69,2228.17
Copy of IMG03488.JPG,conductor,1,0.1263,3426.67,1056.76,4448.3,1594.99
Copy of IMG03488.JPG,conductor,1,0.1262,4628.81,2176.71,5385.37,2782.97
Copy of IMG03488.JPG,conductor,1,0.1261,3443.3,1757.37,4305.44,2330.41
Copy of IMG03488.JPG,conductor,1,0.1197,2770.72,3198.77,3953.16,3962.28
Copy of IMG03488.JPG,conductor,1,0.1156,3187.62,1210.01,4205.69,1809.13
Copy of IMG03488.JPG,conductor,1,0.113,1846.62,2063.64,2813.17,2562.66
Copy of IMG03488.JPG,conductor,1,0.1112,1889.79,1940.21,2937.84,2485.67
Copy of IMG03488.JPG,conductor,1,0.1072,1737.18,2756.14,2799.92,3359.38
Copy of IMG03488.JPG,conductor,1,0.1046,4281.02,1312.83,4971.33,1868.0
Copy of IMG03488.JPG,conductor,1,0.1025,4115.4,2258.58,5237.53,3144.44
Copy of IMG03488.JPG,conductor,1,0.1025,1204.94,4002.65,2688.23,5018.27
Copy of IMG03488.JPG,conductor,1,0.102,1037.32,2499.51,2009.56,3034.56
Copy of IMG03488.JPG,conductor,1,0.1018,3567.89,1621.43,4469.73,2304.73
Copy of IMG03488.JPG,conductor,1,0.1008,7093.85,199.47,7807.4,559.37
Copy of IMG03488.JPG,conductor,1,0.1001,2261.44,1781.03,3366.49,2282.28
Copy of IMG03488.JPG,conductor,1,0.1001,433.38,2950.01,1139.87,3361.33
Copy of IMG03488.JPG,conductor,1,0.1,9163.33,0.0,9504.0,312.79
Copy of IMG03488.JPG,conductor,1,0.0931,2395.06,3357.98,3633.52,4190.74
Copy of IMG03488.JPG,conductor,1,0.0922,0.0,2994.47,956.72,3659.62
Copy of IMG03488.JPG,conductor,1,0.0858,5937.49,1509.46,6412.4,1899.72
Copy of IMG03488.JPG,conductor,1,0.0833,0.0,5461.04,424.24,6251.94
Copy of IMG03488.JPG,conductor,1,0.0826,2410.5,2246.37,3469.04,3025.19
Copy of IMG03488.JPG,conductor,1,0.0782,3708.61,1023.52,4494.37,1499.44
Copy of IMG03488.JPG,conductor,1,0.0755,1.99,5533.31,289.66,6227.96
Copy of IMG03488.JPG,conductor,1,0.0725,2941.29,1995.51,3898.53,2581.65
Copy of IMG03488.JPG,conductor,1,0.0722,0.0,2901.09,1174.81,3392.56
Copy of IMG03488.JPG,conductor,1,0.0714,8914.52,0.0,9498.45,399.06
Copy of IMG03488.JPG,conductor,1,0.0706,3076.27,1320.56,4069.79,1893.18
Copy of IMG03488.JPG,conductor,1,0.0704,6179.97,225.13,6736.48,535.34
Copy of IMG03488.JPG,conductor,1,0.0704,3931.14,1501.66,4698.9,2114.71
Copy of IMG03488.JPG,conductor,1,0.0696,9108.12,26.67,9504.0,333.07
Copy of IMG03488.JPG,conductor,1,0.0694,1620.1,2790.34,2731.01,3475.85
Copy of IMG03488.JPG,conductor,1,0.0671,5899.04,0.0,6249.19,272.02
Copy of IMG03488.JPG,conductor,1,0.0664,9251.54,0.0,9503.29,291.2
Copy of IMG03488.JPG,conductor,1,0.0648,5857.72,1542.44,6343.42,1946.28
Copy of IMG03488.JPG,conductor,1,0.0644,2158.72,1824.44,3209.6,2317.21
Copy of IMG03488.JPG,conductor,1,0.0639,0.0,2940.58,1004.86,4450.03
Copy of IMG03488.JPG,conductor,1,0.0605,2095.25,1876.6,3150.31,2433.42
Copy of IMG03488.JPG,conductor,1,0.0597,0.0,3033.36,1331.38,4551.95
Copy of IMG03488.JPG,conductor,1,0.0596,3362.97,1791.11,4216.91,2406.0
Copy of IMG03488.JPG,conductor,1,0.0587,2477.73,1597.49,3557.97,2181.44
Copy of IMG03488.JPG,conductor,1,0.0587,6139.26,3465.34,9478.75,4351.57
Copy of IMG03488.JPG,conductor,1,0.0577,4140.71,1347.65,4962.74,1958.07
Copy of IMG03488.JPG,conductor,1,0.0569,6506.65,244.41,7655.36,597.69
Copy of IMG03488.JPG,conductor,1,0.0569,2792.51,2042.71,3813.39,2681.46
Copy of IMG03488.JPG,insulator,2,0.0567,4664.43,711.56,4968.41,1100.26
Copy of IMG03488.JPG,conductor,1,0.0567,4421.21,2193.32,5309.34,2989.3
Copy of IMG03488.JPG,conductor,1,0.0553,4001.92,1445.42,4820.22,2066.63
Copy of IMG03488.JPG,conductor,1,0.0551,3567.53,2595.09,4887.0,3513.77
Copy of IMG03488.JPG,pylon,0,0.0549,5147.48,3159.72,5800.73,6306.85
Copy of IMG03488.JPG,conductor,1,0.0539,7723.1,0.0,8112.84,249.83
Copy of IMG03488.JPG,conductor,1,0.0532,417.43,2866.17,1314.13,3340.32
Copy of IMG03488.JPG,conductor,1,0.052,7101.65,0.0,7523.04,227.61
Copy of IMG03488.JPG,conductor,1,0.0518,4247.59,2280.31,5202.73,2979.08
Copy of IMG00229.JPG,conductor,1,0.8692,6241.68,4297.49,7649.86,6309.34
Copy of IMG00229.JPG,insulator,2,0.8273,6078.43,3396.41,6386.49,3788.41
Copy of IMG00229.JPG,insulator,2,0.7629,5224.11,3274.89,5471.06,3560.46
Copy of IMG00229.JPG,insulator,2,0.7043,4267.7,3483.46,4636.16,3847.51
Copy of IMG00229.JPG,conductor,1,0.7021,5718.91,5325.66,6544.68,6336.0
Copy of IMG00229.JPG,pylon,0,0.5283,5146.76,3630.0,5586.45,6303.22
Copy of IMG00229.JPG,conductor,1,0.488,5823.33,1359.42,9252.55,2152.51
Copy of IMG00229.JPG,conductor,1,0.3962,6456.7,3097.91,9432.65,3732.04
Copy of IMG00229.JPG,insulator,2,0.2748,4.21,2044.95,287.7,2424.06
Copy of IMG00229.JPG,conductor,1,0.1786,8766.55,4330.62,9501.85,5574.34
Copy of IMG00229.JPG,conductor,1,0.1396,5728.21,1327.14,9259.25,2797.05
Copy of IMG00229.JPG,insulator,2,0.133,9336.79,1468.8,9504.0,1970.84
Copy of IMG00229.JPG,conductor,1,0.1159,2103.62,5374.23,3555.69,6012.24
Copy of IMG00229.JPG,conductor,1,0.0946,6388.84,3632.46,9446.46,4308.38
Copy of IMG00229.JPG,conductor,1,0.0924,8068.3,414.9,9500.71,1221.77
Copy of IMG00229.JPG,conductor,1,0.0798,5.39,3459.35,733.31,4367.71
Copy of IMG00229.JPG,conductor,1,0.0654,3854.66,889.36,5538.53,1655.06
Copy of IMG00229.JPG,conductor,1,0.0599,2093.01,5386.88,4289.46,5996.15
Copy of IMG00229.JPG,conductor,1,0.0561,3315.92,5370.14,4700.67,5932.18
Copy of IMG00229.JPG,insulator,2,0.0524,3.09,2052.77,360.88,2522.14
Copy of IMG00229.JPG,conductor,1,0.0514,4654.88,4493.85,5191.58,5106.22
Copy of IMG00229.JPG,conductor,1,0.0502,5807.16,1724.11,9250.04,2842.71
Copy of IMG00435.JPG,insulator,2,0.8364,2989.71,2168.77,3489.02,2576.89
Copy of IMG00435.JPG,conductor,1,0.7404,1904.67,5370.79,2660.81,6281.76
Copy of IMG00435.JPG,conductor,1,0.6539,838.54,5280.94,1723.84,6276.41
Copy of IMG00435.JPG,insulator,2,0.6259,4839.53,2608.01,5225.14,2907.64
Copy of IMG00435.JPG,conductor,1,0.5873,1736.48,4435.92,2625.98,5310.43
Copy of IMG00435.JPG,conductor,1,0.5664,8189.06,4556.65,9265.51,5099.83
Copy of IMG00435.JPG,pylon,0,0.544,3648.81,3886.67,4257.68,6273.1
Copy of IMG00435.JPG,conductor,1,0.5391,1216.72,2963.24,2861.48,4497.85
Copy of IMG00435.JPG,insulator,2,0.5246,3912.42,2229.08,4338.96,2534.53
Copy of IMG00435.JPG,conductor,1,0.5147,5461.36,3552.93,6430.05,4098.93
Copy of IMG00435.JPG,conductor,1,0.4764,1.55,5058.13,755.52,6045.18
Copy of IMG00435.JPG,conductor,1,0.4469,6865.32,4080.39,8003.47,4631.98
Copy of IMG00435.JPG,conductor,1,0.4407,5544.58,3017.6,7148.89,3681.21
Copy of IMG00435.JPG,insulator,2,0.3913,4409.02,3146.25,4762.13,3410.61
Copy of IMG00435.JPG,conductor,1,0.391,2857.71,4268.21,3680.07,5392.74
Copy of IMG00435.JPG,conductor,1,0.3893,5009.31,4033.89,6454.61,4771.41
Copy of IMG00435.JPG,conductor,1,0.3836,360.01,2981.02,2828.86,4695.24
Copy of IMG00435.JPG,conductor,1,0.38,1.19,4935.31,849.2,5919.9
Copy of IMG00435.JPG,conductor,1,0.3783,5329.29,2949.15,6605.67,3517.99
Copy of IMG00435.JPG,conductor,1,0.3562,842.72,4254.24,1750.22,4949.02
Copy of IMG00435.JPG,insulator,2,0.3486,4385.59,2631.77,4750.77,2921.54
Copy of IMG00435.JPG,conductor,1,0.3477,1469.23,2923.26,2846.69,4098.74
Copy of IMG00435.JPG,insulator,2,0.3185,4760.05,2291.2,5213.85,2597.73
Copy of IMG00435.JPG,conductor,1,0.3031,980.3,5155.76,1825.04,6206.43
Copy of IMG00435.JPG,conductor,1,0.3025,5226.34,4081.98,6620.31,4828.54
Copy of IMG00435.JPG,conductor,1,0.2974,4899.88,3296.44,5610.85,3769.63
Copy of IMG00435.JPG,conductor,1,0.296,8598.46,5282.66,9504.0,6007.68
Copy of IMG00435.JPG,conductor,1,0.2891,6974.98,3563.46,8622.98,4158.7
Copy of IMG00435.JPG,conductor,1,0.2784,5726.63,3088.42,7255.59,3739.33
Copy of IMG00435.JPG,conductor,1,0.2718,35.0,4695.27,1182.79,5472.37
Copy of IMG00435.JPG,conductor,1,0.2717,1161.42,5103.14,1873.79,5980.11
Copy of IMG00435.JPG,conductor,1,0.2663,5389.39,4173.76,6819.53,4920.95
Copy of IMG00435.JPG,conductor,1,0.2513,7149.7,4741.12,8261.55,5417.43
Copy of IMG00435.JPG,conductor,1,0.2511,6656.73,4006.99,7764.56,4572.67
Copy of IMG00435.JPG,conductor,1,0.2382,2517.09,3750.99,3255.57,4439.79
Copy of IMG00435.JPG,conductor,1,0.236,6147.89,3837.79,7222.88,4357.75
Copy of IMG00435.JPG,conductor,1,0.2321,7538.89,3755.32,8998.77,4395.44
Copy of IMG00435.JPG,conductor,1,0.2222,8276.39,4059.8,9476.11,4590.16
Copy of IMG00435.JPG,conductor,1,0.2199,9.04,3109.78,2831.26,5222.06
Copy of IMG00435.JPG,conductor,1,0.2192,4951.08,3954.01,6283.2,4689.47
Copy of IMG00435.JPG,conductor,1,0.2132,6971.8,4119.85,8184.91,4691.55
Copy of IMG00435.JPG,insulator,2,0.2088,4383.67,3696.48,4715.09,3960.09
Copy of IMG00435.JPG,conductor,1,0.2043,3050.73,2999.71,3452.39,3548.1
Copy of IMG00435.JPG,conductor,1,0.1995,6709.79,3465.44,8130.28,4090.28
Copy of IMG00435.JPG,conductor,1,0.1975,8045.27,3975.22,9397.29,4559.89
Copy of IMG00435.JPG,conductor,1,0.1953,5206.72,3472.07,6246.4,4000.21
Copy of IMG00435.JPG,conductor,1,0.1945,6476.77,3962.36,7676.31,4531.16
Copy of IMG00435.JPG,conductor,1,0.1897,2648.29,4455.43,3507.05,5538.79
Copy of IMG00435.JPG,conductor,1,0.1872,3044.76,4186.06,3744.98,5146.83
Copy of IMG00435.JPG,conductor,1,0.1853,8415.37,4689.71,9499.5,5269.88
Copy of IMG00435.JPG,conductor,1,0.1841,1.66,3163.41,2003.59,5888.62
Copy of IMG00435.JPG,conductor,1,0.1752,6002.14,3768.78,7050.31,4323.51
Copy of IMG00435.JPG,conductor,1,0.1739,4880.05,3260.35,5471.83,3706.66
Copy of IMG00435.JPG,conductor,1,0.1729,0.0,5173.11,687.0,6229.98
Copy of IMG00435.JPG,conductor,1,0.1668,6290.64,3300.01,7953.84,3950.02
Copy of IMG00435.JPG,conductor,1,0.1642,2474.17,4771.95,3254.14,5691.64
Copy of IMG00435.JPG,conductor,1,0.1624,8299.65,5203.08,9485.78,5900.66
Copy of IMG00435.JPG,conductor,1,0.1593,5552.88,4238.33,6995.15,4975.17
Copy of IMG00435.JPG,insulator,2,0.1561,3987.18,2699.56,4298.16,2913.65
Copy of IMG00435.JPG,conductor,1,0.1553,7350.08,3682.1,8842.08,4349.29
Copy of IMG00435.JPG,conductor,1,0.1526,7424.77,4914.45,8730.93,5565.9
Copy of IMG00435.JPG,conductor,1,0.1517,6336.41,4460.4,7565.64,5134.06
Copy of IMG00435.JPG,conductor,1,0.1499,1817.59,4325.93,2705.63,5170.13
Copy of IMG00435.JPG,conductor,1,0.1495,4905.52,3891.0,5839.24,4511.07
Copy of IMG00435.JPG,conductor,1,0.1492,2551.21,4582.38,3346.11,5628.79
Copy of IMG00435.JPG,conductor,1,0.1488,4839.29,3837.57,5684.66,4425.11
Copy of IMG00435.JPG,conductor,1,0.1455,6550.82,3420.13,8018.9,4012.82
Copy of IMG00435.JPG,conductor,1,0.1444,4941.52,3320.16,5728.33,3831.23
Copy of IMG00435.JPG,conductor,1,0.1393,5843.67,3144.52,7377.52,3844.66
Copy of IMG00435.JPG,conductor,1,0.1378,8739.59,5311.42,9502.03,6264.23
Copy of IMG00435.JPG,conductor,1,0.1371,1792.2,5539.1,2532.74,6315.03
Copy of IMG00435.JPG,conductor,1,0.1326,8321.15,4617.41,9481.05,5186.51
Copy of IMG00435.JPG,conductor,1,0.1325,5789.61,3723.15,6950.81,4287.23
Copy of IMG00435.JPG,conductor,1,0.1309,3295.57,3396.29,3711.58,3800.76
Copy of IMG00435.JPG,conductor,1,0.1302,7213.12,4241.47,8323.34,4782.39
Copy of IMG00435.JPG,conductor,1,0.1273,2.4,82.95,586.41,586.96
Copy of IMG00435.JPG,conductor,1,0.1272,7217.48,3647.27,8712.95,4245.88
Copy of IMG00435.JPG,conductor,1,0.1264,8016.72,4461.17,9105.2,5038.1
Copy of IMG00435.JPG,conductor,1,0.126,5987.02,3178.28,7806.16,3919.92
Copy of IMG00435.JPG,conductor,1,0.1238,8770.36,4772.75,9504.0,5289.48
Copy of IMG00435.JPG,conductor,1,0.123,5481.94,2897.04,7426.48,3717.59
Copy of IMG00435.JPG,conductor,1,0.1217,7240.89,4808.03,8422.03,5507.31
Copy of IMG00435.JPG,conductor,1,0.1141,6313.68,3879.78,7541.56,4448.44
Copy of IMG00435.JPG,conductor,1,0.1119,802.45,5573.04,1459.14,6295.6
Copy of IMG00435.JPG,insulator,2,0.1078,4217.55,3117.39,4437.07,3319.03
Copy of IMG00435.JPG,conductor,1,0.1051,4.31,4762.74,1035.58,5775.88
Copy of IMG00435.JPG,conductor,1,0.1012,7689.46,5006.79,8915.86,5631.91
Copy of IMG00435.JPG,conductor,1,0.1005,5575.58,3675.71,6854.54,4178.24
Copy of IMG00435.JPG,conductor,1,0.0996,7739.72,3879.65,9207.18,4440.05
Copy of IMG00435.JPG,conductor,1,0.0979,2680.02,2785.64,3101.89,3344.93
Copy of IMG00435.JPG,conductor,1,0.0978,0.0,577.08,579.88,1263.19
Copy of IMG00435.JPG,conductor,1,0.0952,5556.7,3604.88,6610.52,4145.49
Copy of IMG00435.JPG,conductor,1,0.0948,5050.87,3395.28,5964.27,3907.24
Copy of IMG00435.JPG,conductor,1,0.0884,547.54,4217.29,1767.36,4955.91
Copy of IMG00435.JPG,conductor,1,0.0883,2033.05,5217.31,2781.49,6241.17
Copy of IMG00435.JPG,conductor,1,0.0878,1.18,46.55,372.05,601.33
Copy of IMG00435.JPG,conductor,1,0.0868,3377.49,3970.92,3879.85,4771.99
Copy of IMG00435.JPG,insulator,2,0.0853,4809.43,2447.56,5244.51,2865.31
Copy of IMG00435.JPG,conductor,1,0.083,7768.77,4388.14,8918.83,4952.97
Copy of IMG00435.JPG,conductor,1,0.0825,2646.42,2794.74,3079.59,3515.59
Copy of IMG00435.JPG,conductor,1,0.0821,8448.66,4125.95,9496.72,4651.05
Copy of IMG00435.JPG,conductor,1,0.0808,7960.72,5060.63,9109.35,5685.9
Copy of IMG00435.JPG,conductor,1,0.0803,1624.99,4565.79,2460.06,5403.5
Copy of IMG00435.JPG,conductor,1,0.0721,6484.99,4551.38,7710.01,5196.26
Copy of IMG00435.JPG,conductor,1,0.0719,5254.99,2914.48,6345.05,3416.04
Copy of IMG00435.JPG,conductor,1,0.0691,1772.54,5721.45,2339.82,6325.78
Copy of IMG00435.JPG,conductor,1,0.0689,6716.42,4588.3,7927.07,5239.98
Copy of IMG00435.JPG,conductor,1,0.0684,5203.47,2884.53,6044.25,3398.19
Copy of IMG00435.JPG,conductor,1,0.0679,3456.18,3115.9,3893.77,3629.68
Copy of IMG00435.JPG,conductor,1,0.0679,8961.69,5345.44,9503.3,5946.4
Copy of IMG00435.JPG,insulator,2,0.0661,3717.19,2384.48,3953.55,2658.15
Copy of IMG00435.JPG,conductor,1,0.0653,2411.75,4885.98,3124.94,5741.22
Copy of IMG00435.JPG,conductor,1,0.0648,7418.42,4329.98,8548.52,4850.42
Copy of IMG00435.JPG,conductor,1,0.0642,11.7,1958.54,1847.51,3453.71
Copy of IMG00435.JPG,conductor,1,0.0636,1192.09,5037.03,2010.89,5906.01
Copy of IMG00435.JPG,conductor,1,0.0613,1.71,442.59,361.51,1196.86
Copy of IMG00435.JPG,insulator,2,0.0595,3068.72,2307.94,3470.53,2693.45
Copy of IMG00435.JPG,conductor,1,0.0594,2316.4,4916.6,3078.72,5886.8
Copy of IMG00435.JPG,conductor,1,0.0591,3257.78,4004.93,3868.82,4901.93
Copy of IMG00435.JPG,conductor,1,0.0588,5882.56,4366.01,7306.56,5073.56
Copy of IMG00435.JPG,conductor,1,0.0582,5456.11,3005.14,6661.8,3596.16
Copy of IMG00435.JPG,conductor,1,0.058,0.87,0.0,235.87,448.28
Copy of IMG00435.JPG,conductor,1,0.0574,1501.69,4744.4,2357.39,5505.75
Copy of IMG00435.JPG,conductor,1,0.0547,1.39,344.56,284.22,1176.69
Copy of IMG00435.JPG,conductor,1,0.053,1847.26,2891.65,2891.98,3889.92
Copy of IMG00435.JPG,insulator,2,0.0527,4109.27,3624.24,4410.51,3827.69
Copy of IMG00435.JPG,conductor,1,0.0511,7651.77,4357.81,8768.03,4903.66
Copy of IMG00435.JPG,insulator,2,0.0504,4383.03,3677.02,4775.34,4005.49
Copy of IMG03385.JPG,insulator,2,0.2333,7004.98,1297.58,7467.28,1708.92
Copy of IMG03385.JPG,insulator,2,0.1716,4361.33,1615.47,4870.06,2210.3
Copy of IMG03385.JPG,insulator,2,0.1309,7723.39,1718.44,8159.54,2270.88
Copy of IMG03385.JPG,insulator,2,0.1201,6877.38,1377.85,7316.84,1891.55
Copy of IMG03385.JPG,insulator,2,0.1069,6860.64,1625.54,7175.5,1922.85
Copy of IMG03385.JPG,insulator,2,0.0778,6910.25,1302.28,7390.07,1801.66
Copy of IMG03385.JPG,conductor,1,0.0625,56.83,2323.66,3813.9,3055.77
Copy of IMG00267.JPG,conductor,1,0.3239,99.64,3094.94,4992.32,4056.35
Copy of IMG00267.JPG,conductor,1,0.2213,5238.72,937.19,7484.29,1600.39
Copy of IMG00267.JPG,conductor,1,0.1771,0.0,2960.82,6663.74,3945.82
Copy of IMG00267.JPG,conductor,1,0.1109,0.0,1966.7,6743.28,2850.61
Copy of IMG00267.JPG,conductor,1,0.1003,6701.74,2194.21,8569.78,3058.66
Copy of IMG00267.JPG,conductor,1,0.0918,112.79,2768.88,7400.92,3771.56
Copy of IMG00267.JPG,conductor,1,0.0901,1665.97,2637.63,8036.19,3593.99
Copy of IMG00267.JPG,conductor,1,0.0822,30.88,3194.1,2226.17,4214.14
Copy of IMG00267.JPG,conductor,1,0.0631,1865.01,2816.65,4385.22,3799.39
Copy of IMG00267.JPG,conductor,1,0.0593,66.81,2216.15,5812.8,2977.47
Copy of IMG00267.JPG,conductor,1,0.0591,28.86,2352.14,4194.07,3207.97
Copy of IMG00267.JPG,conductor,1,0.0502,69.89,3173.88,3498.55,4169.46
Copy of IMG00179.JPG,pylon,0,0.9288,4023.17,4067.74,4560.68,6292.32
Copy of IMG00179.JPG,insulator,2,0.4691,4476.71,3748.0,4691.67,3968.19
Copy of IMG00179.JPG,insulator,2,0.3949,3952.29,3270.71,4305.27,3505.34
Copy of IMG00179.JPG,insulator,2,0.3495,3914.96,3286.9,4217.42,3528.37
Copy of IMG00179.JPG,insulator,2,0.2772,2171.85,1338.58,2453.21,1685.9
Copy of IMG00179.JPG,insulator,2,0.2718,4005.97,3246.26,4354.04,3495.3
Copy of IMG00179.JPG,insulator,2,0.1888,4173.25,3879.76,4376.05,4073.82
Copy of IMG00179.JPG,insulator,2,0.1743,3817.95,3827.7,4026.42,3998.78
Copy of IMG00179.JPG,insulator,2,0.1233,3839.37,3762.67,4033.93,3917.71
Copy of IMG00179.JPG,insulator,2,0.1147,3626.25,3829.3,3828.61,4023.07
Copy of IMG00179.JPG,conductor,1,0.0937,6170.51,5705.02,7163.26,6292.12
Copy of IMG00179.JPG,insulator,2,0.092,2190.05,1303.2,2468.51,1598.8
Copy of IMG00179.JPG,insulator,2,0.0839,3867.61,3377.34,4146.44,3598.73
Copy of IMG00179.JPG,insulator,2,0.0689,3882.52,3913.82,4071.11,4100.99
Copy of IMG00179.JPG,insulator,2,0.064,3585.52,3818.96,3779.79,4009.97
Copy of IMG00179.JPG,insulator,2,0.0616,2237.04,1257.07,2467.24,1533.82
Copy of IMG00179.JPG,insulator,2,0.061,3779.21,3308.93,4061.57,3556.15
Copy of IMG00179.JPG,insulator,2,0.0607,3786.67,3278.72,4029.44,3491.39
Copy of IMG00461.JPG,insulator,2,0.7792,4324.6,2349.62,4638.34,2686.39
Copy of IMG00461.JPG,insulator,2,0.6336,5163.78,2603.95,5554.1,2933.88
Copy of IMG00461.JPG,conductor,1,0.6082,3154.43,5037.92,3634.03,6243.87
Copy of IMG00461.JPG,conductor,1,0.5798,3154.56,4077.68,3649.13,6244.09
Copy of IMG00461.JPG,insulator,2,0.5491,3390.26,2420.02,3759.09,2782.69
Copy of IMG00461.JPG,conductor,1,0.5342,3418.01,2864.65,3724.53,3501.62
Copy of IMG00461.JPG,pylon,0,0.3881,4124.99,2890.28,4613.18,6273.1
Copy of IMG00461.JPG,conductor,1,0.3826,3389.91,2838.26,3713.27,3659.19
Copy of IMG00461.JPG,conductor,1,0.2642,7899.72,5411.07,8426.57,6015.68
Copy of IMG00461.JPG,conductor,1,0.2515,5175.82,2986.81,5454.58,3548.8
Copy of IMG00461.JPG,conductor,1,0.2371,4964.12,3015.29,5372.61,3589.99
Copy of IMG00461.JPG,conductor,1,0.1733,3285.02,2950.11,3649.13,3542.71
Copy of IMG00461.JPG,conductor,1,0.1611,6316.33,5339.1,6935.36,6074.83
Copy of IMG00461.JPG,conductor,1,0.131,3191.24,3797.4,3692.86,5892.03
Copy of IMG00461.JPG,conductor,1,0.1309,4311.82,2851.52,4565.36,3355.27
Copy of IMG00461.JPG,conductor,1,0.1255,7068.77,4848.02,7827.52,5456.17
Copy of IMG00461.JPG,conductor,1,0.1203,4847.58,3071.88,5244.23,3613.28
Copy of IMG00461.JPG,conductor,1,0.115,7935.41,5536.7,8453.49,6056.72
Copy of IMG00461.JPG,conductor,1,0.1133,5060.06,2996.13,5349.36,3531.05
Copy of IMG00461.JPG,conductor,1,0.1101,8823.47,5160.04,9427.89,5666.24
Copy of IMG00461.JPG,conductor,1,0.0965,3229.2,5101.5,3525.7,6262.87
Copy of IMG00461.JPG,conductor,1,0.089,3742.66,2799.07,4057.74,3244.8
Copy of IMG00461.JPG,conductor,1,0.0833,7827.0,5405.76,8372.94,5883.28
Copy of IMG00461.JPG,conductor,1,0.0813,3671.28,2912.53,4015.65,3519.75
Copy of IMG00461.JPG,conductor,1,0.0812,3725.0,2841.93,4039.66,3319.26
Copy of IMG00461.JPG,conductor,1,0.0788,3158.81,5419.84,3583.76,6253.54
Copy of IMG00461.JPG,conductor,1,0.0787,7559.94,5157.48,8119.68,5597.47
Copy of IMG00461.JPG,conductor,1,0.0776,8778.45,4372.3,9462.45,4884.92
Copy of IMG00461.JPG,conductor,1,0.0736,7168.22,4980.33,7855.23,5460.06
Copy of IMG00461.JPG,conductor,1,0.0725,4756.02,3078.29,5131.58,3601.77
Copy of IMG00461.JPG,conductor,1,0.0655,7417.91,5099.17,8097.72,5547.72
Copy of IMG00461.JPG,conductor,1,0.0652,7215.61,5470.79,7728.45,5991.91
Copy of IMG00461.JPG,conductor,1,0.0628,4644.64,3071.75,5003.54,3605.03
Copy of IMG00461.JPG,conductor,1,0.0611,7627.46,5237.5,8242.04,5732.41
Copy of IMG00461.JPG,conductor,1,0.0596,7627.92,4365.92,8435.4,5010.36
Copy of IMG00461.JPG,conductor,1,0.0594,4936.96,2968.43,5273.2,3541.51
Copy of IMG00461.JPG,conductor,1,0.0589,4871.31,2900.79,5202.36,3333.3
Copy of IMG00461.JPG,conductor,1,0.0579,1725.75,5464.34,2330.91,6052.35
Copy of IMG00461.JPG,conductor,1,0.0574,7715.42,5298.82,8346.56,5783.18
Copy of IMG00461.JPG,conductor,1,0.0565,3730.89,2918.74,4131.83,3525.64
Copy of IMG00461.JPG,conductor,1,0.0564,4382.83,2848.83,4615.13,3183.88
Copy of IMG00461.JPG,conductor,1,0.056,4771.76,2837.08,5125.0,3206.27
Copy of IMG00461.JPG,conductor,1,0.0558,8239.76,4807.48,8899.59,5407.58
Copy of IMG00461.JPG,conductor,1,0.0558,5021.47,2962.4,5412.42,3672.04
Copy of IMG00461.JPG,conductor,1,0.0552,6276.59,5484.23,6871.75,6069.52
Copy of IMG00461.JPG,conductor,1,0.0547,8774.72,5243.21,9344.3,5729.09
Copy of IMG00461.JPG,conductor,1,0.0539,7575.63,5219.8,8142.57,5684.53
Copy of IMG00461.JPG,conductor,1,0.0537,7802.36,5336.91,8407.09,5817.39
Copy of IMG00461.JPG,conductor,1,0.0536,3740.59,2877.88,4118.89,3390.47
Copy of IMG00461.JPG,conductor,1,0.0535,7234.05,5025.94,7972.49,5503.59
Copy of IMG00461.JPG,conductor,1,0.0534,9252.97,4858.26,9502.3,5399.7
Copy of IMG00461.JPG,conductor,1,0.0526,4792.06,2867.41,5153.75,3293.78
Copy of IMG00461.JPG,conductor,1,0.0514,3455.09,2920.01,3809.18,3501.78
Copy of IMG00461.JPG,conductor,1,0.0508,3444.48,2836.37,3819.34,3373.89
Copy of IMG00461.JPG,conductor,1,0.0506,1625.91,5522.82,2272.83,6081.83
Copy of IMG00461.JPG,conductor,1,0.0504,3912.67,2679.3,4226.8,3013.24
Copy of IMG03455.JPG,insulator,2,0.7712,3433.41,3360.47,3833.69,3813.11
Copy of IMG03455.JPG,insulator,2,0.6941,4189.91,3001.08,4493.06,3344.71
Copy of IMG03455.JPG,conductor,1,0.6916,5554.24,3742.93,9471.56,4581.53
Copy of IMG03455.JPG,conductor,1,0.6683,6685.82,3511.25,9485.16,4171.43
Copy of IMG03455.JPG,insulator,2,0.6651,6542.39,5577.13,7013.69,6048.62
Copy of IMG03455.JPG,conductor,1,0.6549,1708.91,3502.25,3271.21,4105.67
Copy of IMG03455.JPG,conductor,1,0.5965,1638.01,4954.38,3028.09,6264.98
Copy of IMG03455.JPG,conductor,1,0.4711,5496.72,3511.8,9504.0,4474.9
Copy of IMG03455.JPG,conductor,1,0.436,1654.38,4753.67,3370.4,6238.39
Copy of IMG03455.JPG,conductor,1,0.4212,5524.38,3895.26,8442.6,4572.7
Copy of IMG03455.JPG,insulator,2,0.3696,5289.64,4237.38,5679.48,4580.24
Copy of IMG03455.JPG,conductor,1,0.339,5689.81,3233.47,7248.96,3752.85
Copy of IMG03455.JPG,conductor,1,0.2806,7119.95,4948.05,9442.34,5656.38
Copy of IMG03455.JPG,conductor,1,0.2785,4788.71,2483.4,6977.65,3074.07
Copy of IMG03455.JPG,insulator,2,0.2749,4603.55,4633.13,5012.62,5126.73
Copy of IMG03455.JPG,conductor,1,0.2252,4731.66,2464.43,8600.41,3022.35
Copy of IMG03455.JPG,conductor,1,0.2139,5274.61,3589.39,9504.0,4249.37
Copy of IMG03455.JPG,conductor,1,0.2101,5515.67,3276.58,7079.27,3799.52
Copy of IMG03455.JPG,conductor,1,0.1897,7653.84,2022.11,9249.2,2570.77
Copy of IMG03455.JPG,conductor,1,0.189,1569.79,3568.63,3179.21,4186.4
Copy of IMG03455.JPG,conductor,1,0.1559,2060.86,4145.29,3502.15,4826.1
Copy of IMG03455.JPG,insulator,2,0.1346,3379.62,3365.2,3802.11,3886.65
Copy of IMG03455.JPG,pylon,0,0.1233,3968.71,3953.8,4890.29,6283.97
Copy of IMG03455.JPG,conductor,1,0.12,1611.27,5484.32,2820.44,6277.47
Copy of IMG03455.JPG,conductor,1,0.119,7236.2,2053.13,9173.46,2620.74
Copy of IMG03455.JPG,conductor,1,0.1134,5940.81,2254.4,8557.76,2763.29
Copy of IMG03455.JPG,conductor,1,0.1133,1897.89,3450.86,3318.75,4004.48
Copy of IMG03455.JPG,conductor,1,0.1117,5728.05,3165.19,7642.88,3702.04
Copy of IMG03455.JPG,conductor,1,0.1037,4782.67,2340.3,9330.83,3130.28
Copy of IMG03455.JPG,insulator,2,0.0962,5950.45,6059.86,6317.0,6336.0
Copy of IMG03455.JPG,conductor,1,0.0959,7959.49,4494.85,9504.0,5403.27
Copy of IMG03455.JPG,pylon,0,0.0862,4112.72,5202.65,4939.21,6294.13
Copy of IMG03455.JPG,conductor,1,0.0837,448.23,3950.27,2343.93,4585.11
Copy of IMG03455.JPG,conductor,1,0.0835,8564.98,3073.39,9504.0,3733.58
Copy of IMG03455.JPG,conductor,1,0.0832,6752.75,2108.43,9032.75,2677.27
Copy of IMG03455.JPG,conductor,1,0.0692,155.19,4027.42,2364.76,4673.63
Copy of IMG03455.JPG,conductor,1,0.068,5969.24,3089.0,7907.15,3653.82
Copy of IMG03455.JPG,conductor,1,0.0651,355.09,4319.45,2428.4,5034.36
Copy of IMG03455.JPG,conductor,1,0.0644,7789.42,1970.95,9503.2,2535.46
Copy of IMG03455.JPG,conductor,1,0.0642,8670.39,1721.35,9504.0,2367.87
Copy of IMG03455.JPG,conductor,1,0.0636,7569.24,4559.14,9504.0,5511.12
Copy of IMG03455.JPG,conductor,1,0.0594,451.03,4097.07,2446.74,4743.93
Copy of IMG03455.JPG,conductor,1,0.0573,6924.14,3188.54,9504.0,4214.33
Copy of IMG03455.JPG,conductor,1,0.0561,8716.99,2162.85,9500.34,2546.77
Copy of IMG03543.JPG,pylon,0,0.6504,4157.1,2729.35,4628.57,6237.58
Copy of IMG03543.JPG,conductor,1,0.3819,0.0,4317.91,898.17,5292.75
Copy of IMG03543.JPG,conductor,1,0.287,739.51,3714.76,2382.52,4498.89
Copy of IMG03543.JPG,conductor,1,0.2407,2691.87,3073.5,3630.04,3598.14
Copy of IMG03543.JPG,conductor,1,0.16,2485.06,3124.76,3557.53,3632.19
Copy of IMG03543.JPG,conductor,1,0.1515,1926.16,3169.55,3490.66,3712.08
Copy of IMG03543.JPG,conductor,1,0.1513,1668.78,3311.59,3250.61,3889.15
Copy of IMG03543.JPG,conductor,1,0.1266,953.21,3575.02,2693.78,4440.99
Copy of IMG03543.JPG,conductor,1,0.1193,1085.37,3454.32,2887.15,4212.63
Copy of IMG03543.JPG,conductor,1,0.1111,7073.63,1665.97,8572.67,2124.43
Copy of IMG03543.JPG,conductor,1,0.1016,2774.81,3210.31,3471.91,3580.27
Copy of IMG03543.JPG,conductor,1,0.1008,2724.52,2942.16,4015.38,3548.74
Copy of IMG03543.JPG,conductor,1,0.1006,2829.75,2867.15,4133.51,3356.9
Copy of IMG03543.JPG,conductor,1,0.0969,6969.55,1729.55,8420.32,2202.06
Copy of IMG03543.JPG,conductor,1,0.0917,6874.8,1801.88,8097.9,2262.24
Copy of IMG03543.JPG,conductor,1,0.0907,1401.62,3354.13,3202.78,3991.26
Copy of IMG03543.JPG,conductor,1,0.0884,427.43,3781.42,2304.72,4619.7
Copy of IMG03543.JPG,insulator,2,0.0877,4378.98,2739.15,4592.76,2998.8
Copy of IMG03543.JPG,conductor,1,0.084,0.0,4340.89,851.28,5765.16
Copy of IMG03543.JPG,conductor,1,0.0781,7.76,4283.52,1150.51,5190.7
Copy of IMG03543.JPG,insulator,2,0.0776,4427.12,3117.31,4619.16,3369.75
Copy of IMG03543.JPG,conductor,1,0.0771,1185.62,3645.63,2477.98,4118.92
Copy of IMG03543.JPG,conductor,1,0.0768,1116.61,3718.9,2342.85,4178.23
Copy of IMG03543.JPG,conductor,1,0.0759,4623.97,2320.27,5976.01,2857.98
Copy of IMG03543.JPG,pylon,0,0.0714,4235.49,2766.22,4573.98,5957.51
Copy of IMG03543.JPG,conductor,1,0.0708,8472.7,3109.02,9502.79,3522.79
Copy of IMG03543.JPG,conductor,1,0.068,7398.87,1626.44,8698.12,2028.6
Copy of IMG03543.JPG,conductor,1,0.0668,927.46,3794.65,2227.05,4233.42
Copy of IMG03543.JPG,conductor,1,0.0632,10.83,4097.13,1460.22,4823.61
Copy of IMG03543.JPG,conductor,1,0.0624,8905.12,1868.11,9501.47,2399.11
Copy of IMG03543.JPG,conductor,1,0.0617,7767.52,1672.37,8683.85,1971.11
Copy of IMG03543.JPG,conductor,1,0.061,8087.58,1613.42,8869.14,1889.7
Copy of IMG03543.JPG,conductor,1,0.0602,7500.76,1732.47,8475.85,2053.01
Copy of IMG03543.JPG,conductor,1,0.0571,295.14,4063.47,1748.27,4657.65
Copy of IMG03543.JPG,conductor,1,0.0569,541.22,3287.33,3018.34,4661.18
Copy of IMG03543.JPG,conductor,1,0.0527,2577.15,3196.0,3467.65,3612.3
Copy of IMG03543.JPG,conductor,1,0.0522,7381.41,1767.3,8365.41,2080.42
Copy of IMG03543.JPG,conductor,1,0.0508,8637.26,1282.75,9504.0,1765.23
Copy of IMG00234.JPG,conductor,1,0.3686,1217.68,2191.07,3915.15,4039.75
Copy of IMG00234.JPG,conductor,1,0.3151,0.0,0.0,1087.12,495.16
Copy of IMG00234.JPG,conductor,1,0.1066,6964.82,0.0,8548.74,890.45
Copy of IMG00234.JPG,conductor,1,0.101,1203.71,2913.16,2882.04,3825.63
Copy of IMG00234.JPG,conductor,1,0.099,2549.78,2148.82,3918.76,3330.89
Copy of IMG00234.JPG,insulator,2,0.0677,0.61,5336.88,325.04,5894.8
Copy of IMG00234.JPG,conductor,1,0.0624,7321.06,235.7,9138.97,1237.6
Copy of IMG00234.JPG,insulator,2,0.0589,5573.73,1992.39,5990.58,2333.09
Copy of IMG00234.JPG,conductor,1,0.0584,7620.66,375.23,9429.07,1377.6
Copy of IMG00234.JPG,conductor,1,0.0578,7145.0,112.38,8872.87,1149.17
Copy of IMG00234.JPG,conductor,1,0.0535,6775.26,0.0,8333.54,728.07
Copy of IMG00234.JPG,conductor,1,0.0516,8523.84,48.89,9496.52,620.23
Copy of IMG00240.JPG,pylon,0,0.7529,4545.25,943.11,4916.54,3108.87
Copy of IMG00240.JPG,insulator,2,0.6652,4910.79,64.07,5200.53,354.55
Copy of IMG00240.JPG,insulator,2,0.3649,4652.77,33.34,4842.27,230.4
Copy of IMG00240.JPG,insulator,2,0.1532,4644.46,0.0,4844.68,183.32
Copy of IMG00240.JPG,insulator,2,0.1256,4361.67,274.61,4552.33,483.64
Copy of IMG00240.JPG,insulator,2,0.1217,4659.17,74.12,4842.96,281.86
Copy of IMG00240.JPG,conductor,1,0.0949,3573.4,193.7,4025.42,395.45
Copy of IMG00240.JPG,insulator,2,0.0924,4694.82,478.41,4948.17,744.17
Copy of IMG00240.JPG,conductor,1,0.0796,3803.59,789.77,4307.18,1237.82
Copy of IMG00240.JPG,conductor,1,0.0746,350.11,704.16,762.0,937.96
Copy of IMG00240.JPG,conductor,1,0.0737,3734.44,827.52,4284.71,1301.21
Copy of IMG00240.JPG,conductor,1,0.07,3645.62,826.49,4275.69,1436.25
Copy of IMG00240.JPG,conductor,1,0.0616,521.31,400.03,933.11,596.99
Copy of IMG00240.JPG,pylon,0,0.0608,4452.22,922.86,4975.21,3079.55
Copy of IMG00240.JPG,insulator,2,0.0584,4359.31,364.94,4552.14,545.24
Copy of IMG00240.JPG,insulator,2,0.0568,4506.0,37.03,4675.43,185.03
Copy of IMG00240.JPG,conductor,1,0.0544,5239.59,750.5,6017.09,1175.84
Copy of IMG00240.JPG,conductor,1,0.0533,3906.9,790.98,4329.81,1166.81
Copy of IMG03389.JPG,pylon,0,0.8932,4509.26,4250.56,5190.98,6305.39
Copy of IMG03389.JPG,conductor,1,0.8561,6057.01,3362.55,8133.74,4036.61
Copy of IMG03389.JPG,insulator,2,0.7748,4668.12,2688.62,4996.93,3148.12
Copy of IMG03389.JPG,conductor,1,0.7087,25.94,3361.05,3209.7,4251.81
Copy of IMG03389.JPG,insulator,2,0.6875,5406.67,3446.86,5808.58,3934.06
Copy of IMG03389.JPG,insulator,2,0.6702,3947.41,2751.77,4282.0,3117.64
Copy of IMG03389.JPG,conductor,1,0.5565,5573.69,2589.56,8233.14,3293.8
Copy of IMG03389.JPG,conductor,1,0.4674,5307.38,1888.26,5699.3,2696.49
Copy of IMG03389.JPG,conductor,1,0.4418,8200.38,3606.72,9497.67,4386.51
Copy of IMG03389.JPG,conductor,1,0.3814,1398.11,4417.31,3164.41,5193.02
Copy of IMG03389.JPG,conductor,1,0.3386,59.97,4734.26,1978.54,5579.92
Copy of IMG03389.JPG,insulator,2,0.322,3298.08,3321.39,3843.48,3880.22
Copy of IMG03389.JPG,conductor,1,0.2662,2665.58,4140.47,4235.55,4801.88
Copy of IMG03389.JPG,conductor,1,0.1739,480.7,4427.67,3111.76,5312.77
Copy of IMG03389.JPG,conductor,1,0.1614,434.31,3301.32,3235.12,4017.52
Copy of IMG03389.JPG,insulator,2,0.1489,4652.76,3443.8,5004.58,3808.36
Copy of IMG03389.JPG,conductor,1,0.1018,5586.87,2707.58,6979.46,3340.41
Copy of IMG03389.JPG,insulator,2,0.0949,3373.41,3376.97,3829.37,3820.42
Copy of IMG03389.JPG,conductor,1,0.0934,2914.97,4138.76,4254.21,4691.31
Copy of IMG03389.JPG,conductor,1,0.0924,0.0,3526.99,3376.9,4343.92
Copy of IMG03389.JPG,conductor,1,0.0862,2120.28,4139.59,4198.83,4920.37
Copy of IMG03389.JPG,conductor,1,0.0787,74.12,4646.91,2812.32,5502.25
Copy of IMG03389.JPG,conductor,1,0.0646,8670.38,3653.32,9502.79,4613.61
Copy of IMG03389.JPG,conductor,1,0.0645,0.0,3684.03,2928.45,4362.01
Copy of IMG03389.JPG,conductor,1,0.0637,2.72,4938.7,1600.82,5688.79
Copy of IMG03389.JPG,conductor,1,0.0628,1.03,5224.59,344.18,5902.08
Copy of IMG03389.JPG,conductor,1,0.0621,0.0,3739.21,1678.3,4460.82
Copy of IMG03389.JPG,conductor,1,0.0609,0.0,5259.83,560.49,6142.39
Copy of IMG03389.JPG,conductor,1,0.0589,2.49,5209.27,535.01,5899.56
Copy of IMG03389.JPG,insulator,2,0.0566,4642.3,4211.0,4938.72,4468.79
Copy of IMG03389.JPG,conductor,1,0.056,1.73,5259.93,431.38,6029.75
Copy of IMG03389.JPG,conductor,1,0.0505,9076.4,3825.17,9504.0,4915.18
Copy of IMG00413.JPG,insulator,2,0.8113,4257.82,2474.17,4615.47,2842.48
Copy of IMG00413.JPG,insulator,2,0.7302,3678.3,2826.84,3985.5,3208.24
Copy of IMG00413.JPG,insulator,2,0.6898,4766.71,2956.02,5049.35,3263.7
Copy of IMG00413.JPG,conductor,1,0.2426,4830.84,3417.56,5124.47,4105.96
Copy of IMG00413.JPG,pylon,0,0.2237,3766.91,3247.25,4387.21,6260.78
Copy of IMG00413.JPG,conductor,1,0.2066,3767.1,3333.45,4415.96,6246.03
Copy of IMG00413.JPG,conductor,1,0.1685,3758.6,3281.86,4037.36,3921.68
Copy of IMG00413.JPG,conductor,1,0.1426,4434.23,3409.96,4714.96,4088.06
Copy of IMG00413.JPG,conductor,1,0.1335,4113.17,3169.97,4455.89,4242.82
Copy of IMG00413.JPG,conductor,1,0.1232,2857.11,2860.38,3387.54,3391.53
Copy of IMG00413.JPG,insulator,2,0.1008,4441.57,2764.99,4680.5,2929.0
Copy of IMG00413.JPG,conductor,1,0.0984,4142.62,1381.94,4445.4,2236.26
Copy of IMG00413.JPG,conductor,1,0.0952,4190.51,1522.99,4427.57,2209.32
Copy of IMG00413.JPG,conductor,1,0.0857,4709.18,3409.39,5039.85,4109.04
Copy of IMG00413.JPG,conductor,1,0.075,3629.15,3290.46,3975.28,3869.09
Copy of IMG00413.JPG,conductor,1,0.0653,3588.76,2029.42,3887.42,2580.09
Copy of IMG00413.JPG,conductor,1,0.065,3804.05,3314.41,4073.56,4081.85
Copy of IMG00413.JPG,conductor,1,0.0643,3375.02,3306.33,3778.7,3786.37
Copy of IMG00413.JPG,conductor,1,0.0616,4480.38,3429.27,4793.17,4079.99
Copy of IMG00413.JPG,conductor,1,0.057,3775.8,3254.07,4013.5,4064.25
Copy of IMG00413.JPG,conductor,1,0.0554,3620.33,2146.8,3901.48,2625.86
Copy of IMG00202.JPG,conductor,1,0.5718,8149.24,5703.92,8725.36,6256.28
Copy of IMG00202.JPG,pylon,0,0.5284,4542.91,3056.1,4992.51,5376.09
Copy of IMG00202.JPG,conductor,1,0.4952,5943.75,3248.72,7017.9,4126.97
Copy of IMG00202.JPG,conductor,1,0.4654,6974.18,4826.97,7594.69,5383.6
Copy of IMG00202.JPG,conductor,1,0.4435,7887.69,4729.01,8765.13,5287.66
Copy of IMG00202.JPG,conductor,1,0.4349,8004.85,4825.48,8797.05,5339.46
Copy of IMG00202.JPG,conductor,1,0.4093,6993.05,4117.44,8069.73,4821.64
Copy of IMG00202.JPG,conductor,1,0.3431,7527.39,5244.96,8076.91,5738.73
Copy of IMG00202.JPG,conductor,1,0.3104,8980.81,5916.91,9466.24,6300.02
Copy of IMG00202.JPG,conductor,1,0.2937,8051.97,5642.99,8622.88,6194.71
Copy of IMG00202.JPG,conductor,1,0.2784,5956.06,4065.18,6897.82,4864.24
Copy of IMG00202.JPG,conductor,1,0.2697,8260.39,5775.19,8751.56,6275.65
Copy of IMG00202.JPG,conductor,1,0.2497,8318.04,5849.78,8788.44,6287.09
Copy of IMG00202.JPG,conductor,1,0.2337,8676.66,5313.46,9401.99,5794.08
Copy of IMG00202.JPG,conductor,1,0.2255,8788.03,5391.75,9470.65,5876.84
Copy of IMG00202.JPG,insulator,2,0.2009,3090.66,1869.45,3694.01,2432.69
Copy of IMG00202.JPG,insulator,2,0.1915,4843.02,2428.7,5193.75,2725.28
Copy of IMG00202.JPG,conductor,1,0.1797,9186.01,5613.86,9502.35,6043.11
Copy of IMG00202.JPG,conductor,1,0.1675,9239.44,5669.75,9503.38,6138.51
Copy of IMG00202.JPG,conductor,1,0.1615,8593.83,5224.57,9272.91,5716.59
Copy of IMG00202.JPG,conductor,1,0.1607,7568.7,5301.37,8120.09,5791.44
Copy of IMG00202.JPG,conductor,1,0.1584,8981.33,5470.05,9504.0,5929.08
Copy of IMG00202.JPG,conductor,1,0.1469,9087.71,5529.34,9503.28,5989.04
Copy of IMG00202.JPG,conductor,1,0.1409,7451.08,5191.76,8002.53,5663.75
Copy of IMG00202.JPG,conductor,1,0.1352,8119.84,4911.57,8881.2,5432.78
Copy of IMG00202.JPG,insulator,2,0.1323,4224.88,2555.06,4537.19,2817.5
Copy of IMG00202.JPG,conductor,1,0.1306,9059.33,5700.73,9504.0,6303.57
Copy of IMG00202.JPG,conductor,1,0.1259,8502.28,5173.54,9207.38,5656.02
Copy of IMG00202.JPG,conductor,1,0.1236,9043.34,5821.94,9459.05,6284.49
Copy of IMG00202.JPG,conductor,1,0.123,8678.56,5758.56,9154.01,6193.66
Copy of IMG00202.JPG,conductor,1,0.1204,8604.11,5670.61,9073.8,6061.06
Copy of IMG00202.JPG,conductor,1,0.112,8305.42,5058.52,9047.61,5533.03
Copy of IMG00202.JPG,insulator,2,0.1067,4669.94,2509.8,4890.51,2777.21
Copy of IMG00202.JPG,conductor,1,0.1058,7188.14,4303.61,8116.46,4836.14
Copy of IMG00202.JPG,conductor,1,0.1026,9324.59,5709.71,9504.0,6305.91
Copy of IMG00202.JPG,conductor,1,0.1011,6129.3,4320.45,7034.96,5002.39
Copy of IMG00202.JPG,insulator,2,0.0974,4270.0,2567.3,4580.25,2834.94
Copy of IMG00202.JPG,conductor,1,0.0973,8230.69,4974.51,8931.38,5462.08
Copy of IMG00202.JPG,conductor,1,0.0957,8362.52,5114.66,9136.79,5583.45
Copy of IMG00202.JPG,conductor,1,0.0957,8827.56,5869.63,9336.31,6288.05
Copy of IMG00202.JPG,conductor,1,0.0948,7416.56,4347.68,8147.41,4869.64
Copy of IMG00202.JPG,conductor,1,0.0939,5895.92,3942.14,6798.21,4781.86
Copy of IMG00202.JPG,conductor,1,0.0873,7936.49,5181.36,8364.26,5504.84
Copy of IMG00202.JPG,conductor,1,0.0865,8041.59,5246.39,8510.96,5594.44
Copy of IMG00202.JPG,conductor,1,0.0806,6942.43,4064.69,7991.83,4697.52
Copy of IMG00202.JPG,conductor,1,0.0779,7821.4,4705.42,8607.72,5165.93
Copy of IMG00202.JPG,conductor,1,0.0769,7642.12,5392.41,8175.3,5835.43
Copy of IMG00202.JPG,conductor,1,0.0769,7991.67,5581.08,8533.4,6123.49
Copy of IMG00202.JPG,insulator,2,0.0755,4173.6,2220.97,4572.57,2499.02
Copy of IMG00202.JPG,conductor,1,0.0729,7030.8,4915.77,7641.92,5443.26
Copy of IMG00202.JPG,insulator,2,0.0705,4734.93,2438.71,5064.4,2752.72
Copy of IMG00202.JPG,conductor,1,0.0702,7883.31,5521.12,8390.91,5986.36
Copy of IMG00202.JPG,conductor,1,0.0702,8085.05,5309.81,8537.59,5647.32
Copy of IMG00202.JPG,conductor,1,0.0662,6570.9,4586.81,7251.76,5134.7
Copy of IMG00202.JPG,conductor,1,0.064,8001.63,5224.65,8431.23,5555.01
Copy of IMG00202.JPG,conductor,1,0.064,8645.54,5716.22,9087.8,6114.11
Copy of IMG00202.JPG,conductor,1,0.0607,8347.51,5680.92,8803.83,6287.97
Copy of IMG00202.JPG,insulator,2,0.0605,4509.01,2506.28,4713.64,2761.78
Copy of IMG00202.JPG,conductor,1,0.0601,8630.24,5754.69,9047.56,6281.47
Copy of IMG00202.JPG,conductor,1,0.06,7757.19,5428.47,8237.84,5879.07
Copy of IMG00202.JPG,conductor,1,0.0598,8163.12,5350.47,8597.49,5687.6
Copy of IMG00202.JPG,conductor,1,0.0584,8508.43,5747.43,8968.44,6290.15
Copy of IMG00202.JPG,conductor,1,0.0581,7348.48,5109.04,7933.3,5620.46
Copy of IMG00202.JPG,conductor,1,0.0574,6377.47,4473.09,7171.36,5067.72
Copy of IMG00202.JPG,conductor,1,0.0574,7784.52,5071.53,8246.37,5422.17
Copy of IMG00202.JPG,conductor,1,0.0563,9206.48,4783.88,9504.0,5353.94
Copy of IMG00202.JPG,conductor,1,0.0562,4965.17,3156.14,5466.94,3638.25
Copy of IMG00202.JPG,conductor,1,0.0545,6097.08,4216.94,6928.05,4879.92
Copy of IMG00202.JPG,conductor,1,0.0531,8595.66,5497.34,9127.57,5905.63
Copy of IMG00202.JPG,conductor,1,0.0517,8252.68,5419.67,8686.1,5746.72
Copy of IMG00202.JPG,conductor,1,0.0516,7592.01,4570.16,8418.07,5028.65
Copy of IMG00359.JPG,conductor,1,0.2096,13.9,3385.52,1482.29,5338.96
Copy of IMG00359.JPG,conductor,1,0.1425,1309.11,4857.01,2242.33,6238.76
Copy of IMG00359.JPG,pylon,0,0.1308,4564.24,2973.01,5181.75,6245.24
Copy of IMG00359.JPG,conductor,1,0.1032,1.82,5400.27,642.23,6279.26
Copy of IMG00359.JPG,insulator,2,0.0884,4191.47,2883.92,4473.71,3192.96
Copy of IMG00359.JPG,conductor,1,0.0779,4489.98,2957.5,5225.2,6274.02
Copy of IMG00359.JPG,pylon,0,0.0688,4270.0,45.52,5062.57,2626.42
Copy of IMG00359.JPG,conductor,1,0.0663,0.0,5582.56,536.32,6294.41
Copy of IMG00359.JPG,conductor,1,0.0501,1364.6,4759.42,2002.65,6168.04
Copy of IMG00104.JPG,insulator,2,0.8145,4222.5,407.89,4432.3,694.23
Copy of IMG00104.JPG,insulator,2,0.6229,3301.63,5095.83,3639.29,5512.73
Copy of IMG00104.JPG,conductor,1,0.5965,6691.37,5173.4,7543.04,6141.8
Copy of IMG00104.JPG,insulator,2,0.5704,4600.44,0.0,4882.16,239.46
Copy of IMG00104.JPG,insulator,2,0.5622,5055.66,303.53,5287.79,626.06
Copy of IMG00104.JPG,conductor,1,0.5541,5047.31,2101.19,5817.86,2879.16
Copy of IMG00104.JPG,pylon,0,0.5162,4611.92,885.64,5013.05,4987.63
Copy of IMG00104.JPG,conductor,1,0.4997,4874.68,1646.73,5349.23,2267.76
Copy of IMG00104.JPG,pylon,0,0.3493,4515.34,585.82,5078.88,4973.4
Copy of IMG00104.JPG,conductor,1,0.3468,5629.12,3373.9,6560.83,4183.76
Copy of IMG00104.JPG,insulator,2,0.2273,3675.56,4910.42,3999.55,5235.99
Copy of IMG00104.JPG,conductor,1,0.1772,5048.62,2051.48,5702.78,2735.09
Copy of IMG00104.JPG,conductor,1,0.1467,4858.79,1552.26,5291.33,2210.64
Copy of IMG00104.JPG,conductor,1,0.1413,6049.62,4124.67,6972.4,4923.46
Copy of IMG00104.JPG,conductor,1,0.1398,5310.54,772.28,5715.8,1110.49
Copy of IMG00104.JPG,conductor,1,0.1254,5218.71,751.11,5652.58,1134.22
Copy of IMG00104.JPG,conductor,1,0.1194,8163.61,5140.76,8734.79,5644.84
Copy of IMG00104.JPG,conductor,1,0.1131,8048.7,5691.18,8446.36,6168.44
Copy of IMG00104.JPG,conductor,1,0.1079,7700.44,4469.61,8324.39,4958.79
Copy of IMG00104.JPG,conductor,1,0.1044,5052.5,688.8,5391.03,1126.31
Copy of IMG00104.JPG,conductor,1,0.1035,8064.19,5054.83,8710.65,5557.36
Copy of IMG00104.JPG,conductor,1,0.1026,6945.88,5501.49,7572.52,6125.56
Copy of IMG00104.JPG,pylon,0,0.1019,4593.55,538.27,4910.59,4155.88
Copy of IMG00104.JPG,conductor,1,0.1006,6167.68,4256.6,7042.32,5023.9
Copy of IMG00104.JPG,conductor,1,0.0995,6577.51,4936.96,7438.49,5677.69
Copy of IMG00104.JPG,conductor,1,0.0957,8263.04,5399.1,8767.8,5814.4
Copy of IMG00104.JPG,conductor,1,0.0953,5287.71,724.17,5646.91,1064.44
Copy of IMG00104.JPG,conductor,1,0.0946,8315.64,5494.27,8779.99,5880.79
Copy of IMG00104.JPG,conductor,1,0.093,6120.95,2441.69,6925.14,2977.33
Copy of IMG00104.JPG,conductor,1,0.0909,4984.05,1838.71,5646.44,2659.47
Copy of IMG00104.JPG,conductor,1,0.0869,7825.28,4724.26,8466.5,5164.55
Copy of IMG00104.JPG,conductor,1,0.0836,5171.65,779.3,5637.43,1216.85
Copy of IMG00104.JPG,conductor,1,0.0832,6512.34,4771.74,7356.94,5463.38
Copy of IMG00104.JPG,conductor,1,0.082,8405.25,5583.79,8808.55,5968.06
Copy of IMG00104.JPG,conductor,1,0.0817,6675.9,5143.42,7484.2,5879.35
Copy of IMG00104.JPG,conductor,1,0.0809,7784.68,4683.29,8437.51,5090.04
Copy of IMG00104.JPG,conductor,1,0.0783,7776.08,5428.28,8237.48,5823.13
Copy of IMG00104.JPG,conductor,1,0.074,5938.06,4029.9,6903.57,4840.11
Copy of IMG00104.JPG,conductor,1,0.074,4845.96,1504.74,5248.13,2097.01
Copy of IMG00104.JPG,conductor,1,0.0709,8022.55,5037.55,8651.53,5465.14
Copy of IMG00104.JPG,conductor,1,0.0686,6626.79,4995.17,7523.65,6028.22
Copy of IMG00104.JPG,conductor,1,0.0676,5090.58,727.05,5501.75,1134.27
Copy of IMG00104.JPG,conductor,1,0.0652,7295.44,4067.24,8005.41,4453.71
Copy of IMG00104.JPG,conductor,1,0.063,5295.95,827.15,5735.76,1178.29
Copy of IMG00104.JPG,conductor,1,0.0626,6389.09,4593.68,7170.57,5293.73
Copy of IMG00104.JPG,conductor,1,0.0625,6703.48,3393.3,7742.35,4077.89
Copy of IMG00104.JPG,conductor,1,0.0613,7266.34,4026.1,7945.03,4386.72
Copy of IMG00104.JPG,conductor,1,0.0607,8214.05,5290.61,8755.94,5716.48
Copy of IMG00104.JPG,conductor,1,0.059,3868.08,0.0,4236.68,231.84
Copy of IMG00104.JPG,conductor,1,0.0584,6298.78,2560.59,6890.93,2922.09
Copy of IMG00104.JPG,conductor,1,0.0584,4951.56,1760.7,5531.82,2455.77
Copy of IMG00104.JPG,conductor,1,0.0583,7712.19,4513.91,8388.08,5067.21
Copy of IMG00104.JPG,conductor,1,0.0553,7574.82,4369.07,8307.45,4861.39
Copy of IMG00104.JPG,conductor,1,0.0545,7943.29,5511.17,8318.39,6053.09
Copy of IMG00104.JPG,insulator,2,0.0535,4258.0,406.47,4484.09,673.75
Copy of IMG00104.JPG,conductor,1,0.0533,8591.02,5746.04,8993.33,6265.65
Copy of IMG00104.JPG,conductor,1,0.053,7673.2,4471.66,8283.67,4845.04
Copy of IMG00104.JPG,conductor,1,0.051,5060.04,702.62,5338.77,1071.67
Copy of IMG00104.JPG,insulator,2,0.0507,5027.99,328.52,5256.87,646.15
Copy of IMG00104.JPG,conductor,1,0.0507,8496.8,5634.46,8894.84,6072.82
Copy of IMG00104.JPG,conductor,1,0.0504,7995.67,5601.02,8367.84,6111.08
Copy of IMG00224.JPG,insulator,2,0.5339,3900.74,2643.13,4216.75,2999.18
Copy of IMG00224.JPG,conductor,1,0.4615,4463.37,3437.16,5047.18,6150.85
Copy of IMG00224.JPG,conductor,1,0.3793,41.91,3389.79,3686.88,4954.44
Copy of IMG00224.JPG,insulator,2,0.3607,4886.54,2903.99,5156.33,3246.64
Copy of IMG00224.JPG,insulator,2,0.3427,5192.37,2743.95,5422.82,2965.05
Copy of IMG00224.JPG,pylon,0,0.2591,4522.47,3429.67,4988.0,6120.83
Copy of IMG00224.JPG,insulator,2,0.251,4563.33,2593.61,4749.8,2803.32
Copy of IMG00224.JPG,insulator,2,0.2479,4916.94,2890.46,5201.77,3204.86
Copy of IMG00224.JPG,conductor,1,0.2011,0.0,4144.23,3481.01,4923.51
Copy of IMG00224.JPG,conductor,1,0.11,5567.86,714.06,6365.2,2207.88
Copy of IMG00224.JPG,insulator,2,0.1097,4298.32,2021.39,4685.18,2419.18
Copy of IMG00224.JPG,insulator,2,0.1089,4865.21,3009.18,5144.12,3251.39
Copy of IMG00224.JPG,insulator,2,0.0631,4360.9,2842.42,4601.49,3080.42
Copy of IMG00397.JPG,insulator,2,0.8732,4063.96,2922.76,4362.12,3263.88
Copy of IMG00397.JPG,pylon,0,0.8206,4597.59,3485.91,5048.56,6292.63
Copy of IMG00397.JPG,conductor,1,0.7942,3556.96,5414.75,4430.05,6316.91
Copy of IMG00397.JPG,insulator,2,0.7596,5263.01,3096.28,5564.86,3383.92
Copy of IMG00397.JPG,insulator,2,0.7166,4662.17,3047.09,4912.35,3283.7
Copy of IMG00397.JPG,conductor,1,0.2973,2001.32,5452.4,2875.83,6293.93
Copy of IMG00397.JPG,insulator,2,0.2288,7939.49,3039.46,8272.53,3386.56
Copy of IMG00397.JPG,conductor,1,0.2042,2663.7,4355.23,3504.91,5292.46
Copy of IMG00397.JPG,insulator,2,0.1646,4705.23,2996.02,4950.53,3247.14
Copy of IMG00397.JPG,conductor,1,0.1388,8314.22,2405.64,9471.16,3166.75
Copy of IMG00397.JPG,insulator,2,0.0977,4712.78,3036.8,4941.71,3319.5
Copy of IMG00397.JPG,conductor,1,0.064,2719.65,5666.58,3290.46,6327.6
Copy of IMG03479.JPG,pylon,0,0.8762,3428.42,3496.92,4129.68,6310.22
Copy of IMG03479.JPG,pylon,0,0.7729,4500.37,4854.05,5164.66,6276.64
Copy of IMG03479.JPG,conductor,1,0.5952,6875.65,4071.95,8153.84,4626.35
Copy of IMG03479.JPG,conductor,1,0.438,8301.29,5219.0,9504.0,5810.65
Copy of IMG03479.JPG,conductor,1,0.423,7801.82,4315.93,8859.19,4840.32
Copy of IMG03479.JPG,insulator,2,0.3267,3173.51,3247.66,3413.82,3446.67
Copy of IMG03479.JPG,conductor,1,0.3136,0.0,3347.05,2884.71,4382.81
Copy of IMG03479.JPG,insulator,2,0.2911,3358.49,3262.78,3630.6,3469.34
Copy of IMG03479.JPG,insulator,2,0.252,3262.79,3257.82,3605.28,3472.71
Copy of IMG03479.JPG,conductor,1,0.2372,7123.54,3579.16,8663.67,4176.59
Copy of IMG03479.JPG,conductor,1,0.2334,8204.33,3970.86,9494.29,4500.95
Copy of IMG03479.JPG,insulator,2,0.2118,311.54,3360.24,633.37,3635.35
Copy of IMG03479.JPG,insulator,2,0.1994,4506.54,4672.31,4717.21,4896.97
Copy of IMG03479.JPG,insulator,2,0.1891,4929.73,4036.05,5281.85,4329.1
Copy of IMG03479.JPG,insulator,2,0.1843,4291.3,3148.34,4558.44,3341.92
Copy of IMG03479.JPG,conductor,1,0.1839,6996.34,4813.26,8746.25,5554.27
Copy of IMG03479.JPG,insulator,2,0.1795,5369.96,3054.1,5699.01,3316.45
Copy of IMG03479.JPG,insulator,2,0.173,4624.83,4571.17,4929.85,4748.33
Copy of IMG03479.JPG,conductor,1,0.1317,8462.11,4060.37,9497.51,4595.36
Copy of IMG03479.JPG,conductor,1,0.1311,3024.6,1965.98,3583.17,2427.71
Copy of IMG03479.JPG,insulator,2,0.1255,4002.6,2959.33,4315.05,3186.52
Copy of IMG03479.JPG,conductor,1,0.1165,7464.08,4833.18,9071.09,5596.37
Copy of IMG03479.JPG,conductor,1,0.1158,6732.69,4580.51,7931.12,5347.14
Copy of IMG03479.JPG,conductor,1,0.1135,8815.24,4691.29,9501.64,5258.21
Copy of IMG03479.JPG,insulator,2,0.1115,4561.04,2801.65,4889.56,3029.79
Copy of IMG03479.JPG,conductor,1,0.1021,6737.54,4027.44,7925.07,4480.95
Copy of IMG03479.JPG,insulator,2,0.1016,4918.74,2893.65,5262.93,3109.17
Copy of IMG03479.JPG,conductor,1,0.1015,5287.15,781.13,7263.6,971.12
Copy of IMG03479.JPG,insulator,2,0.0904,674.98,3335.58,987.2,3574.22
Copy of IMG03479.JPG,conductor,1,0.0888,6633.61,2805.05,7786.55,3959.93
Copy of IMG03479.JPG,insulator,2,0.084,1325.31,3546.1,1653.79,3804.93
Copy of IMG03479.JPG,insulator,2,0.0744,4101.33,4243.85,4324.67,4474.72
Copy of IMG03479.JPG,conductor,1,0.0724,8579.97,5300.61,9503.04,5824.35
Copy of IMG03479.JPG,insulator,2,0.0724,313.35,3258.81,601.41,3565.66
Copy of IMG03479.JPG,insulator,2,0.0718,4269.07,3130.72,4631.25,3338.97
Copy of IMG03479.JPG,insulator,2,0.071,4563.51,4588.6,4895.45,4796.54
Copy of IMG03479.JPG,conductor,1,0.0676,6668.31,3956.91,7693.03,4439.31
Copy of IMG03479.JPG,insulator,2,0.0673,2332.43,2077.25,2610.09,2381.15
Copy of IMG03479.JPG,insulator,2,0.0672,4339.85,3156.19,4644.5,3355.64
Copy of IMG03479.JPG,insulator,2,0.0645,4406.61,4700.74,4590.87,4925.68
Copy of IMG03479.JPG,conductor,1,0.0615,7823.1,5002.63,9496.67,5770.4
Copy of IMG03479.JPG,insulator,2,0.0566,4435.13,4691.68,4667.06,4922.02
Copy of IMG03479.JPG,conductor,1,0.0561,7714.03,4846.8,9481.98,5621.9
Copy of IMG03479.JPG,conductor,1,0.0537,6802.49,4632.28,8740.48,5519.21
Copy of IMG03479.JPG,insulator,2,0.0529,401.36,3356.39,791.19,3626.54
Copy of IMG03479.JPG,conductor,1,0.0515,8674.21,4124.97,9504.0,4707.75
Copy of IMG03479.JPG,insulator,2,0.0502,3127.69,3207.15,3473.83,3460.58
Copy of IMG00076.JPG,insulator,2,0.9265,4626.94,2451.14,4962.42,2798.01
Copy of IMG00076.JPG,insulator,2,0.8039,3506.8,1647.32,3845.86,1974.67
Copy of IMG00076.JPG,insulator,2,0.7984,4053.68,1616.83,4465.12,2001.45
Copy of IMG00076.JPG,insulator,2,0.7535,3991.74,2524.44,4313.07,2806.76
Copy of IMG00076.JPG,insulator,2,0.749,3003.96,2164.46,3371.44,2482.27
Copy of IMG00076.JPG,insulator,2,0.6658,3317.16,2594.99,3657.99,2881.1
Copy of IMG00076.JPG,insulator,2,0.6434,6926.56,1980.99,7462.25,2475.38
Copy of IMG00076.JPG,conductor,1,0.5409,5713.34,4679.24,6426.35,5305.67
Copy of IMG00076.JPG,insulator,2,0.5184,4268.87,2085.33,4609.06,2403.52
Copy of IMG00076.JPG,insulator,2,0.5029,3651.99,2076.18,3958.29,2378.46
Copy of IMG00076.JPG,pylon,0,0.4766,3542.6,2889.83,4184.14,6291.0
Copy of IMG00076.JPG,conductor,1,0.4683,5527.27,5566.77,6239.79,6203.26
Copy of IMG00076.JPG,conductor,1,0.3853,7429.07,5655.99,8024.65,6245.18
Copy of IMG00076.JPG,conductor,1,0.323,6940.25,5163.98,7626.75,5680.95
Copy of IMG00076.JPG,conductor,1,0.3177,6734.96,5807.09,7218.94,6299.44
Copy of IMG00076.JPG,conductor,1,0.2662,6185.54,5195.91,6829.76,5832.16
Copy of IMG00076.JPG,conductor,1,0.194,6427.9,4492.46,7250.81,5120.71
Copy of IMG00076.JPG,conductor,1,0.1817,5053.71,5023.43,5806.72,5631.28
Copy of IMG00076.JPG,conductor,1,0.1572,6213.43,4375.65,7177.11,4985.29
Copy of IMG00076.JPG,conductor,1,0.1534,6506.39,5552.9,7059.58,6178.33
Copy of IMG00076.JPG,conductor,1,0.1516,7379.96,5613.91,7963.28,6156.07
Copy of IMG00076.JPG,conductor,1,0.1399,6125.84,5133.68,6740.3,5694.06
Copy of IMG00076.JPG,conductor,1,0.1272,6303.25,5377.92,6936.21,5951.69
Copy of IMG00076.JPG,conductor,1,0.1246,6568.41,5600.36,7127.82,6270.75
Copy of IMG00076.JPG,conductor,1,0.1237,6415.51,5444.98,6995.04,6026.22
Copy of IMG00076.JPG,conductor,1,0.1218,6690.58,5711.66,7176.69,6285.81
Copy of IMG00076.JPG,conductor,1,0.1177,7032.08,5240.25,7673.14,5751.88
Copy of IMG00076.JPG,conductor,1,0.1124,7537.81,5781.94,8071.84,6289.85
Copy of IMG00076.JPG,conductor,1,0.1116,6696.21,4940.32,7444.2,5449.27
Copy of IMG00076.JPG,insulator,2,0.1065,3948.73,2483.82,4307.74,2840.11
Copy of IMG00076.JPG,conductor,1,0.1017,5456.7,5412.17,6204.98,6178.25
Copy of IMG00076.JPG,insulator,2,0.0925,2112.02,1389.84,2715.14,2059.42
Copy of IMG00076.JPG,conductor,1,0.0921,6788.95,5060.63,7566.69,5618.19
Copy of IMG00076.JPG,conductor,1,0.0907,4479.11,3010.39,4999.61,3660.81
Copy of IMG00076.JPG,conductor,1,0.0866,5647.02,5684.68,6281.02,6265.02
Copy of IMG00076.JPG,conductor,1,0.085,5823.11,4793.71,6509.14,5406.17
Copy of IMG00076.JPG,conductor,1,0.0847,5639.1,4607.41,6341.72,5216.3
Copy of IMG00076.JPG,conductor,1,0.0838,4169.1,3628.76,4631.56,4267.31
Copy of IMG00076.JPG,insulator,2,0.0776,3762.29,1634.86,4053.69,1958.17
Copy of IMG00076.JPG,conductor,1,0.0766,5956.57,4959.43,6607.29,5547.51
Copy of IMG00076.JPG,conductor,1,0.0763,6492.07,4565.82,7315.96,5231.38
Copy of IMG00076.JPG,conductor,1,0.0745,5872.66,4882.76,6568.91,5483.24
Copy of IMG00076.JPG,conductor,1,0.0573,7325.34,5542.59,7921.37,6068.81
Copy of IMG00076.JPG,conductor,1,0.0533,4175.39,2829.36,4609.11,3128.18
Copy of IMG00076.JPG,conductor,1,0.0502,7069.0,5276.1,7774.28,5812.41
Copy of IMG00367.JPG,conductor,1,0.3164,7844.94,3641.2,9499.05,4525.04
Copy of IMG00367.JPG,conductor,1,0.3152,3744.38,5527.84,4881.78,6268.03
Copy of IMG00367.JPG,conductor,1,0.2288,5471.02,2955.14,7192.34,3422.88
Copy of IMG00367.JPG,conductor,1,0.1587,6608.72,1916.44,9503.77,4516.22
Copy of IMG00367.JPG,conductor,1,0.1313,5755.75,3211.55,6855.52,4089.88
Copy of IMG00367.JPG,conductor,1,0.1235,5694.94,2966.32,7520.03,4043.11
Copy of IMG00367.JPG,conductor,1,0.0794,8974.94,4366.84,9504.0,5508.4
Copy of IMG00367.JPG,conductor,1,0.0755,5765.99,3392.84,6715.75,4054.82
Copy of IMG00367.JPG,conductor,1,0.0749,5591.11,3018.33,7301.89,3472.43
Copy of IMG00367.JPG,conductor,1,0.0717,5150.77,3199.45,5926.54,3900.25
Copy of IMG00367.JPG,conductor,1,0.0683,5488.83,2928.34,7082.07,3637.52
Copy of IMG00367.JPG,conductor,1,0.0658,855.63,1705.94,1692.87,2044.8
Copy of IMG00367.JPG,conductor,1,0.0611,2.74,1215.7,581.0,1489.02
Copy of IMG00367.JPG,conductor,1,0.0577,5883.36,3477.53,6816.92,4099.4
Copy of IMG00144.JPG,pylon,0,0.7592,5200.65,1961.9,5646.77,5062.28
Copy of IMG00144.JPG,insulator,2,0.5643,5867.66,999.25,6161.52,1321.97
Copy of IMG00144.JPG,conductor,1,0.5411,5822.0,2245.31,6384.04,2804.58
Copy of IMG00144.JPG,insulator,2,0.4775,5602.06,1304.34,5854.81,1587.82
Copy of IMG00144.JPG,insulator,2,0.3672,5073.32,1200.08,5326.11,1428.77
Copy of IMG00144.JPG,conductor,1,0.3628,8898.52,5449.64,9501.88,6256.4
Copy of IMG00144.JPG,conductor,1,0.3575,8970.7,4592.87,9502.93,5197.78
Copy of IMG00144.JPG,insulator,2,0.2907,5226.36,1613.8,5471.59,1873.74
Copy of IMG00144.JPG,conductor,1,0.2814,6179.55,1403.67,6874.83,2065.73
Copy of IMG00144.JPG,conductor,1,0.2491,7795.35,4457.29,8673.04,5165.2
Copy of IMG00144.JPG,conductor,1,0.2059,8237.07,4014.11,8898.28,4585.03
Copy of IMG00144.JPG,conductor,1,0.204,7997.41,4608.63,8707.87,5201.91
Copy of IMG00144.JPG,insulator,2,0.1837,5493.47,964.26,5773.89,1182.61
Copy of IMG00144.JPG,conductor,1,0.1696,5741.93,2156.56,6297.35,2739.99
Copy of IMG00144.JPG,conductor,1,0.1673,7702.61,4325.27,8527.02,5112.1
Copy of IMG00144.JPG,conductor,1,0.1591,7672.42,4221.34,8453.82,5018.39
Copy of IMG00144.JPG,conductor,1,0.1566,8063.97,4649.85,8814.89,5249.31
Copy of IMG00144.JPG,insulator,2,0.1249,5318.09,1229.19,5520.68,1459.16
Copy of IMG00144.JPG,conductor,1,0.1229,8329.06,3343.21,9068.45,3929.62
Copy of IMG00144.JPG,conductor,1,0.116,5722.25,2127.01,6163.97,2648.88
Copy of IMG00144.JPG,conductor,1,0.1159,6912.08,3511.66,7719.67,4204.9
Copy of IMG00144.JPG,conductor,1,0.1096,9026.37,4041.49,9504.0,4615.98
Copy of IMG00144.JPG,conductor,1,0.1044,8961.85,3931.48,9504.0,4569.24
Copy of IMG00144.JPG,conductor,1,0.0915,8722.62,3784.07,9473.77,4330.51
Copy of IMG00144.JPG,conductor,1,0.0897,8783.67,5397.1,9503.28,6105.96
Copy of IMG00144.JPG,conductor,1,0.0869,8794.67,3834.99,9503.89,4506.58
Copy of IMG00144.JPG,conductor,1,0.0864,8263.69,5001.8,9120.97,5572.06
Copy of IMG00144.JPG,conductor,1,0.0854,8648.59,3727.48,9392.48,4249.53
Copy of IMG00144.JPG,conductor,1,0.0843,7708.84,2888.72,8632.87,3504.27
Copy of IMG00144.JPG,insulator,2,0.084,4854.13,1486.75,5155.93,1782.35
Copy of IMG00144.JPG,conductor,1,0.0744,7518.63,4110.29,8334.33,4813.54
Copy of IMG00144.JPG,conductor,1,0.0738,5857.1,2343.02,6446.9,2852.73
Copy of IMG00144.JPG,conductor,1,0.0701,5813.53,1594.27,6093.5,1955.31
Copy of IMG00144.JPG,conductor,1,0.0687,5865.82,1643.8,6146.29,2061.26
Copy of IMG00144.JPG,conductor,1,0.0662,5694.5,2054.92,6081.93,2615.96
Copy of IMG00144.JPG,conductor,1,0.0656,8365.47,5064.02,9194.63,5661.11
Copy of IMG00144.JPG,conductor,1,0.0571,7628.1,2768.22,8594.82,3466.02
Copy of IMG00144.JPG,conductor,1,0.0539,8111.86,3184.02,8961.47,3788.77
Copy of IMG00144.JPG,insulator,2,0.0531,5828.05,1022.3,6091.12,1398.45
Copy of IMG00144.JPG,conductor,1,0.0517,9166.11,4551.5,9504.0,5180.82
Copy of IMG00144.JPG,conductor,1,0.0506,8828.72,4527.87,9504.0,5093.54
Copy of IMG00054.JPG,insulator,2,0.9551,5254.83,2660.75,5646.32,3074.59
Copy of IMG00054.JPG,insulator,2,0.9166,4103.1,3034.04,4438.1,3383.57
Copy of IMG00054.JPG,pylon,0,0.7993,4335.94,4038.41,4784.15,6282.34
Copy of IMG00054.JPG,insulator,2,0.6713,4738.0,2840.2,5048.96,3199.6
Copy of IMG00054.JPG,conductor,1,0.5042,5346.14,3528.39,5934.86,4116.67
Copy of IMG00054.JPG,conductor,1,0.4497,6165.26,3551.92,7069.31,4201.64
Copy of IMG00054.JPG,conductor,1,0.4484,4918.12,3998.43,5563.3,4731.9
Copy of IMG00054.JPG,conductor,1,0.4396,5847.2,4091.07,6383.4,4568.85
Copy of IMG00054.JPG,conductor,1,0.4075,4904.9,3976.96,5396.79,4711.72
Copy of IMG00054.JPG,conductor,1,0.4018,6671.08,4067.33,7413.51,4609.51
Copy of IMG00054.JPG,insulator,2,0.3959,7803.6,2026.54,8067.6,2309.64
Copy of IMG00054.JPG,conductor,1,0.3807,7854.62,5157.29,8640.34,5716.46
Copy of IMG00054.JPG,conductor,1,0.377,6579.63,4002.77,7358.71,4563.35
Copy of IMG00054.JPG,conductor,1,0.32,6552.96,4875.91,7177.88,5391.81
Copy of IMG00054.JPG,conductor,1,0.3133,5634.06,3037.01,6182.25,3548.72
Copy of IMG00054.JPG,conductor,1,0.3017,5776.57,4038.14,6350.66,4514.37
Copy of IMG00054.JPG,conductor,1,0.29,6311.85,4576.21,6948.87,5121.95
Copy of IMG00054.JPG,conductor,1,0.2867,7226.77,4586.84,8010.6,5171.26
Copy of IMG00054.JPG,conductor,1,0.2633,6071.63,5243.5,6648.33,5755.04
Copy of IMG00054.JPG,conductor,1,0.2547,5156.4,3338.8,5591.36,3816.91
Copy of IMG00054.JPG,conductor,1,0.2461,7117.14,4498.15,7895.41,5025.45
Copy of IMG00054.JPG,conductor,1,0.2312,8334.86,5532.58,8878.05,6106.76
Copy of IMG00054.JPG,conductor,1,0.2277,7310.08,5584.37,7906.16,6112.33
Copy of IMG00054.JPG,conductor,1,0.2252,5038.23,4108.27,5682.53,4701.6
Copy of IMG00054.JPG,conductor,1,0.2223,6405.1,5587.56,6934.43,6110.05
Copy of IMG00054.JPG,conductor,1,0.2212,7195.88,5470.2,7826.41,6046.92
Copy of IMG00054.JPG,conductor,1,0.2018,5328.72,3482.26,5865.07,4024.75
Copy of IMG00054.JPG,conductor,1,0.2016,7586.54,5748.27,8037.23,6271.91
Copy of IMG00054.JPG,conductor,1,0.1985,6592.56,4948.64,7258.93,5446.74
Copy of IMG00054.JPG,conductor,1,0.1971,7484.71,5687.12,8017.63,6269.8
Copy of IMG00054.JPG,conductor,1,0.195,6241.15,4513.11,6827.79,5009.19
Copy of IMG00054.JPG,conductor,1,0.1888,6447.35,5615.08,6996.01,6202.19
Copy of IMG00054.JPG,conductor,1,0.1862,5429.63,3636.51,5993.65,4127.66
Copy of IMG00054.JPG,conductor,1,0.18,5277.27,3423.38,5799.52,3950.06
Copy of IMG00054.JPG,conductor,1,0.1798,6178.34,4455.55,6812.64,4926.95
Copy of IMG00054.JPG,conductor,1,0.1758,7345.16,5637.37,7969.4,6221.98
Copy of IMG00054.JPG,conductor,1,0.1753,6395.52,4794.63,7133.71,5350.11
Copy of IMG00054.JPG,conductor,1,0.1712,5208.27,3406.31,5726.48,3891.08
Copy of IMG00054.JPG,conductor,1,0.1657,5491.5,4597.04,6142.31,5185.61
Copy of IMG00054.JPG,conductor,1,0.1653,6816.27,5106.62,7400.92,5626.68
Copy of IMG00054.JPG,conductor,1,0.1613,6343.31,4664.68,7012.75,5165.08
Copy of IMG00054.JPG,conductor,1,0.1605,8369.11,5596.2,8934.23,6177.04
Copy of IMG00054.JPG,conductor,1,0.1567,7334.19,4683.86,8017.49,5229.66
Copy of IMG00054.JPG,conductor,1,0.1562,6355.85,4717.28,7076.07,5254.92
Copy of IMG00054.JPG,conductor,1,0.1529,5871.99,4179.32,6454.89,4654.39
Copy of IMG00054.JPG,conductor,1,0.1522,7127.75,5390.64,7739.14,5960.99
Copy of IMG00054.JPG,conductor,1,0.1476,5946.6,4256.78,6534.6,4701.58
Copy of IMG00054.JPG,conductor,1,0.1476,5653.23,4822.37,6330.51,5425.2
Copy of IMG00054.JPG,conductor,1,0.1423,6111.03,4363.32,6744.79,4880.96
Copy of IMG00054.JPG,conductor,1,0.1398,5430.92,4522.13,6081.71,5095.56
Copy of IMG00054.JPG,conductor,1,0.1375,5600.25,4746.76,6274.59,5332.03
Copy of IMG00054.JPG,conductor,1,0.1364,6867.21,5188.27,7452.58,5665.58
Copy of IMG00054.JPG,conductor,1,0.1281,6622.35,5001.53,7345.95,5566.56
Copy of IMG00054.JPG,conductor,1,0.1278,5715.37,3971.9,6277.63,4427.81
Copy of IMG00054.JPG,conductor,1,0.1257,6533.5,5679.03,7067.33,6252.18
Copy of IMG00054.JPG,conductor,1,0.1254,5924.01,5088.58,6568.1,5694.25
Copy of IMG00054.JPG,conductor,1,0.1199,6001.87,4301.86,6610.17,4805.52
Copy of IMG00054.JPG,conductor,1,0.1179,5177.76,4218.72,5776.93,4780.56
Copy of IMG00054.JPG,conductor,1,0.1142,6088.57,3512.98,6918.64,4100.55
Copy of IMG00054.JPG,conductor,1,0.1137,6667.08,5864.44,7124.96,6278.19
Copy of IMG00054.JPG,conductor,1,0.1113,5831.2,5014.71,6482.44,5577.77
Copy of IMG00054.JPG,conductor,1,0.1106,6269.98,5483.3,6884.45,6070.79
Copy of IMG00054.JPG,conductor,1,0.1073,5509.35,3712.78,6022.99,4160.12
Copy of IMG00054.JPG,conductor,1,0.1034,6315.64,3732.79,7198.62,4350.45
Copy of IMG00054.JPG,conductor,1,0.1012,5043.47,3183.28,5307.76,3400.69
Copy of IMG00054.JPG,conductor,1,0.0988,5143.29,3328.15,5504.45,3725.76
Copy of IMG00054.JPG,conductor,1,0.0968,5284.48,4333.58,5979.52,4996.29
Copy of IMG00054.JPG,conductor,1,0.0949,9181.9,5540.91,9504.0,6046.36
Copy of IMG00054.JPG,conductor,1,0.0936,4834.38,3838.36,5169.46,4254.48
Copy of IMG00054.JPG,conductor,1,0.0933,5343.23,4443.22,6037.3,5062.36
Copy of IMG00054.JPG,conductor,1,0.0917,5242.59,4271.52,5864.64,4864.14
Copy of IMG00054.JPG,conductor,1,0.0914,6466.41,3877.33,7326.54,4465.13
Copy of IMG00054.JPG,conductor,1,0.0912,6904.31,5213.4,7560.96,5771.8
Copy of IMG00054.JPG,conductor,1,0.0909,8437.39,5639.17,9035.38,6253.44
Copy of IMG00054.JPG,conductor,1,0.0906,7064.46,4445.33,7713.68,4891.05
Copy of IMG00054.JPG,conductor,1,0.0901,8583.43,5808.35,9055.45,6283.0
Copy of IMG00054.JPG,conductor,1,0.0894,6106.95,5296.93,6692.16,5851.88
Copy of IMG00054.JPG,conductor,1,0.0894,4892.15,3874.08,5211.57,4338.73
Copy of IMG00054.JPG,conductor,1,0.0883,4886.16,3916.95,5251.29,4410.98
Copy of IMG00054.JPG,insulator,2,0.0881,4721.16,3033.1,5019.77,3270.33
Copy of IMG00054.JPG,conductor,1,0.087,6030.26,3428.22,6814.11,3991.5
Copy of IMG00054.JPG,conductor,1,0.0845,5107.89,3294.14,5464.4,3647.31
Copy of IMG00054.JPG,conductor,1,0.083,7951.67,5258.6,8760.69,5856.87
Copy of IMG00054.JPG,conductor,1,0.0815,4991.38,4093.83,5727.64,4837.3
Copy of IMG00054.JPG,conductor,1,0.0793,5570.18,3765.98,6114.6,4299.28
Copy of IMG00054.JPG,conductor,1,0.0789,6171.65,5383.44,6792.44,5960.64
Copy of IMG00054.JPG,conductor,1,0.0783,7027.26,5317.11,7629.1,5861.41
Copy of IMG00054.JPG,conductor,1,0.0744,6241.43,3700.01,7094.7,4268.39
Copy of IMG00054.JPG,conductor,1,0.0741,6709.86,4129.62,7499.57,4694.46
Copy of IMG00054.JPG,conductor,1,0.0713,7420.2,4766.83,8160.55,5336.53
Copy of IMG00054.JPG,conductor,1,0.0688,8289.56,5467.74,8827.92,6040.49
Copy of IMG00054.JPG,conductor,1,0.0651,7747.06,5046.64,8466.72,5612.67
Copy of IMG00054.JPG,conductor,1,0.0651,8107.05,5347.51,8788.32,5931.13
Copy of IMG00054.JPG,conductor,1,0.0634,4909.89,3934.45,5342.6,4468.35
Copy of IMG00054.JPG,conductor,1,0.0621,6911.48,4361.27,7661.91,4842.42
Copy of IMG00054.JPG,conductor,1,0.0616,5542.62,4682.46,6196.84,5280.29
Copy of IMG00054.JPG,conductor,1,0.061,7522.34,4826.2,8214.42,5375.09
Copy of IMG00054.JPG,conductor,1,0.0576,2.51,3891.45,484.79,4129.06
Copy of IMG00054.JPG,conductor,1,0.0573,6785.66,4231.89,7576.83,4776.17
Copy of IMG00054.JPG,conductor,1,0.0561,5646.74,3912.74,6220.05,4400.4
Copy of IMG00054.JPG,conductor,1,0.0546,7624.62,4906.99,8275.72,5426.93
Copy of IMG00054.JPG,conductor,1,0.0544,3.66,3811.45,496.17,4075.91
Copy of IMG00054.JPG,conductor,1,0.0536,5105.05,3194.59,5415.26,3531.37
Copy of IMG00054.JPG,conductor,1,0.0511,9288.33,5495.82,9503.48,6026.01
Copy of IMG00054.JPG,conductor,1,0.05,7622.11,5855.15,8105.28,6298.48
Copy of IMG00434.JPG,insulator,2,0.755,4208.0,3715.71,4729.75,4197.03
Copy of IMG00434.JPG,conductor,1,0.7409,4324.78,4809.35,5057.78,5683.67
Copy of IMG00434.JPG,insulator,2,0.7092,5188.44,3791.5,5655.98,4153.16
Copy of IMG00434.JPG,conductor,1,0.6664,4793.04,5653.6,5368.48,6335.08
Copy of IMG00434.JPG,conductor,1,0.651,3815.64,5488.4,4635.32,6289.85
Copy of IMG00434.JPG,conductor,1,0.5868,2346.39,5548.47,3389.58,6307.83
Copy of IMG00434.JPG,conductor,1,0.5801,3190.67,4451.4,4237.47,5473.83
Copy of IMG00434.JPG,conductor,1,0.5151,6155.55,5732.05,7132.55,6336.0
Copy of IMG00434.JPG,conductor,1,0.4781,6324.19,5179.15,7441.27,5773.61
Copy of IMG00434.JPG,conductor,1,0.4631,6766.66,4622.05,8345.71,5349.3
Copy of IMG00434.JPG,insulator,2,0.4339,6206.97,4291.27,6756.92,4634.91
Copy of IMG00434.JPG,conductor,1,0.4213,7490.0,5683.45,8718.46,6304.69
Copy of IMG00434.JPG,conductor,1,0.4095,2689.13,3010.07,3775.7,3686.41
Copy of IMG00434.JPG,conductor,1,0.3667,7721.71,5782.69,8793.59,6331.67
Copy of IMG00434.JPG,conductor,1,0.352,6234.43,5079.78,7137.34,5610.52
Copy of IMG00434.JPG,conductor,1,0.3386,6718.51,4613.8,8020.27,5283.79
Copy of IMG00434.JPG,insulator,2,0.334,5616.1,5529.99,6063.19,5875.99
Copy of IMG00434.JPG,conductor,1,0.3269,6213.96,5846.17,7323.26,6336.0
Copy of IMG00434.JPG,conductor,1,0.3249,2392.67,5274.24,3529.84,6291.33
Copy of IMG00434.JPG,conductor,1,0.3152,6855.98,4672.39,8616.13,5463.92
Copy of IMG00434.JPG,insulator,2,0.3119,5640.92,4219.84,6037.42,4459.66
Copy of IMG00434.JPG,conductor,1,0.2866,8009.13,5232.14,9364.47,5825.71
Copy of IMG00434.JPG,conductor,1,0.2724,7051.13,4809.73,8831.13,5561.41
Copy of IMG00434.JPG,conductor,1,0.2722,8779.94,5542.56,9502.55,6248.93
Copy of IMG00434.JPG,insulator,2,0.2651,6118.17,3917.38,6590.75,4258.41
Copy of IMG00434.JPG,insulator,2,0.2084,5696.28,4855.35,6034.83,5118.76
Copy of IMG00434.JPG,insulator,2,0.2073,6209.28,4324.31,6623.96,4631.43
Copy of IMG00434.JPG,conductor,1,0.2061,6.49,1268.36,667.15,1945.08
Copy of IMG00434.JPG,conductor,1,0.2048,7725.28,5113.73,9243.72,5779.65
Copy of IMG00434.JPG,conductor,1,0.1946,6683.97,5318.8,7788.86,5912.9
Copy of IMG00434.JPG,conductor,1,0.1931,8469.8,5414.85,9503.22,6157.48
Copy of IMG00434.JPG,conductor,1,0.1869,3162.7,2752.46,4008.35,3238.11
Copy of IMG00434.JPG,conductor,1,0.1833,7544.49,5039.23,9085.31,5712.72
Copy of IMG00434.JPG,conductor,1,0.1753,7462.36,4958.89,8908.08,5611.76
Copy of IMG00434.JPG,conductor,1,0.1519,2570.95,5131.28,3642.91,6021.35
Copy of IMG00434.JPG,conductor,1,0.15,1596.38,2389.68,2706.05,3126.82
Copy of IMG00434.JPG,conductor,1,0.1433,1469.82,2293.64,2630.27,3050.51
Copy of IMG00434.JPG,conductor,1,0.1367,7813.72,5859.5,8877.43,6336.0
Copy of IMG00434.JPG,conductor,1,0.1325,3727.51,5689.84,4473.39,6319.04
Copy of IMG00434.JPG,conductor,1,0.1282,6500.0,5242.32,7620.37,5855.18
Copy of IMG00434.JPG,insulator,2,0.1256,4974.11,4024.95,5222.55,4283.61
Copy of IMG00434.JPG,conductor,1,0.1231,1738.37,2471.48,2789.68,3192.85
Copy of IMG00434.JPG,insulator,2,0.1224,5358.73,5175.44,5707.91,5486.48
Copy of IMG00434.JPG,conductor,1,0.1201,7092.37,5504.23,8243.48,6131.74
Copy of IMG00434.JPG,conductor,1,0.1145,6149.47,5026.28,6927.07,5541.27
Copy of IMG00434.JPG,conductor,1,0.1143,6036.61,5677.54,6921.75,6260.0
Copy of IMG00434.JPG,conductor,1,0.1083,8247.28,5342.34,9473.72,5913.83
Copy of IMG00434.JPG,conductor,1,0.107,3277.1,2799.38,4068.41,3288.85
Copy of IMG00434.JPG,conductor,1,0.1055,2300.1,5655.36,3178.21,6320.62
Copy of IMG00434.JPG,conductor,1,0.105,7181.73,5550.44,8368.53,6235.06
Copy of IMG00434.JPG,conductor,1,0.1012,2907.83,4447.35,4225.47,5651.0
Copy of IMG00434.JPG,conductor,1,0.0992,6861.29,5405.83,7933.36,5979.81
Copy of IMG00434.JPG,conductor,1,0.0944,3915.54,5380.78,4693.57,6251.6
Copy of IMG00434.JPG,conductor,1,0.094,7322.0,5620.79,8549.89,6269.29
Copy of IMG00434.JPG,conductor,1,0.0912,8999.08,5657.74,9504.0,6336.0
Copy of IMG00434.JPG,conductor,1,0.0877,445.28,1143.61,1244.51,1667.96
Copy of IMG00434.JPG,conductor,1,0.0745,2650.47,5222.22,3564.92,6124.67
Copy of IMG00434.JPG,insulator,2,0.0738,5239.5,4394.8,5634.94,4625.4
Copy of IMG00434.JPG,conductor,1,0.0724,4320.33,5037.67,5004.9,5773.01
Copy of IMG00434.JPG,conductor,1,0.0711,2571.4,2901.62,3613.61,3617.33
Copy of IMG00434.JPG,conductor,1,0.07,4081.61,5287.89,4819.99,6116.12
Copy of IMG00434.JPG,insulator,2,0.0688,6143.59,3902.1,6655.31,4333.97
Copy of IMG00434.JPG,insulator,2,0.0683,5098.67,3794.1,5611.0,4204.16
Copy of IMG00434.JPG,conductor,1,0.068,6975.75,5475.3,8112.71,6029.17
Copy of IMG00434.JPG,conductor,1,0.0677,696.11,1885.26,1696.2,2583.41
Copy of IMG00434.JPG,conductor,1,0.0673,3008.94,2695.62,3932.68,3168.94
Copy of IMG00434.JPG,conductor,1,0.0602,919.27,1977.73,1899.65,2646.93
Copy of IMG00434.JPG,conductor,1,0.0594,4618.45,4766.02,5180.47,5519.17
Copy of IMG00434.JPG,conductor,1,0.0587,4172.43,5192.14,4915.8,5957.57
Copy of IMG00434.JPG,conductor,1,0.0585,1.39,1195.1,467.79,1826.35
Copy of IMG00434.JPG,conductor,1,0.058,4231.47,4838.68,4938.96,5791.07
Copy of IMG00434.JPG,conductor,1,0.0554,1340.51,2218.07,2400.2,2908.99
Copy of IMG00434.JPG,conductor,1,0.0535,3899.33,4461.63,4458.17,5095.93
Copy of IMG00434.JPG,conductor,1,0.0534,601.15,1818.79,1585.68,2488.09
Copy of IMG00434.JPG,conductor,1,0.0516,1188.96,2135.02,2160.06,2783.22
Copy of IMG00434.JPG,conductor,1,0.0503,9121.17,5722.3,9504.0,6336.0
Copy of IMG00434.JPG,conductor,1,0.0503,2915.16,2632.95,3855.23,3129.9
Copy of IMG00051.JPG,insulator,2,0.8737,3857.23,2496.13,4175.91,2771.75
Copy of IMG00051.JPG,insulator,2,0.7508,4295.35,2447.63,4562.27,2713.18
Copy of IMG00051.JPG,insulator,2,0.7009,4692.25,2377.43,5019.68,2711.6
Copy of IMG00051.JPG,conductor,1,0.671,4629.76,3423.92,5149.89,4022.29
Copy of IMG00051.JPG,conductor,1,0.4735,6266.92,4745.96,6757.51,5173.42
Copy of IMG00051.JPG,conductor,1,0.4034,6199.21,5515.78,6772.91,6098.23
Copy of IMG00051.JPG,conductor,1,0.3398,6116.82,5405.65,6687.82,5997.32
Copy of IMG00051.JPG,conductor,1,0.2834,7398.16,5203.33,7983.59,5682.44
Copy of IMG00051.JPG,conductor,1,0.2798,6719.64,5257.34,7207.32,5737.79
Copy of IMG00051.JPG,conductor,1,0.2754,7245.82,5807.79,7648.02,6280.61
Copy of IMG00051.JPG,conductor,1,0.2582,6265.89,5628.41,6829.88,6219.78
Copy of IMG00051.JPG,conductor,1,0.2458,5923.26,4464.5,6445.61,4869.1
Copy of IMG00051.JPG,conductor,1,0.2351,7023.35,5566.0,7525.03,6150.54
Copy of IMG00051.JPG,conductor,1,0.2303,5021.37,2787.84,5652.72,3295.73
Copy of IMG00051.JPG,conductor,1,0.2283,6500.58,5034.58,6976.79,5427.26
Copy of IMG00051.JPG,pylon,0,0.2022,4136.89,3395.12,4455.04,5115.5
Copy of IMG00051.JPG,conductor,1,0.1957,5641.87,4837.24,6198.86,5328.72
Copy of IMG00051.JPG,conductor,1,0.1947,7086.49,5631.43,7570.07,6240.15
Copy of IMG00051.JPG,conductor,1,0.1871,6752.7,5313.76,7245.46,5790.12
Copy of IMG00051.JPG,conductor,1,0.1849,6312.52,4801.32,6834.41,5233.2
Copy of IMG00051.JPG,conductor,1,0.1845,6420.55,5739.74,6877.64,6264.52
Copy of IMG00051.JPG,conductor,1,0.1842,5574.8,4759.01,6142.16,5276.53
Copy of IMG00051.JPG,conductor,1,0.1823,4973.93,4077.91,5713.64,4661.56
Copy of IMG00051.JPG,conductor,1,0.1816,7159.48,5753.02,7609.25,6280.33
Copy of IMG00051.JPG,conductor,1,0.1809,5508.26,4659.98,6030.44,5114.05
Copy of IMG00051.JPG,conductor,1,0.1786,6058.58,5373.56,6628.33,5891.59
Copy of IMG00051.JPG,conductor,1,0.176,6523.29,5805.59,6913.1,6271.66
Copy of IMG00051.JPG,conductor,1,0.1657,5705.16,4897.34,6250.43,5420.27
Copy of IMG00051.JPG,conductor,1,0.1636,7291.57,5149.06,7899.37,5563.68
Copy of IMG00051.JPG,conductor,1,0.1633,6570.77,5100.54,7106.51,5565.79
Copy of IMG00051.JPG,conductor,1,0.16,6609.83,5206.95,7157.84,5682.25
Copy of IMG00051.JPG,conductor,1,0.1577,7529.67,5313.17,8008.27,5738.02
Copy of IMG00051.JPG,conductor,1,0.1469,5547.56,4681.8,6057.13,5216.51
Copy of IMG00051.JPG,conductor,1,0.1422,6621.23,4470.99,7157.31,4866.61
Copy of IMG00051.JPG,conductor,1,0.1368,5844.48,4394.52,6443.39,4832.88
Copy of IMG00051.JPG,conductor,1,0.1335,5463.76,4591.44,5975.96,5022.23
Copy of IMG00051.JPG,conductor,1,0.1333,6377.76,4966.12,6909.6,5387.57
Copy of IMG00051.JPG,conductor,1,0.1315,6225.04,4709.68,6693.2,5101.45
Copy of IMG00051.JPG,conductor,1,0.1298,5013.92,4204.71,5741.35,4710.85
Copy of IMG00051.JPG,conductor,1,0.1256,5881.74,5100.92,6365.49,5509.28
Copy of IMG00051.JPG,conductor,1,0.1232,5776.81,5019.25,6297.35,5466.87
Copy of IMG00051.JPG,conductor,1,0.1156,6025.69,4587.25,6587.77,5005.91
Copy of IMG00051.JPG,conductor,1,0.1149,6541.3,5069.42,7044.84,5462.18
Copy of IMG00051.JPG,conductor,1,0.1072,6983.64,5493.14,7445.61,5999.86
Copy of IMG00051.JPG,conductor,1,0.1053,6963.68,4807.88,7497.94,5192.3
Copy of IMG00051.JPG,conductor,1,0.1037,4622.7,3375.45,5064.72,3912.86
Copy of IMG00051.JPG,conductor,1,0.1017,7166.4,5050.26,7719.14,5451.57
Copy of IMG00051.JPG,conductor,1,0.1014,6826.83,4691.88,7387.43,5089.75
Copy of IMG00051.JPG,conductor,1,0.0979,7088.19,4920.62,7609.9,5322.99
Copy of IMG00051.JPG,conductor,1,0.0973,6654.77,4561.21,7165.83,4910.1
Copy of IMG00051.JPG,conductor,1,0.0968,6903.39,4754.54,7448.33,5151.93
Copy of IMG00051.JPG,conductor,1,0.0922,7193.41,5091.55,7820.76,5516.61
Copy of IMG00051.JPG,conductor,1,0.0921,4594.79,3346.78,4971.21,3769.08
Copy of IMG00051.JPG,conductor,1,0.0872,5860.55,4362.19,6377.85,4757.05
Copy of IMG00051.JPG,conductor,1,0.0861,5134.2,4270.87,5750.68,4740.24
Copy of IMG00051.JPG,conductor,1,0.0848,6833.35,5409.64,7366.74,5900.05
Copy of IMG00051.JPG,conductor,1,0.0845,5990.14,5238.62,6518.01,5743.32
Copy of IMG00051.JPG,conductor,1,0.0824,4576.71,3307.22,4866.82,3656.68
Copy of IMG00051.JPG,conductor,1,0.0816,5341.35,4469.77,5883.45,4954.11
Copy of IMG00051.JPG,conductor,1,0.0814,6464.26,4346.46,7136.87,4820.06
Copy of IMG00051.JPG,conductor,1,0.08,7303.28,5886.8,7684.11,6300.61
Copy of IMG00051.JPG,conductor,1,0.0789,5918.72,5156.68,6397.54,5554.58
Copy of IMG00051.JPG,conductor,1,0.0782,6986.35,4824.29,7562.63,5263.13
Copy of IMG00051.JPG,conductor,1,0.077,4703.56,3598.59,5236.48,4093.68
Copy of IMG00051.JPG,conductor,1,0.0757,5058.09,2875.91,5684.78,3336.77
Copy of IMG00051.JPG,conductor,1,0.0737,5241.66,4376.5,5826.62,4836.68
Copy of IMG00051.JPG,conductor,1,0.0651,7137.04,4988.49,7667.16,5398.56
Copy of IMG00051.JPG,conductor,1,0.0647,6679.73,4598.85,7235.15,5001.78
Copy of IMG00051.JPG,conductor,1,0.0616,7616.5,5408.87,8020.23,5804.8
Copy of IMG00051.JPG,conductor,1,0.0614,4175.39,3345.7,4400.22,5181.8
Copy of IMG00051.JPG,conductor,1,0.0604,4096.39,3407.78,4509.85,5160.54
Copy of IMG00051.JPG,conductor,1,0.0569,4993.55,2709.39,5507.73,3102.53
Copy of IMG00051.JPG,insulator,2,0.0564,4248.63,2683.08,4507.71,2854.13
Copy of IMG00051.JPG,conductor,1,0.0549,4972.79,2686.92,5397.26,3048.93
Copy of IMG00051.JPG,conductor,1,0.053,6407.82,4281.61,7124.1,4726.18
Copy of IMG00051.JPG,conductor,1,0.0509,4.77,4251.8,689.44,6209.47
Copy of IMG00251.JPG,conductor,1,0.692,49.36,2090.5,2522.93,2823.37
Copy of IMG00251.JPG,conductor,1,0.4567,0.0,3696.57,5964.2,4619.79
Copy of IMG00251.JPG,conductor,1,0.2745,0.0,2671.21,6436.81,3366.68
Copy of IMG00251.JPG,conductor,1,0.2404,0.0,3895.66,4937.88,4647.99
Copy of IMG00251.JPG,conductor,1,0.1564,0.0,2187.61,4527.3,2858.01
Copy of IMG00251.JPG,conductor,1,0.1242,4789.27,4793.83,9504.0,5568.62
Copy of IMG00251.JPG,conductor,1,0.1184,511.76,2188.69,3840.98,2815.9
Copy of IMG00251.JPG,conductor,1,0.0954,0.0,4009.26,5476.84,4781.98
Copy of IMG00251.JPG,conductor,1,0.0796,2891.4,4770.06,9419.3,5567.79
Copy of IMG00251.JPG,conductor,1,0.0654,789.75,2702.7,5883.63,3465.0
Copy of IMG00251.JPG,conductor,1,0.0501,2.42,2187.98,6296.34,2878.34
Copy of IMG00258.JPG,conductor,1,0.1124,0.0,2478.82,7070.69,3563.56
Copy of IMG00258.JPG,conductor,1,0.0908,1075.07,2463.3,7981.03,3498.11
Copy of IMG00258.JPG,conductor,1,0.0886,4545.06,3217.72,8487.47,4610.14
Copy of IMG00258.JPG,conductor,1,0.0562,2489.4,2125.93,8734.94,3162.44
Copy of IMG00258.JPG,conductor,1,0.0504,5066.93,2161.28,7467.96,3152.39
Copy of IMG00181.JPG,conductor,1,0.1045,2773.04,2833.39,9504.0,3726.67
Copy of IMG00181.JPG,conductor,1,0.0912,24.38,3527.3,6093.12,4342.0
Copy of IMG00181.JPG,conductor,1,0.0863,2775.57,2702.65,9504.0,3522.88
Copy of IMG00126.JPG,insulator,2,0.8131,3654.48,4881.57,3998.97,5192.15
Copy of IMG00126.JPG,insulator,2,0.7226,5450.53,4787.32,5824.83,5151.44
Copy of IMG00126.JPG,pylon,0,0.7097,4424.68,5060.47,4881.0,6284.92
Copy of IMG00126.JPG,conductor,1,0.595,2442.83,5224.37,3610.38,5855.72
Copy of IMG00126.JPG,insulator,2,0.5691,4118.88,3951.7,4461.57,4265.82
Copy of IMG00126.JPG,conductor,1,0.5198,6165.05,4705.6,7262.37,5432.73
Copy of IMG00126.JPG,insulator,2,0.3776,4954.26,4601.3,5280.89,4874.85
Copy of IMG00126.JPG,conductor,1,0.3721,8711.27,3176.08,9504.0,3859.61
Copy of IMG00126.JPG,insulator,2,0.339,4440.65,3844.33,4701.21,4087.89
Copy of IMG00126.JPG,conductor,1,0.3199,3153.33,5642.73,3855.14,6188.55
Copy of IMG00126.JPG,conductor,1,0.3023,6855.44,5366.18,7931.31,6258.94
Copy of IMG00126.JPG,insulator,2,0.2915,4165.93,3948.35,4519.51,4240.98
Copy of IMG00126.JPG,conductor,1,0.2803,8480.12,3226.91,9500.94,3934.81
Copy of IMG00126.JPG,insulator,2,0.2352,4725.22,3938.17,4961.92,4173.56
Copy of IMG00126.JPG,insulator,2,0.2266,4791.41,5354.27,5066.24,5587.7
Copy of IMG00126.JPG,insulator,2,0.221,4407.0,4475.8,4662.2,4700.93
Copy of IMG00126.JPG,conductor,1,0.2205,6284.32,4594.76,7538.16,5340.24
Copy of IMG00126.JPG,conductor,1,0.1941,7137.6,3970.99,8484.14,4754.58
Copy of IMG00126.JPG,conductor,1,0.1864,2289.82,5284.72,3514.54,5982.04
Copy of IMG00126.JPG,conductor,1,0.1807,3231.72,5548.97,3971.96,6134.95
Copy of IMG00126.JPG,insulator,2,0.1651,5006.5,4083.15,5262.71,4299.69
Copy of IMG00126.JPG,conductor,1,0.1479,3370.89,5447.53,4124.65,6034.31
Copy of IMG00126.JPG,insulator,2,0.143,4263.3,3919.38,4549.78,4163.88
Copy of IMG00126.JPG,conductor,1,0.1335,6995.41,4059.02,8351.73,4832.46
Copy of IMG00126.JPG,conductor,1,0.1334,8839.11,3135.37,9503.45,3768.63
Copy of IMG00126.JPG,conductor,1,0.1183,7501.75,4777.56,8683.77,5724.34
Copy of IMG00126.JPG,conductor,1,0.1098,6375.26,4495.87,7727.11,5291.28
Copy of IMG00126.JPG,conductor,1,0.1063,8123.33,3382.42,9427.0,4111.37
Copy of IMG00126.JPG,conductor,1,0.1025,7245.53,3829.0,8636.08,4677.47
Copy of IMG00126.JPG,conductor,1,0.1002,6828.39,5536.92,7801.97,6270.85
Copy of IMG00126.JPG,conductor,1,0.0987,7908.09,3633.31,8963.63,4303.04
Copy of IMG00126.JPG,conductor,1,0.0931,8582.29,3985.11,9504.0,4965.61
Copy of IMG00126.JPG,conductor,1,0.0921,3505.01,5404.97,4159.88,5975.63
Copy of IMG00126.JPG,conductor,1,0.0916,3081.69,5687.5,3736.0,6240.3
Copy of IMG00126.JPG,conductor,1,0.0908,6759.14,4108.86,8200.08,4929.45
Copy of IMG00126.JPG,conductor,1,0.0857,7526.49,3665.99,8885.03,4475.34
Copy of IMG00126.JPG,conductor,1,0.0792,2100.47,5522.52,3088.07,6221.37
Copy of IMG00126.JPG,conductor,1,0.0744,8002.42,3519.9,9090.18,4186.58
Copy of IMG00126.JPG,conductor,1,0.074,2623.47,5180.55,3648.27,5734.1
Copy of IMG00126.JPG,conductor,1,0.0719,7345.95,3744.74,8761.62,4580.92
Copy of IMG00126.JPG,conductor,1,0.0707,6839.25,5760.36,7532.12,6276.1
Copy of IMG00126.JPG,conductor,1,0.0658,8930.94,3067.35,9503.3,3685.72
Copy of IMG00126.JPG,conductor,1,0.0633,6635.32,4203.23,8083.23,5020.28
Copy of IMG00126.JPG,conductor,1,0.0583,0.2,888.27,708.58,1273.87
Copy of IMG00126.JPG,conductor,1,0.0581,2360.82,5367.08,3338.21,5972.92
Copy of IMG00126.JPG,conductor,1,0.0547,7288.32,4853.81,8573.38,5795.58
Copy of IMG00126.JPG,conductor,1,0.0545,6502.64,4289.82,7942.62,5147.01
Copy of IMG00126.JPG,insulator,2,0.054,4761.47,4041.49,5050.25,4271.84
Copy of IMG00126.JPG,conductor,1,0.0524,6023.49,4866.71,7032.69,5559.15
Copy of IMG00468.JPG,conductor,1,0.6087,6123.88,3424.18,9504.0,4521.3
Copy of IMG00468.JPG,conductor,1,0.5629,3319.9,5308.21,4151.43,6281.09
Copy of IMG00468.JPG,pylon,0,0.4204,5087.05,3392.35,5507.54,5838.46
Copy of IMG00468.JPG,insulator,2,0.4185,4796.51,3082.26,5091.91,3397.22
Copy of IMG00468.JPG,insulator,2,0.254,5204.66,3075.84,5468.14,3423.61
Copy of IMG00468.JPG,conductor,1,0.2443,90.03,3817.28,4729.66,5143.27
Copy of IMG00468.JPG,conductor,1,0.1663,55.22,2665.22,4609.19,3375.17
Copy of IMG00468.JPG,insulator,2,0.1572,5618.65,3179.97,5857.79,3437.66
Copy of IMG00468.JPG,conductor,1,0.1018,3323.42,4710.2,4433.76,6286.43
Copy of IMG00468.JPG,conductor,1,0.0983,4502.41,5456.01,5048.18,6289.34
Copy of IMG00468.JPG,conductor,1,0.0981,3318.07,5500.81,3982.81,6278.95
Copy of IMG00468.JPG,conductor,1,0.0575,3279.74,4082.22,4838.92,6250.9
Copy of IMG00059.JPG,insulator,2,0.8513,4613.44,2493.82,5080.62,2951.26
Copy of IMG00059.JPG,insulator,2,0.8463,4267.38,3206.82,4709.82,3631.46
Copy of IMG00059.JPG,insulator,2,0.8043,4952.82,4529.63,5443.57,4944.95
Copy of IMG00059.JPG,insulator,2,0.7905,3600.23,3970.32,4077.19,4434.42
Copy of IMG00059.JPG,insulator,2,0.5886,5427.95,3608.49,5930.84,4122.85
Copy of IMG00059.JPG,conductor,1,0.5792,1079.79,3174.25,3423.09,4248.58
Copy of IMG00059.JPG,insulator,2,0.5618,5872.95,2902.55,6376.04,3397.04
Copy of IMG00059.JPG,conductor,1,0.5256,5566.92,4646.65,6763.2,5541.79
Copy of IMG00059.JPG,conductor,1,0.3835,6531.48,4124.76,8439.63,5100.21
Copy of IMG00059.JPG,conductor,1,0.3383,1553.59,3362.17,3476.64,4237.39
Copy of IMG00059.JPG,insulator,2,0.3376,5096.75,3367.34,5494.56,3738.16
Copy of IMG00059.JPG,insulator,2,0.285,4576.19,3719.71,4977.17,4099.35
Copy of IMG00059.JPG,insulator,2,0.2409,5048.93,3413.37,5450.57,3852.42
Copy of IMG00059.JPG,conductor,1,0.2298,6625.53,3171.93,8365.21,4106.68
Copy of IMG00059.JPG,insulator,2,0.2154,5976.49,2959.77,6516.97,3467.47
Copy of IMG00059.JPG,conductor,1,0.1473,21.75,2808.88,1753.63,3626.38
Copy of IMG00059.JPG,conductor,1,0.1313,6214.6,3928.59,7414.04,4707.55
Copy of IMG00059.JPG,insulator,2,0.125,5844.22,2903.77,6285.16,3347.01
Copy of IMG00059.JPG,conductor,1,0.1228,5564.47,4705.54,7149.14,5626.68
Copy of IMG00059.JPG,insulator,2,0.1144,5019.98,3528.04,5318.58,3881.9
Copy of IMG00059.JPG,conductor,1,0.1015,27.72,1974.02,1752.52,2674.87
Copy of IMG00059.JPG,conductor,1,0.0859,50.81,2078.54,1743.26,2512.12
Copy of IMG00059.JPG,conductor,1,0.0857,7502.3,5524.3,8853.91,6283.61
Copy of IMG00059.JPG,conductor,1,0.0854,1055.89,2254.31,3001.74,3122.75
Copy of IMG00059.JPG,conductor,1,0.0822,6278.25,5061.6,7880.73,5935.58
Copy of IMG00059.JPG,conductor,1,0.0764,1950.56,3495.26,3471.74,4040.83
Copy of IMG00059.JPG,insulator,2,0.0738,5460.97,3618.14,6058.15,4187.26
Copy of IMG00059.JPG,conductor,1,0.0664,0.3,2653.27,737.45,3406.01
Copy of IMG00059.JPG,conductor,1,0.066,6881.79,5322.8,8715.41,6256.36
Copy of IMG00059.JPG,conductor,1,0.0646,31.75,2886.35,1979.07,3752.82
Copy of IMG00059.JPG,conductor,1,0.0619,1.76,2759.3,1356.04,3547.36
Copy of IMG00059.JPG,conductor,1,0.0613,0.32,2712.05,1089.74,3437.11
Copy of IMG00059.JPG,conductor,1,0.052,6227.64,3945.01,7741.2,4862.79
Copy of IMG00429.JPG,insulator,2,0.9107,5428.35,3202.42,5790.46,3542.95
Copy of IMG00429.JPG,insulator,2,0.7094,4437.48,2897.43,4766.7,3238.77
Copy of IMG00429.JPG,insulator,2,0.5506,5008.9,2660.24,5411.47,3052.99
Copy of IMG00429.JPG,conductor,1,0.4776,0.0,2918.82,3736.68,3967.54
Copy of IMG00429.JPG,conductor,1,0.4135,6147.38,5491.47,7324.71,6275.38
Copy of IMG00429.JPG,conductor,1,0.3137,5761.49,5162.71,7289.24,6260.77
Copy of IMG00429.JPG,conductor,1,0.3083,4911.09,3891.37,5378.32,5611.96
Copy of IMG00429.JPG,conductor,1,0.3003,6648.95,2335.92,9479.74,3654.04
Copy of IMG00429.JPG,conductor,1,0.2517,5691.88,5034.04,6705.1,5823.68
Copy of IMG00429.JPG,conductor,1,0.2099,0.11,5402.05,529.33,6269.04
Copy of IMG00429.JPG,conductor,1,0.1943,5340.65,3788.96,5774.78,5629.65
Copy of IMG00429.JPG,conductor,1,0.1929,6427.47,3644.47,9488.39,5578.12
Copy of IMG00429.JPG,conductor,1,0.188,4162.47,3372.34,4777.41,5683.1
Copy of IMG00429.JPG,conductor,1,0.1362,4925.43,3802.43,5650.91,5639.88
Copy of IMG00429.JPG,insulator,2,0.1343,4847.56,3259.68,5162.63,3533.0
Copy of IMG00429.JPG,conductor,1,0.1228,5719.11,5129.33,6874.13,6087.46
Copy of IMG00429.JPG,conductor,1,0.1185,4257.58,3359.12,4747.09,5170.43
Copy of IMG00429.JPG,insulator,2,0.0912,4828.24,3274.41,5192.89,3636.76
Copy of IMG00429.JPG,conductor,1,0.0742,1.07,5348.22,393.16,6252.3
Copy of IMG00429.JPG,insulator,2,0.0738,4833.28,3286.89,5239.22,3734.86
Copy of IMG00429.JPG,conductor,1,0.0725,4376.07,3370.53,4732.44,4352.83
Copy of IMG00429.JPG,conductor,1,0.0681,5643.33,4808.33,6640.88,5770.56
Copy of IMG00429.JPG,pylon,0,0.0506,4179.05,3375.02,4765.81,5613.14
Copy of IMG00219.JPG,insulator,2,0.7365,4397.08,1895.9,4579.02,2141.89
Copy of IMG00219.JPG,conductor,1,0.5121,2871.61,5519.25,3269.0,6250.47
Copy of IMG00219.JPG,conductor,1,0.2624,3162.05,3289.79,3645.68,5233.79
Copy of IMG00219.JPG,insulator,2,0.244,3632.22,2127.65,3859.94,2372.45
Copy of IMG00219.JPG,conductor,1,0.2391,2905.42,5238.89,3297.29,6245.71
Copy of IMG00219.JPG,conductor,1,0.2375,4246.78,2309.6,4841.65,6220.61
Copy of IMG00219.JPG,conductor,1,0.2285,3523.33,2458.36,3770.67,3463.54
Copy of IMG00219.JPG,conductor,1,0.1487,2932.51,4995.52,3404.12,6087.87
Copy of IMG00219.JPG,conductor,1,0.1377,2947.71,5033.27,3388.73,5814.69
Copy of IMG00219.JPG,conductor,1,0.127,2962.43,4981.73,3434.93,5685.74
Copy of IMG00219.JPG,conductor,1,0.099,3516.28,2437.85,3781.37,3183.75
Copy of IMG00219.JPG,pylon,0,0.0985,4319.08,2243.64,4745.1,6234.22
Copy of IMG00219.JPG,conductor,1,0.0863,4858.6,2310.08,5215.46,2645.71
Copy of IMG00219.JPG,insulator,2,0.0802,5148.65,2097.06,5325.75,2306.93
Copy of IMG00219.JPG,conductor,1,0.0796,4567.85,635.04,4821.02,1498.92
Copy of IMG00219.JPG,conductor,1,0.0765,3563.28,2394.19,3784.74,3037.01
Copy of IMG00219.JPG,conductor,1,0.0758,4393.19,2402.6,4612.19,3721.53
Copy of IMG00219.JPG,conductor,1,0.0753,2826.74,5653.57,3196.41,6275.24
Copy of IMG00219.JPG,conductor,1,0.0739,3463.05,2585.98,3717.4,3530.91
Copy of IMG00219.JPG,conductor,1,0.0716,2972.05,4842.79,3477.49,5593.66
Copy of IMG00219.JPG,conductor,1,0.0657,3827.03,1181.76,4078.31,1575.73
Copy of IMG00219.JPG,conductor,1,0.0648,4364.41,2335.0,4636.99,3307.2
Copy of IMG00219.JPG,conductor,1,0.0617,2958.55,4622.27,3486.42,5428.67
Copy of IMG00219.JPG,conductor,1,0.0574,2914.42,5232.66,3353.97,5997.52
Copy of IMG00219.JPG,conductor,1,0.056,3562.7,2367.63,3800.71,2879.38
Copy of IMG00219.JPG,conductor,1,0.0546,3832.02,1247.05,4058.1,1691.38
Copy of IMG00219.JPG,conductor,1,0.0536,4395.46,2211.39,4576.55,2847.88
Copy of IMG00219.JPG,conductor,1,0.0528,3441.64,2880.98,3753.24,3558.74
Copy of IMG00219.JPG,conductor,1,0.0526,3963.53,2359.75,4235.83,2796.16
Copy of IMG00219.JPG,conductor,1,0.0513,4560.7,1092.32,4837.71,1510.31
Copy of IMG00050.JPG,insulator,2,0.8878,3991.65,2975.7,4394.11,3374.1
Copy of IMG00050.JPG,insulator,2,0.8835,5678.71,2451.8,6163.64,2898.12
Copy of IMG00050.JPG,pylon,0,0.8693,4330.23,3288.08,4864.87,6295.71
Copy of IMG00050.JPG,insulator,2,0.8342,3328.64,2473.77,3763.56,2863.94
Copy of IMG00050.JPG,insulator,2,0.8249,5090.35,2036.19,5486.85,2404.0
Copy of IMG00050.JPG,conductor,1,0.8164,4961.88,3858.48,5865.42,4643.66
Copy of IMG00050.JPG,conductor,1,0.7203,5914.54,3682.94,6839.46,4394.76
Copy of IMG00050.JPG,insulator,2,0.7097,4783.26,2677.64,5212.24,3047.42
Copy of IMG00050.JPG,insulator,2,0.6827,4287.62,2186.26,4672.89,2572.07
Copy of IMG00050.JPG,conductor,1,0.6624,5233.42,3112.53,5966.72,3754.46
Copy of IMG00050.JPG,conductor,1,0.6526,2312.43,1832.33,3302.96,2501.87
Copy of IMG00050.JPG,conductor,1,0.5405,6203.73,2872.56,7927.63,3985.67
Copy of IMG00050.JPG,conductor,1,0.5101,6400.12,5226.61,7335.16,6195.34
Copy of IMG00050.JPG,conductor,1,0.5002,6722.11,4420.56,7667.8,5039.51
Copy of IMG00050.JPG,conductor,1,0.4834,3436.7,1773.11,4284.93,2257.59
Copy of IMG00050.JPG,conductor,1,0.4806,1648.04,1322.99,2502.38,1958.02
Copy of IMG00050.JPG,conductor,1,0.4504,7708.28,5135.62,8419.09,5722.89
Copy of IMG00050.JPG,conductor,1,0.3891,7812.69,4246.1,8888.85,4802.59
Copy of IMG00050.JPG,conductor,1,0.3836,8789.75,4914.51,9503.44,5541.58
Copy of IMG00050.JPG,conductor,1,0.3807,7069.74,3594.24,8012.55,4160.21
Copy of IMG00050.JPG,conductor,1,0.3749,5489.39,4496.6,6436.65,5181.82
Copy of IMG00050.JPG,conductor,1,0.3664,8311.07,5575.9,8945.48,6232.96
Copy of IMG00050.JPG,conductor,1,0.334,7087.46,4748.17,7982.35,5378.76
Copy of IMG00050.JPG,conductor,1,0.3118,5852.98,3589.43,6739.53,4312.62
Copy of IMG00050.JPG,conductor,1,0.2775,7956.02,4331.24,8929.76,4915.63
Copy of IMG00050.JPG,conductor,1,0.273,7697.7,4163.33,8833.55,4738.21
Copy of IMG00050.JPG,conductor,1,0.2671,5558.12,4622.29,6607.26,5368.95
Copy of IMG00050.JPG,conductor,1,0.228,1121.76,844.42,1805.27,1431.99
Copy of IMG00050.JPG,conductor,1,0.2178,4182.17,1415.92,5041.21,2028.09
Copy of IMG00050.JPG,conductor,1,0.2016,6483.48,5346.33,7471.85,6214.51
Copy of IMG00050.JPG,conductor,1,0.1933,7652.12,4076.87,8648.47,4645.46
Copy of IMG00050.JPG,conductor,1,0.1888,6837.28,4567.0,7836.35,5264.48
Copy of IMG00050.JPG,conductor,1,0.1813,3907.56,1345.66,5016.27,2014.07
Copy of IMG00050.JPG,conductor,1,0.1746,5193.04,3057.24,5913.64,3639.15
Copy of IMG00050.JPG,conductor,1,0.1518,7590.33,5055.53,8367.03,5644.54
Copy of IMG00050.JPG,conductor,1,0.1451,6690.08,5475.88,7601.75,6256.04
Copy of IMG00050.JPG,conductor,1,0.1288,6037.73,3800.54,6929.65,4440.99
Copy of IMG00050.JPG,conductor,1,0.1269,1535.95,1251.2,2431.26,1914.88
Copy of IMG00050.JPG,conductor,1,0.1267,2667.61,1311.92,3555.86,1835.97
Copy of IMG00050.JPG,conductor,1,0.1185,6786.21,3411.92,7952.08,4110.48
Copy of IMG00050.JPG,conductor,1,0.118,26.76,30.48,567.78,475.99
Copy of IMG00050.JPG,conductor,1,0.1137,8438.62,5735.26,8998.88,6243.5
Copy of IMG00050.JPG,conductor,1,0.1089,3249.63,1689.33,4233.55,2208.67
Copy of IMG00050.JPG,conductor,1,0.1037,7748.5,5212.55,8468.26,5796.52
Copy of IMG00050.JPG,conductor,1,0.0987,6572.28,4313.62,7516.08,4931.09
Copy of IMG00050.JPG,conductor,1,0.0986,5160.89,3020.38,5657.6,3467.39
Copy of IMG00050.JPG,conductor,1,0.0968,1080.39,134.21,1703.12,563.39
Copy of IMG00050.JPG,conductor,1,0.0933,8089.63,4378.17,8982.58,5055.43
Copy of IMG00050.JPG,conductor,1,0.0903,9078.54,5129.64,9504.0,5738.94
Copy of IMG00050.JPG,conductor,1,0.0899,8715.82,4842.47,9483.58,5392.05
Copy of IMG00050.JPG,conductor,1,0.089,7614.82,4082.04,8449.42,4526.89
Copy of IMG00050.JPG,conductor,1,0.0878,8954.32,5054.93,9504.0,5656.69
Copy of IMG00050.JPG,conductor,1,0.0817,5346.68,3167.64,6094.92,3834.29
Copy of IMG00050.JPG,insulator,2,0.0816,4673.66,2351.05,4935.34,2605.95
Copy of IMG00050.JPG,conductor,1,0.0812,9170.47,5224.79,9504.0,5837.93
Copy of IMG00050.JPG,conductor,1,0.0782,7374.48,4987.16,8338.64,5559.05
Copy of IMG00050.JPG,conductor,1,0.0779,5007.74,3997.43,5944.85,4700.94
Copy of IMG00050.JPG,conductor,1,0.0774,976.1,764.32,1677.46,1340.53
Copy of IMG00050.JPG,conductor,1,0.077,5185.94,3039.35,5773.49,3536.68
Copy of IMG00050.JPG,conductor,1,0.074,8352.02,4651.84,9084.32,5110.93
Copy of IMG00050.JPG,conductor,1,0.0709,973.57,77.28,1543.24,492.22
Copy of IMG00050.JPG,conductor,1,0.0703,75.48,88.89,687.73,512.15
Copy of IMG00050.JPG,conductor,1,0.0692,497.06,352.57,1162.82,938.09
Copy of IMG00050.JPG,conductor,1,0.069,6643.66,5428.87,7433.86,6181.08
Copy of IMG00050.JPG,conductor,1,0.0672,6940.97,3527.74,7956.29,4093.04
Copy of IMG00050.JPG,conductor,1,0.067,1229.26,998.28,1999.51,1538.83
Copy of IMG00050.JPG,conductor,1,0.0664,4930.69,3789.13,5660.57,4572.02
Copy of IMG00050.JPG,conductor,1,0.0652,5424.73,4423.62,6344.77,5106.29
Copy of IMG00050.JPG,conductor,1,0.0644,6089.17,2832.0,6732.26,3333.3
Copy of IMG00050.JPG,conductor,1,0.0642,9223.6,5367.03,9504.0,6071.45
Copy of IMG00050.JPG,conductor,1,0.0623,3746.99,1245.99,4916.78,1819.01
Copy of IMG00050.JPG,conductor,1,0.06,9342.56,5512.81,9504.0,6090.23
Copy of IMG00050.JPG,conductor,1,0.059,6976.96,4647.04,7933.94,5301.74
Copy of IMG00050.JPG,insulator,2,0.0582,4891.69,2550.61,5207.36,2980.78
Copy of IMG00050.JPG,conductor,1,0.0572,6146.03,3930.1,7005.67,4472.54
Copy of IMG00050.JPG,conductor,1,0.0556,6237.41,5074.8,7147.77,5770.16
Copy of IMG00050.JPG,conductor,1,0.0552,9241.8,5511.26,9504.0,6126.61
Copy of IMG00050.JPG,conductor,1,0.0552,1152.59,910.7,1940.53,1490.51
Copy of IMG00050.JPG,conductor,1,0.0543,2456.63,1185.52,3438.21,1758.25
Copy of IMG00050.JPG,conductor,1,0.0542,5767.54,3529.96,6642.64,4222.83
Copy of IMG00050.JPG,conductor,1,0.0537,9333.22,5424.26,9504.0,6001.65
Copy of IMG00050.JPG,conductor,1,0.0537,1381.62,1073.85,2198.08,1654.37
Copy of IMG00050.JPG,insulator,2,0.0519,4590.77,2274.84,4843.86,2605.16
Copy of IMG00050.JPG,conductor,1,0.0512,7847.81,5283.72,8499.52,5827.78
Copy of IMG00244.JPG,insulator,2,0.9243,4437.84,2875.13,4864.75,3280.74
Copy of IMG00244.JPG,pylon,0,0.8041,5520.32,4377.03,6032.39,6292.9
Copy of IMG00244.JPG,insulator,2,0.7865,5886.34,3722.66,6170.08,4037.48
Copy of IMG00244.JPG,conductor,1,0.656,3352.03,3301.17,4353.13,3945.09
Copy of IMG00244.JPG,conductor,1,0.5962,3336.86,5607.5,4101.35,6227.86
Copy of IMG00244.JPG,conductor,1,0.5309,6792.24,2158.79,7738.13,3235.7
Copy of IMG00244.JPG,conductor,1,0.4992,2857.77,4937.94,3568.71,5522.81
Copy of IMG00244.JPG,conductor,1,0.422,1035.83,5449.34,1590.19,5971.46
Copy of IMG00244.JPG,insulator,2,0.4215,5139.97,3269.52,5514.7,3643.74
Copy of IMG00244.JPG,conductor,1,0.4057,2532.73,4295.05,3136.2,4736.09
Copy of IMG00244.JPG,insulator,2,0.3464,5578.54,3528.35,5817.0,3914.9
Copy of IMG00244.JPG,conductor,1,0.316,1204.29,2403.07,1629.14,2746.52
Copy of IMG00244.JPG,conductor,1,0.2885,2165.0,3265.51,2902.46,3770.12
Copy of IMG00244.JPG,conductor,1,0.2809,3849.36,4042.4,4844.79,4677.05
Copy of IMG00244.JPG,conductor,1,0.2586,4354.8,3676.47,4997.63,4234.91
Copy of IMG00244.JPG,conductor,1,0.252,4454.9,4621.61,5329.12,5384.03
Copy of IMG00244.JPG,conductor,1,0.2442,4298.15,3738.7,4976.76,4362.12
Copy of IMG00244.JPG,conductor,1,0.2435,811.25,2809.35,1262.39,3215.89
Copy of IMG00244.JPG,conductor,1,0.2396,828.57,2827.25,1340.25,3290.21
Copy of IMG00244.JPG,conductor,1,0.2312,215.43,2314.28,710.9,2682.46
Copy of IMG00244.JPG,insulator,2,0.2254,5591.27,3472.02,5838.41,3820.62
Copy of IMG00244.JPG,conductor,1,0.2174,8603.86,272.39,9221.46,1066.2
Copy of IMG00244.JPG,conductor,1,0.216,3997.83,3925.7,4866.06,4621.17
Copy of IMG00244.JPG,conductor,1,0.2115,941.19,2179.43,1415.98,2486.54
Copy of IMG00244.JPG,conductor,1,0.2013,918.84,2061.14,1424.48,2424.42
Copy of IMG00244.JPG,conductor,1,0.2012,1039.17,5538.46,1523.83,5994.98
Copy of IMG00244.JPG,conductor,1,0.1968,1932.46,4683.61,2616.52,5144.51
Copy of IMG00244.JPG,conductor,1,0.1952,4111.93,3822.45,4916.34,4528.21
Copy of IMG00244.JPG,conductor,1,0.1827,2426.69,5428.72,3076.11,5923.37
Copy of IMG00244.JPG,conductor,1,0.1826,1864.49,2911.86,2422.64,3357.38
Copy of IMG00244.JPG,conductor,1,0.1759,2077.87,4638.66,2647.88,5049.75
Copy of IMG00244.JPG,conductor,1,0.1751,867.8,1979.91,1362.55,2355.58
Copy of IMG00244.JPG,conductor,1,0.1703,1469.24,2648.7,1916.97,2977.29
Copy of IMG00244.JPG,conductor,1,0.1647,1770.09,2878.36,2341.34,3345.1
Copy of IMG00244.JPG,conductor,1,0.1601,1124.88,2338.81,1586.36,2701.04
Copy of IMG00244.JPG,conductor,1,0.1545,1463.34,2591.05,1871.91,2944.82
Copy of IMG00244.JPG,conductor,1,0.1533,1638.86,4915.51,2310.47,5446.32
Copy of IMG00244.JPG,conductor,1,0.1509,1529.76,4987.79,2263.02,5508.15
Copy of IMG00244.JPG,conductor,1,0.1466,4267.73,4615.21,5305.67,5546.55
Copy of IMG00244.JPG,conductor,1,0.1425,492.59,2426.5,823.7,2790.9
Copy of IMG00244.JPG,conductor,1,0.1378,1272.89,2442.13,1689.18,2829.91
Copy of IMG00244.JPG,conductor,1,0.1304,577.16,2483.73,919.57,2853.06
Copy of IMG00244.JPG,conductor,1,0.1295,1552.31,2726.99,2079.21,3084.19
Copy of IMG00244.JPG,conductor,1,0.1283,301.63,2362.17,769.79,2739.94
Copy of IMG00244.JPG,conductor,1,0.1269,7411.43,1177.56,8532.98,2376.07
Copy of IMG00244.JPG,conductor,1,0.1252,1007.55,2272.34,1434.24,2584.95
Copy of IMG00244.JPG,conductor,1,0.1222,441.75,1620.47,758.21,1923.02
Copy of IMG00244.JPG,conductor,1,0.1212,889.62,2900.64,1433.24,3359.95
Copy of IMG00244.JPG,conductor,1,0.1203,2719.9,5018.25,3531.48,5612.58
Copy of IMG00244.JPG,conductor,1,0.1157,967.07,5622.35,1319.13,6049.94
Copy of IMG00244.JPG,conductor,1,0.1152,1605.14,2776.62,2125.23,3145.89
Copy of IMG00244.JPG,conductor,1,0.1148,4586.07,4605.42,5338.84,5190.2
Copy of IMG00244.JPG,conductor,1,0.1147,1395.02,5062.71,2098.49,5555.57
Copy of IMG00244.JPG,conductor,1,0.1136,1211.03,3240.02,1793.36,3803.88
Copy of IMG00244.JPG,insulator,2,0.1133,5178.23,3635.44,5477.29,4103.79
Copy of IMG00244.JPG,conductor,1,0.112,2181.54,4540.36,2694.68,5016.81
Copy of IMG00244.JPG,conductor,1,0.1101,963.03,2968.08,1470.27,3416.27
Copy of IMG00244.JPG,conductor,1,0.1064,1643.05,2814.51,2167.59,3224.17
Copy of IMG00244.JPG,conductor,1,0.1053,1055.07,5342.28,1654.51,5858.82
Copy of IMG00244.JPG,conductor,1,0.1049,1372.61,2517.3,1809.01,2907.91
Copy of IMG00244.JPG,conductor,1,0.1042,2861.17,3947.99,3392.14,4376.66
Copy of IMG00244.JPG,conductor,1,0.1034,2177.81,3297.63,2982.44,3870.71
Copy of IMG00244.JPG,conductor,1,0.0983,854.43,5639.98,1163.03,6064.3
Copy of IMG00244.JPG,conductor,1,0.0964,1153.24,3208.49,1689.27,3692.99
Copy of IMG00244.JPG,conductor,1,0.0955,1114.97,3119.8,1631.98,3641.56
Copy of IMG00244.JPG,conductor,1,0.095,1737.63,4905.31,2296.55,5347.75
Copy of IMG00244.JPG,conductor,1,0.0943,806.8,1952.06,1412.66,2280.48
Copy of IMG00244.JPG,conductor,1,0.0923,1802.44,4817.99,2536.92,5327.82
Copy of IMG00244.JPG,conductor,1,0.0909,616.39,2516.38,966.25,2896.45
Copy of IMG00244.JPG,conductor,1,0.0897,1022.01,3046.52,1548.52,3489.41
Copy of IMG00244.JPG,conductor,1,0.0894,3554.64,3309.27,4370.07,3866.6
Copy of IMG00244.JPG,conductor,1,0.086,111.81,2278.84,648.85,2651.57
Copy of IMG00244.JPG,conductor,1,0.0858,1005.76,5629.71,1425.8,6050.12
Copy of IMG00244.JPG,conductor,1,0.0845,395.21,1577.92,747.1,1875.3
Copy of IMG00244.JPG,conductor,1,0.0844,8614.66,380.71,9172.89,987.5
Copy of IMG00244.JPG,conductor,1,0.0844,789.96,2769.82,1174.19,3122.25
Copy of IMG00244.JPG,conductor,1,0.0841,754.72,2707.78,1103.03,3055.83
Copy of IMG00244.JPG,conductor,1,0.0832,773.23,1884.18,1325.94,2188.25
Copy of IMG00244.JPG,conductor,1,0.0807,2528.64,5390.68,3119.65,5822.98
Copy of IMG00244.JPG,conductor,1,0.0796,930.37,5669.24,1263.59,6079.05
Copy of IMG00244.JPG,conductor,1,0.079,3589.42,5003.72,4267.3,5471.27
Copy of IMG00244.JPG,conductor,1,0.0783,1517.24,2628.0,1961.86,3030.98
Copy of IMG00244.JPG,conductor,1,0.0778,569.85,2381.21,908.29,2774.21
Copy of IMG00244.JPG,conductor,1,0.0772,4462.05,3625.2,5045.13,4125.61
Copy of IMG00244.JPG,conductor,1,0.0765,508.97,1705.44,863.65,1992.3
Copy of IMG00244.JPG,conductor,1,0.0748,1844.87,4767.36,2475.25,5215.94
Copy of IMG00244.JPG,conductor,1,0.0742,2768.21,5095.3,3480.65,5561.95
Copy of IMG00244.JPG,conductor,1,0.073,647.69,2554.11,1011.76,2931.74
Copy of IMG00244.JPG,conductor,1,0.0718,1.32,1970.98,285.71,2340.84
Copy of IMG00244.JPG,conductor,1,0.0715,19.15,1991.81,391.42,2329.49
Copy of IMG00244.JPG,conductor,1,0.0697,440.73,1665.45,783.07,1968.47
Copy of IMG00244.JPG,conductor,1,0.0688,62.47,2209.27,575.25,2572.26
Copy of IMG00244.JPG,conductor,1,0.0662,9198.69,5.68,9504.0,445.85
Copy of IMG00244.JPG,conductor,1,0.0642,2899.82,3885.2,3491.35,4371.61
Copy of IMG00244.JPG,conductor,1,0.0628,4209.37,3791.37,4889.95,4348.69
Copy of IMG00244.JPG,conductor,1,0.0617,1412.17,3410.92,2007.85,4032.0
Copy of IMG00244.JPG,conductor,1,0.0611,732.98,1843.32,1170.11,2119.94
Copy of IMG00244.JPG,conductor,1,0.0609,0.58,1887.87,227.17,2260.94
Copy of IMG00244.JPG,conductor,1,0.0597,734.45,5603.68,1085.9,6089.05
Copy of IMG00244.JPG,conductor,1,0.059,420.61,2264.18,811.87,2688.06
Copy of IMG00244.JPG,conductor,1,0.0584,1032.11,2407.08,1435.89,2710.13
Copy of IMG00244.JPG,conductor,1,0.0579,773.93,2611.14,1123.74,2955.32
Copy of IMG00244.JPG,conductor,1,0.0578,673.56,1820.35,1083.1,2096.81
Copy of IMG00244.JPG,conductor,1,0.0577,1938.91,2983.84,2603.17,3402.29
Copy of IMG00244.JPG,conductor,1,0.0576,1222.31,5180.71,1886.3,5634.3
Copy of IMG00244.JPG,conductor,1,0.0565,2954.75,4894.27,3602.93,5397.43
Copy of IMG00244.JPG,conductor,1,0.0549,5076.8,4450.83,5459.93,4828.53
Copy of IMG00244.JPG,conductor,1,0.0546,224.14,1419.37,689.99,1657.71
Copy of IMG00244.JPG,conductor,1,0.054,871.47,2318.36,1246.82,2590.43
Copy of IMG00244.JPG,conductor,1,0.0533,1365.88,5154.11,1944.27,5572.14
Copy of IMG00244.JPG,conductor,1,0.053,1323.79,3315.47,1889.78,3878.06
Copy of IMG00244.JPG,pylon_fissure,3,0.0526,5675.69,5276.15,5878.27,6275.54
Copy of IMG00244.JPG,conductor,1,0.0518,3422.07,5526.83,4181.96,6163.05
Copy of IMG00244.JPG,conductor,1,0.0512,124.06,1995.12,585.4,2278.52
Copy of IMG00244.JPG,conductor,1,0.0503,297.57,1508.27,736.58,1779.39
Copy of IMG00448.JPG,insulator,2,0.8573,2594.53,3309.12,3049.96,3885.58
Copy of IMG00448.JPG,conductor,1,0.7431,8453.63,4289.89,9502.2,4845.97
Copy of IMG00448.JPG,insulator,2,0.6962,5255.69,3861.78,5677.19,4388.83
Copy of IMG00448.JPG,insulator,2,0.638,3951.49,3720.35,4344.19,4154.01
Copy of IMG00448.JPG,conductor,1,0.3899,4444.91,2618.33,5669.72,3014.74
Copy of IMG00448.JPG,conductor,1,0.376,5636.66,3155.68,7505.26,3985.35
Copy of IMG00448.JPG,conductor,1,0.3485,5775.85,3369.93,7520.04,3953.15
Copy of IMG00448.JPG,conductor,1,0.2422,8473.34,4204.4,9504.0,4989.79
Copy of IMG00448.JPG,conductor,1,0.2139,4961.86,4485.13,5457.77,6281.96
Copy of IMG00448.JPG,conductor,1,0.2091,5649.85,3092.44,6940.25,3713.7
Copy of IMG00448.JPG,conductor,1,0.2068,7652.96,1412.27,9032.01,1743.0
Copy of IMG00448.JPG,insulator,2,0.1987,4099.48,2396.5,4341.25,2702.49
Copy of IMG00448.JPG,conductor,1,0.1846,7420.07,1369.46,8963.88,1778.64
Copy of IMG00448.JPG,insulator,2,0.1768,3448.37,3312.95,3732.03,3600.76
Copy of IMG00448.JPG,conductor,1,0.1766,3.31,1627.41,539.95,1888.54
Copy of IMG00448.JPG,conductor,1,0.1413,5620.02,3056.63,6698.02,3555.14
Copy of IMG00448.JPG,conductor,1,0.1384,4347.15,823.57,7530.14,1336.7
Copy of IMG00448.JPG,conductor,1,0.1345,8781.65,1636.58,9497.73,2005.76
Copy of IMG00448.JPG,insulator,2,0.122,3582.93,3242.37,3845.65,3524.75
Copy of IMG00448.JPG,conductor,1,0.1158,3572.8,4217.12,4203.14,6281.34
Copy of IMG00448.JPG,conductor,1,0.1092,7918.24,1451.21,9130.67,1764.79
Copy of IMG00448.JPG,conductor,1,0.1091,8341.98,1507.4,9311.52,1820.15
Copy of IMG00448.JPG,conductor,1,0.1074,7275.66,1337.89,8427.7,1600.5
Copy of IMG00448.JPG,conductor,1,0.1032,4466.8,2658.8,5733.49,3122.0
Copy of IMG00448.JPG,conductor,1,0.1004,8478.62,1529.56,9445.23,1876.58
Copy of IMG00448.JPG,conductor,1,0.0994,5653.75,3104.8,6537.01,3499.01
Copy of IMG00448.JPG,conductor,1,0.0975,4705.18,2662.58,5688.28,3019.48
Copy of IMG00448.JPG,conductor,1,0.0952,7649.82,3911.59,8763.35,4530.0
Copy of IMG00448.JPG,conductor,1,0.0948,7749.8,1926.43,8604.49,2177.85
Copy of IMG00448.JPG,conductor,1,0.0933,8196.29,1489.14,9200.54,1788.8
Copy of IMG00448.JPG,insulator,2,0.0911,3488.6,3287.89,3768.37,3578.33
Copy of IMG00448.JPG,insulator,2,0.0809,4303.42,3437.34,4609.65,3805.73
Copy of IMG00448.JPG,conductor,1,0.0793,4427.86,2559.23,5581.82,2937.68
Copy of IMG00448.JPG,insulator,2,0.0774,3911.85,3416.1,4157.43,3725.64
Copy of IMG00448.JPG,insulator,2,0.0728,3938.3,3332.7,4183.49,3602.76
Copy of IMG00448.JPG,conductor,1,0.0653,8191.58,4184.98,9504.0,4835.32
Copy of IMG00448.JPG,conductor,1,0.0653,0.67,1514.21,611.06,1925.09
Copy of IMG00448.JPG,conductor,1,0.0646,7951.3,1924.62,8832.1,2184.48
Copy of IMG00448.JPG,conductor,1,0.0637,4518.01,2969.22,5159.46,3260.06
Copy of IMG00448.JPG,conductor,1,0.0631,7212.37,1323.02,8107.06,1560.01
Copy of IMG00448.JPG,insulator,2,0.0628,4257.82,3248.38,4527.23,3528.85
Copy of IMG00448.JPG,conductor,1,0.061,7549.34,1893.06,8716.51,2195.97
Copy of IMG00448.JPG,conductor,1,0.0601,4669.46,3074.99,5316.14,3388.85
Copy of IMG00448.JPG,conductor,1,0.0596,8599.98,1566.1,9489.19,1918.84
Copy of IMG00448.JPG,conductor,1,0.0584,5630.17,3038.03,6453.09,3442.81
Copy of IMG00448.JPG,conductor,1,0.0572,8259.0,1921.68,8911.38,2186.34
Copy of IMG00448.JPG,conductor,1,0.0546,7298.9,1387.83,8859.72,1674.14
Copy of IMG00448.JPG,conductor,1,0.0545,8881.04,1721.85,9502.81,2024.07
Copy of IMG00513.JPG,insulator,2,0.7588,4216.83,1883.92,4517.38,2205.54
Copy of IMG00513.JPG,insulator,2,0.5998,4263.18,2503.14,4566.11,2777.63
Copy of IMG00513.JPG,insulator,2,0.522,4671.86,2055.1,4951.79,2310.42
Copy of IMG00513.JPG,pylon,0,0.4831,4648.41,2601.85,5110.32,5621.47
Copy of IMG00513.JPG,insulator,2,0.4111,4329.26,1775.27,4691.42,2121.01
Copy of IMG00513.JPG,conductor,1,0.3539,1313.05,4619.47,3931.44,5631.37
Copy of IMG00513.JPG,insulator,2,0.3525,4394.2,1770.12,4712.78,2042.66
Copy of IMG00513.JPG,insulator,2,0.3405,4702.57,1991.21,5019.6,2262.31
Copy of IMG00513.JPG,insulator,2,0.3347,4910.73,1887.55,5187.87,2130.27
Copy of IMG00513.JPG,conductor,1,0.3037,4089.47,3814.07,4682.98,4786.03
Copy of IMG00513.JPG,insulator,2,0.2541,5208.33,2198.56,5427.8,2460.32
Copy of IMG00513.JPG,insulator,2,0.2457,5341.36,2022.26,5661.23,2320.04
Copy of IMG00513.JPG,insulator,2,0.2019,4949.92,2293.78,5153.38,2534.03
Copy of IMG00513.JPG,conductor,1,0.2019,1802.69,4751.56,3905.03,5551.53
Copy of IMG00513.JPG,conductor,1,0.2016,3903.82,4486.51,4586.13,5229.41
Copy of IMG00513.JPG,conductor,1,0.1839,4224.49,3736.06,4745.51,4630.46
Copy of IMG00513.JPG,insulator,2,0.1556,5249.66,2067.99,5574.11,2395.49
Copy of IMG00513.JPG,conductor,1,0.1515,4169.02,2881.78,4543.56,3430.16
Copy of IMG00513.JPG,conductor,1,0.1473,653.72,4373.52,2644.21,5169.29
Copy of IMG00513.JPG,conductor,1,0.1469,3997.15,4194.73,4569.09,5116.57
Copy of IMG00513.JPG,conductor,1,0.1362,4091.73,4044.02,4632.77,4884.14
Copy of IMG00513.JPG,insulator,2,0.1181,4882.74,1875.43,5167.63,2180.5
Copy of IMG00513.JPG,conductor,1,0.1119,4097.78,2945.18,4510.12,3522.99
Copy of IMG00513.JPG,insulator,2,0.1039,5230.94,2201.07,5525.74,2437.93
Copy of IMG00513.JPG,insulator,2,0.078,4249.9,1836.7,4620.72,2175.38
Copy of IMG00513.JPG,conductor,1,0.0683,1.26,3989.5,788.45,4470.44
Copy of IMG00513.JPG,conductor,1,0.0664,2.54,4000.47,1234.71,4665.08
Copy of IMG00513.JPG,conductor,1,0.0657,2.05,4023.76,1559.19,4738.92
Copy of IMG00513.JPG,conductor,1,0.0653,0.4,3980.44,960.41,4573.78
Copy of IMG00513.JPG,insulator,2,0.0611,4534.63,2360.06,4816.55,2616.82
Copy of IMG00513.JPG,conductor,1,0.0569,4266.21,3688.73,4771.76,4476.12
Copy of IMG00513.JPG,insulator,2,0.0536,4290.09,2498.15,4618.61,2745.64
Copy of IMG00513.JPG,conductor,1,0.0509,3751.46,2510.05,4105.74,2999.55
Copy of IMG00513.JPG,conductor,1,0.0503,879.73,5269.25,2546.74,6116.17
Copy of IMG00035.JPG,pylon,0,0.8596,4867.15,3830.07,5350.77,6271.16
Copy of IMG00035.JPG,insulator,2,0.8141,5016.45,3278.64,5274.8,3513.7
Copy of IMG00035.JPG,conductor,1,0.5909,5759.95,3894.0,6444.37,4928.36
Copy of IMG00035.JPG,insulator,2,0.5239,5629.89,3525.97,5910.81,3761.86
Copy of IMG00035.JPG,insulator,2,0.4178,4373.43,3533.38,4633.75,3786.38
Copy of IMG00035.JPG,conductor,1,0.261,1606.26,1246.74,5904.05,1620.72
Copy of IMG00035.JPG,insulator,2,0.2022,5647.78,3441.6,5895.6,3741.96
Copy of IMG00035.JPG,conductor,1,0.2003,3499.54,3705.33,4100.19,4119.9
Copy of IMG00035.JPG,conductor,1,0.1903,5300.93,4147.6,5746.92,4864.86
Copy of IMG00035.JPG,conductor,1,0.173,187.98,3506.82,911.28,3773.96
Copy of IMG00035.JPG,insulator,2,0.1593,5036.4,3544.98,5274.31,3731.03
Copy of IMG00035.JPG,conductor,1,0.1591,3870.22,4004.99,4362.1,4455.06
Copy of IMG00035.JPG,conductor,1,0.1517,4423.05,3828.21,4760.38,4340.65
Copy of IMG00035.JPG,insulator,2,0.1479,5604.67,3388.32,5890.95,3613.24
Copy of IMG00035.JPG,conductor,1,0.1381,5801.77,383.63,6379.86,1025.87
Copy of IMG00035.JPG,conductor,1,0.1351,6954.75,0.0,7355.63,434.39
Copy of IMG00035.JPG,conductor,1,0.124,2209.22,5215.08,2824.49,5730.04
Copy of IMG00035.JPG,conductor,1,0.122,4523.43,3878.5,4869.95,4481.53
Copy of IMG00035.JPG,conductor,1,0.1202,82.37,3555.7,805.42,3803.5
Copy of IMG00035.JPG,insulator,2,0.109,4388.71,3348.5,4628.58,3557.26
Copy of IMG00035.JPG,conductor,1,0.1088,3431.03,3738.2,4057.56,4187.66
Copy of IMG00035.JPG,conductor,1,0.1083,5187.0,3911.72,5578.98,4659.08
Copy of IMG00035.JPG,conductor,1,0.1079,6609.45,675.25,7027.17,1159.46
Copy of IMG00035.JPG,conductor,1,0.107,5320.15,4547.73,5938.77,5314.39
Copy of IMG00035.JPG,conductor,1,0.0993,3965.5,3954.01,4391.55,4402.1
Copy of IMG00035.JPG,conductor,1,0.099,5801.64,553.8,6279.96,1024.29
Copy of IMG00035.JPG,conductor,1,0.0962,2624.61,4763.7,3440.33,5355.04
Copy of IMG00035.JPG,insulator,2,0.093,5006.14,3532.75,5265.51,3702.76
Copy of IMG00035.JPG,conductor,1,0.0842,4311.69,3853.69,4646.39,4332.45
Copy of IMG00035.JPG,conductor,1,0.0837,5761.02,3909.53,6362.54,4621.69
Copy of IMG00035.JPG,conductor,1,0.0755,4481.35,3845.13,4815.1,4399.84
Copy of IMG00035.JPG,conductor,1,0.0724,5498.92,1940.8,5968.45,2586.71
Copy of IMG00035.JPG,conductor,1,0.0708,4546.41,3936.31,4907.88,4619.06
Copy of IMG00035.JPG,conductor,1,0.0708,5280.95,4066.17,5698.72,4773.3
Copy of IMG00035.JPG,conductor,1,0.0703,5663.78,1596.43,6201.03,2094.65
Copy of IMG00035.JPG,conductor,1,0.0698,6607.96,0.0,6935.6,366.28
Copy of IMG00035.JPG,conductor,1,0.0686,5318.29,4265.04,5832.83,5196.32
Copy of IMG00035.JPG,conductor,1,0.0678,0.45,3559.69,203.19,3857.89
Copy of IMG00035.JPG,conductor,1,0.0605,0.45,3623.86,203.25,3940.49
Copy of IMG00035.JPG,conductor,1,0.0593,3779.06,4083.75,4316.71,4505.2
Copy of IMG00035.JPG,conductor,1,0.059,5243.41,3977.16,5636.32,4740.51
Copy of IMG00035.JPG,conductor,1,0.0574,6386.41,368.99,6755.56,753.36
Copy of IMG00035.JPG,insulator,2,0.0566,4246.92,3518.81,4566.69,3778.07
Copy of IMG00035.JPG,conductor,1,0.0565,4550.44,4069.44,4928.93,4831.31
Copy of IMG00035.JPG,conductor,1,0.0531,5354.0,1460.04,5813.2,1918.4
Copy of IMG00035.JPG,conductor,1,0.0525,2.72,3589.06,351.1,3837.75
Copy of IMG00035.JPG,conductor,1,0.0523,5417.32,1406.31,5827.08,1807.35
Copy of IMG00141.JPG,insulator,2,0.846,5421.8,2866.08,5810.06,3152.57
Copy of IMG00141.JPG,insulator,2,0.7899,5948.94,2830.04,6336.7,3165.5
Copy of IMG00141.JPG,pylon,0,0.7418,5490.89,4099.94,6022.24,6294.37
Copy of IMG00141.JPG,insulator,2,0.7059,5201.54,3256.42,5611.58,3542.79
Copy of IMG00141.JPG,conductor,1,0.6366,6505.46,4082.87,7635.12,4652.93
Copy of IMG00141.JPG,insulator,2,0.5714,6009.84,3282.06,6351.34,3560.7
Copy of IMG00141.JPG,conductor,1,0.4899,3521.78,4249.62,4554.44,4881.05
Copy of IMG00141.JPG,insulator,2,0.4784,5727.1,3398.61,5997.53,3638.26
Copy of IMG00141.JPG,conductor,1,0.4571,7531.7,4488.99,8665.87,5057.73
Copy of IMG00141.JPG,insulator,2,0.3796,5718.59,3345.41,6005.62,3601.61
Copy of IMG00141.JPG,conductor,1,0.3281,1760.74,4514.27,2379.89,4942.34
Copy of IMG00141.JPG,conductor,1,0.315,337.45,4942.47,1279.65,5424.29
Copy of IMG00141.JPG,conductor,1,0.3075,2399.77,4682.13,3510.58,5298.41
Copy of IMG00141.JPG,conductor,1,0.2691,8829.11,4436.19,9498.91,4929.99
Copy of IMG00141.JPG,conductor,1,0.2654,8276.11,3738.38,9335.18,4272.47
Copy of IMG00141.JPG,insulator,2,0.2414,5951.04,3756.11,6285.64,3998.46
Copy of IMG00141.JPG,insulator,2,0.227,5780.12,3284.97,5990.81,3477.13
Copy of IMG00141.JPG,conductor,1,0.2222,2093.09,4877.35,2915.44,5487.36
Copy of IMG00141.JPG,conductor,1,0.1898,6603.77,4154.38,7753.73,4719.25
Copy of IMG00141.JPG,conductor,1,0.1887,8614.37,4929.55,9504.0,5624.29
Copy of IMG00141.JPG,conductor,1,0.1854,4.89,5813.71,579.41,6255.92
Copy of IMG00141.JPG,conductor,1,0.1786,1377.74,4063.08,2510.83,4594.75
Copy of IMG00141.JPG,conductor,1,0.1773,8342.31,4846.25,9452.01,5466.79
Copy of IMG00141.JPG,conductor,1,0.1767,1050.38,5304.82,1894.2,5916.85
Copy of IMG00141.JPG,conductor,1,0.173,8942.43,4481.16,9504.0,4976.88
Copy of IMG00141.JPG,conductor,1,0.1656,260.22,4483.59,1371.48,4980.63
Copy of IMG00141.JPG,conductor,1,0.1652,2163.03,3633.64,3910.34,4350.21
Copy of IMG00141.JPG,conductor,1,0.1645,707.83,5349.99,1792.98,5927.01
Copy of IMG00141.JPG,conductor,1,0.1637,2158.85,4773.53,3317.24,5416.75
Copy of IMG00141.JPG,conductor,1,0.1606,625.04,4372.11,1571.18,4840.06
Copy of IMG00141.JPG,insulator,2,0.1606,2175.06,305.66,2425.06,786.05
Copy of IMG00141.JPG,conductor,1,0.1547,8214.34,4192.03,8946.32,4652.6
Copy of IMG00141.JPG,conductor,1,0.1514,179.03,4585.97,1175.74,5085.3
Copy of IMG00141.JPG,conductor,1,0.1502,1160.93,4128.78,2369.51,4641.91
Copy of IMG00141.JPG,conductor,1,0.1449,619.61,5402.8,1510.37,5932.45
Copy of IMG00141.JPG,conductor,1,0.1331,1394.24,4664.85,2003.26,5061.03
Copy of IMG00141.JPG,conductor,1,0.1321,426.94,4428.25,1493.43,4870.87
Copy of IMG00141.JPG,conductor,1,0.1318,4019.22,5612.01,4878.01,6254.48
Copy of IMG00141.JPG,conductor,1,0.1293,337.79,5025.84,1129.44,5460.1
Copy of IMG00141.JPG,conductor,1,0.1177,0.78,5305.69,390.38,5822.73
Copy of IMG00141.JPG,conductor,1,0.1098,8511.22,4326.66,9286.83,4761.37
Copy of IMG00141.JPG,insulator,2,0.1081,5441.08,3753.78,5772.46,3978.5
Copy of IMG00141.JPG,conductor,1,0.1055,8703.11,4396.95,9504.0,4874.45
Copy of IMG00141.JPG,conductor,1,0.1055,7512.15,3974.1,8400.23,4417.72
Copy of IMG00141.JPG,conductor,1,0.1052,8641.2,4366.13,9379.58,4791.95
Copy of IMG00141.JPG,conductor,1,0.105,7870.06,3635.21,9255.37,4178.42
Copy of IMG00141.JPG,insulator,2,0.1037,5926.16,3290.34,6223.87,3538.94
Copy of IMG00141.JPG,conductor,1,0.103,9051.46,5114.35,9504.0,5729.5
Copy of IMG00141.JPG,conductor,1,0.0967,8901.58,5024.71,9502.67,5674.67
Copy of IMG00141.JPG,conductor,1,0.0954,8339.11,3801.78,9462.02,4315.04
Copy of IMG00141.JPG,conductor,1,0.0944,8753.06,3946.28,9503.46,4454.81
Copy of IMG00141.JPG,conductor,1,0.0944,361.79,5524.22,1170.28,6073.12
Copy of IMG00141.JPG,conductor,1,0.0941,6455.05,4018.1,7535.63,4565.73
Copy of IMG00141.JPG,conductor,1,0.0915,1237.18,4700.69,1895.22,5133.24
Copy of IMG00141.JPG,conductor,1,0.0915,465.32,5500.9,1270.15,6031.62
Copy of IMG00141.JPG,conductor,1,0.0902,8932.98,3996.58,9504.0,4520.44
Copy of IMG00141.JPG,conductor,1,0.0896,1.34,5267.24,319.09,5738.05
Copy of IMG00141.JPG,conductor,1,0.0878,1049.58,4794.67,1734.31,5213.17
Copy of IMG00141.JPG,conductor,1,0.087,8160.0,4760.69,9241.51,5345.1
Copy of IMG00141.JPG,conductor,1,0.086,774.2,4345.19,1676.51,4783.34
Copy of IMG00141.JPG,conductor,1,0.0856,1188.79,5248.25,1984.96,5879.12
Copy of IMG00141.JPG,conductor,1,0.0845,1167.05,4769.64,1795.77,5178.53
Copy of IMG00141.JPG,conductor,1,0.0844,0.0,5845.29,445.58,6265.48
Copy of IMG00141.JPG,conductor,1,0.084,8960.17,4086.79,9500.04,4703.64
Copy of IMG00141.JPG,conductor,1,0.082,7.77,5683.98,651.48,6230.37
Copy of IMG00141.JPG,conductor,1,0.0816,7550.26,3451.36,8813.53,4043.54
Copy of IMG00141.JPG,conductor,1,0.081,7307.51,3400.85,8780.89,3993.01
Copy of IMG00141.JPG,conductor,1,0.0809,4.67,5159.11,539.13,5656.63
Copy of IMG00141.JPG,conductor,1,0.0796,93.24,4642.8,901.58,5112.61
Copy of IMG00141.JPG,conductor,1,0.0773,1464.72,3348.63,4835.46,4267.31
Copy of IMG00141.JPG,conductor,1,0.077,6511.7,3105.04,7243.46,3475.73
Copy of IMG00141.JPG,conductor,1,0.0768,786.55,4869.66,1487.97,5305.55
Copy of IMG00141.JPG,conductor,1,0.0717,840.02,4182.2,2202.03,4703.2
Copy of IMG00141.JPG,conductor,1,0.0707,3032.93,5328.61,3979.25,5994.72
Copy of IMG00141.JPG,conductor,1,0.0696,2549.53,4639.49,3605.3,5186.27
Copy of IMG00141.JPG,conductor,1,0.0691,1565.35,4529.49,2316.66,4988.29
Copy of IMG00141.JPG,conductor,1,0.0688,4086.87,5508.71,5040.95,6208.89
Copy of IMG00141.JPG,conductor,1,0.067,252.01,5568.56,1058.13,6102.24
Copy of IMG00141.JPG,conductor,1,0.0633,3425.43,4329.69,4384.2,4924.33
Copy of IMG00141.JPG,conductor,1,0.0632,0.51,5247.46,438.98,5720.91
Copy of IMG00141.JPG,conductor,1,0.0631,2301.96,4746.11,3247.97,5308.23
Copy of IMG00141.JPG,conductor,1,0.0616,2054.91,4977.81,2829.86,5563.21
Copy of IMG00141.JPG,conductor,1,0.0614,7558.52,3541.93,9160.01,4193.49
Copy of IMG00141.JPG,conductor,1,0.0588,6522.07,3115.5,7521.85,3534.36
Copy of IMG00141.JPG,conductor,1,0.0583,2193.24,3742.34,3738.4,4417.5
Copy of IMG00141.JPG,insulator,2,0.0578,5822.98,2862.14,5977.7,3120.42
Copy of IMG00141.JPG,conductor,1,0.0572,7260.44,3823.96,8047.25,4287.38
Copy of IMG00141.JPG,conductor,1,0.0565,0.42,5403.95,223.77,5913.0
Copy of IMG00141.JPG,conductor,1,0.0564,1.61,4960.4,307.05,5505.84
Copy of IMG00141.JPG,insulator,2,0.0548,5853.11,3313.79,6108.07,3570.67
Copy of IMG00141.JPG,conductor,1,0.0545,7386.84,4428.67,8537.14,4986.95
Copy of IMG00141.JPG,conductor,1,0.0539,1342.58,5162.9,2083.25,5827.69
Copy of IMG00141.JPG,conductor,1,0.0536,0.71,4885.11,243.35,5319.94
Copy of IMG00141.JPG,conductor,1,0.0532,685.42,4899.49,1404.34,5352.77
Copy of IMG00141.JPG,insulator,2,0.0528,5617.89,3271.39,5862.59,3468.02
Copy of IMG00141.JPG,conductor,1,0.0528,4269.92,3901.52,5103.14,4541.85
Copy of IMG00141.JPG,conductor,1,0.0527,1475.7,5129.47,2195.15,5595.37
Copy of IMG00141.JPG,conductor,1,0.0508,863.39,4828.71,1606.94,5255.83
Copy of IMG00141.JPG,conductor,1,0.0506,7420.84,3901.41,8310.17,4383.86
Copy of IMG00180.JPG,pylon,0,0.9242,4768.57,1918.67,5343.58,4097.44
Copy of IMG00180.JPG,insulator,2,0.635,5325.92,1555.71,5550.33,1774.67
Copy of IMG00180.JPG,conductor,1,0.5957,5589.22,3732.66,7067.39,4874.65
Copy of IMG00180.JPG,insulator,2,0.5717,4950.55,1687.86,5194.51,1871.57
Copy of IMG00180.JPG,insulator,2,0.3432,4492.63,1081.41,4692.1,1272.32
Copy of IMG00180.JPG,insulator,2,0.3033,4637.11,1012.19,4811.39,1170.72
Copy of IMG00180.JPG,conductor,1,0.2889,3242.35,943.3,4098.62,1353.0
Copy of IMG00180.JPG,insulator,2,0.2671,4567.65,1114.24,4777.17,1286.5
Copy of IMG00180.JPG,insulator,2,0.2668,4852.07,984.93,5123.28,1171.43
Copy of IMG00180.JPG,insulator,2,0.2456,4703.14,1010.81,4875.79,1154.15
Copy of IMG00180.JPG,insulator,2,0.2184,5011.81,1438.83,5252.98,1600.49
Copy of IMG00180.JPG,conductor,1,0.2161,5973.99,2851.16,7461.03,3801.66
Copy of IMG00180.JPG,conductor,1,0.2063,3237.07,1028.83,4143.31,1420.93
Copy of IMG00180.JPG,insulator,2,0.1735,4559.9,1500.12,4771.27,1692.73
Copy of IMG00180.JPG,conductor,1,0.1613,6094.49,3024.02,7555.91,3858.53
Copy of IMG00180.JPG,insulator,2,0.1409,4494.75,1044.22,4689.4,1224.84
Copy of IMG00180.JPG,conductor,1,0.1363,5782.26,2661.86,7206.46,3657.82
Copy of IMG00180.JPG,insulator,2,0.1246,4835.78,934.84,5082.99,1136.07
Copy of IMG00180.JPG,insulator,2,0.1148,4263.78,1602.98,4495.61,1798.58
Copy of IMG00180.JPG,insulator,2,0.1139,5305.83,1543.56,5572.29,1737.54
Copy of IMG00180.JPG,insulator,2,0.1127,4966.74,1414.96,5229.02,1595.44
Copy of IMG00180.JPG,conductor,1,0.1123,5636.41,2548.96,7005.16,3601.63
Copy of IMG00180.JPG,insulator,2,0.1104,4514.75,1049.8,4746.16,1232.98
Copy of IMG00180.JPG,conductor,1,0.1055,6971.76,4569.57,8281.74,5719.84
Copy of IMG00180.JPG,insulator,2,0.1051,4847.94,1035.6,5101.48,1224.89
Copy of IMG00180.JPG,conductor,1,0.099,3496.26,1117.43,4203.61,1464.56
Copy of IMG00180.JPG,conductor,1,0.0962,3629.59,1161.26,4229.71,1497.66
Copy of IMG00180.JPG,conductor,1,0.0941,6274.84,3126.06,7619.4,3963.16
Copy of IMG00180.JPG,insulator,2,0.0931,4521.52,1526.44,4748.27,1703.07
Copy of IMG00180.JPG,conductor,1,0.0923,5496.89,2490.45,6643.9,3406.42
Copy of IMG00180.JPG,conductor,1,0.0801,3101.15,887.55,4014.12,1323.88
Copy of IMG00180.JPG,conductor,1,0.078,5548.9,3623.96,6816.83,4786.34
Copy of IMG00180.JPG,insulator,2,0.0746,4881.67,1005.75,5125.27,1222.17
Copy of IMG00180.JPG,conductor,1,0.0724,8351.6,5666.2,9376.89,6318.31
Copy of IMG00180.JPG,insulator,2,0.0706,4586.01,1168.51,4791.65,1337.86
Copy of IMG00180.JPG,conductor,1,0.066,8987.7,5099.42,9504.0,5885.21
Copy of IMG00180.JPG,insulator,2,0.0548,4563.03,1752.9,4826.81,1945.06
Copy of IMG00180.JPG,conductor,1,0.0533,9047.76,5216.78,9503.8,5973.11
Copy of IMG00180.JPG,conductor,1,0.0526,8295.91,5547.83,9186.39,6299.81
Copy of IMG00508.JPG,insulator,2,0.8676,4060.02,3792.31,4536.31,4187.69
Copy of IMG00508.JPG,insulator,2,0.838,4916.66,4295.6,5397.94,4729.64
Copy of IMG00508.JPG,pylon,0,0.8243,3730.75,4790.36,4210.67,6284.58
Copy of IMG00508.JPG,insulator,2,0.723,2607.67,3862.65,3102.53,4327.61
Copy of IMG00508.JPG,insulator,2,0.6353,3007.96,3574.74,3484.15,3962.01
Copy of IMG00508.JPG,insulator,2,0.6185,3597.38,4330.42,4011.21,4702.67
Copy of IMG00508.JPG,conductor,1,0.554,2811.55,5447.04,3429.1,6205.24
Copy of IMG00508.JPG,conductor,1,0.5432,5938.61,2356.2,6737.68,3032.84
Copy of IMG00508.JPG,conductor,1,0.5384,4436.48,2505.81,5238.88,3100.78
Copy of IMG00508.JPG,insulator,2,0.5158,4650.19,4720.65,5052.02,5051.09
Copy of IMG00508.JPG,insulator,2,0.4633,4385.78,4326.21,4691.76,4637.96
Copy of IMG00508.JPG,conductor,1,0.4596,4810.23,3085.99,5713.4,3757.76
Copy of IMG00508.JPG,conductor,1,0.4416,5254.46,2072.04,5918.61,2596.75
Copy of IMG00508.JPG,conductor,1,0.4193,7150.8,804.11,8045.18,1335.7
Copy of IMG00508.JPG,conductor,1,0.3876,4259.82,5146.52,4776.25,6222.29
Copy of IMG00508.JPG,conductor,1,0.3867,5573.79,3618.33,6463.68,4292.73
Copy of IMG00508.JPG,conductor,1,0.3556,7763.68,1226.16,8433.24,1899.15
Copy of IMG00508.JPG,conductor,1,0.3455,9116.21,1163.44,9504.0,1909.57
Copy of IMG00508.JPG,conductor,1,0.3308,7227.5,1662.33,7825.76,2203.57
Copy of IMG00508.JPG,conductor,1,0.3011,7824.0,1171.83,8598.44,1863.06
Copy of IMG00508.JPG,conductor,1,0.2926,3573.86,3004.41,4488.04,3580.96
Copy of IMG00508.JPG,conductor,1,0.2908,9052.14,384.51,9504.0,1012.35
Copy of IMG00508.JPG,conductor,1,0.2885,1845.99,4526.41,2594.26,5625.72
Copy of IMG00508.JPG,conductor,1,0.2665,8926.82,1277.82,9503.55,2036.06
Copy of IMG00508.JPG,conductor,1,0.2546,5884.87,1697.09,6514.43,2209.42
Copy of IMG00508.JPG,conductor,1,0.2455,5844.74,1811.65,6427.16,2236.44
Copy of IMG00508.JPG,conductor,1,0.237,6609.83,1975.87,7360.81,2547.86
Copy of IMG00508.JPG,conductor,1,0.2275,1684.78,4926.99,2443.92,5850.51
Copy of IMG00508.JPG,conductor,1,0.2261,6562.74,1222.78,7311.07,1702.24
Copy of IMG00508.JPG,conductor,1,0.2234,1746.88,4785.95,2507.97,5712.75
Copy of IMG00508.JPG,conductor,1,0.2189,5642.79,3531.61,6581.77,4255.69
Copy of IMG00508.JPG,conductor,1,0.2042,9181.79,363.48,9502.97,920.38
Copy of IMG00508.JPG,conductor,1,0.2007,5980.75,1604.16,6808.48,2166.92
Copy of IMG00508.JPG,conductor,1,0.1897,2013.17,4395.65,2722.88,5446.04
Copy of IMG00508.JPG,conductor,1,0.1893,6172.21,3186.81,7038.12,3891.01
Copy of IMG00508.JPG,conductor,1,0.1823,8671.97,624.21,9350.92,1194.04
Copy of IMG00508.JPG,insulator,2,0.1742,4372.66,4344.52,4661.63,4702.97
Copy of IMG00508.JPG,conductor,1,0.1718,8770.96,1456.19,9441.28,2124.74
Copy of IMG00508.JPG,conductor,1,0.1668,3112.79,4789.16,3680.86,5582.91
Copy of IMG00508.JPG,conductor,1,0.1643,4316.25,5129.62,4798.47,5953.0
Copy of IMG00508.JPG,conductor,1,0.1624,5352.85,2077.56,5960.97,2520.55
Copy of IMG00508.JPG,conductor,1,0.1576,6391.93,3039.96,7325.64,3767.73
Copy of IMG00508.JPG,conductor,1,0.1551,2142.31,4389.57,2753.53,5297.89
Copy of IMG00508.JPG,conductor,1,0.1541,7925.14,2056.1,8711.21,2784.93
Copy of IMG00508.JPG,conductor,1,0.1539,8528.88,729.13,9232.39,1355.59
Copy of IMG00508.JPG,conductor,1,0.1478,8290.17,224.84,8919.18,684.08
Copy of IMG00508.JPG,conductor,1,0.1463,8624.67,0.0,9465.5,507.01
Copy of IMG00508.JPG,conductor,1,0.1438,8565.78,645.61,9306.74,1270.69
Copy of IMG00508.JPG,conductor,1,0.1397,8723.32,1541.67,9346.26,2166.13
Copy of IMG00508.JPG,conductor,1,0.139,6522.84,2093.89,7120.12,2614.52
Copy of IMG00508.JPG,conductor,1,0.1378,7797.81,403.48,8517.83,941.51
Copy of IMG00508.JPG,conductor,1,0.1374,1613.64,5314.37,2194.56,6023.81
Copy of IMG00508.JPG,conductor,1,0.1373,8641.32,1605.01,9311.05,2267.03
Copy of IMG00508.JPG,conductor,1,0.1335,8100.09,1015.57,8794.59,1596.79
Copy of IMG00508.JPG,conductor,1,0.1305,7172.54,2562.93,7932.5,3209.27
Copy of IMG00508.JPG,conductor,1,0.13,6076.02,2307.75,6730.65,2849.97
Copy of IMG00508.JPG,conductor,1,0.1184,7608.65,2264.99,8317.74,2956.2
Copy of IMG00508.JPG,conductor,1,0.1172,8866.64,490.96,9503.95,1110.18
Copy of IMG00508.JPG,conductor,1,0.1166,6053.03,1562.53,6823.45,2059.0
Copy of IMG00508.JPG,conductor,1,0.1154,5182.77,2118.32,5804.15,2628.4
Copy of IMG00508.JPG,conductor,1,0.1153,1633.96,5080.11,2321.05,5940.23
Copy of IMG00508.JPG,conductor,1,0.1147,7087.86,1707.71,7732.32,2254.02
Copy of IMG00508.JPG,conductor,1,0.1135,4775.25,3167.49,5554.89,3755.47
Copy of IMG00508.JPG,conductor,1,0.1118,9264.56,323.72,9501.97,880.61
Copy of IMG00508.JPG,conductor,1,0.1093,4402.55,5088.18,4858.51,5699.64
Copy of IMG00508.JPG,conductor,1,0.108,5028.13,2950.61,5835.96,3647.1
Copy of IMG00508.JPG,conductor,1,0.1031,8755.22,589.96,9455.51,1141.04
Copy of IMG00508.JPG,conductor,1,0.1018,8386.35,1701.9,9011.57,2363.4
Copy of IMG00508.JPG,conductor,1,0.1,7498.27,2336.38,8247.08,3025.33
Copy of IMG00508.JPG,conductor,1,0.0998,5075.67,2171.93,5699.5,2695.25
Copy of IMG00508.JPG,conductor,1,0.0965,1587.3,5226.42,2275.51,6141.27
Copy of IMG00508.JPG,conductor,1,0.0958,8372.31,0.0,9286.69,567.92
Copy of IMG00508.JPG,conductor,1,0.0943,7069.86,2641.37,7833.67,3313.48
Copy of IMG00508.JPG,conductor,1,0.0939,8760.65,0.0,9440.34,469.37
Copy of IMG00508.JPG,conductor,1,0.0935,8174.23,1889.36,8902.22,2575.77
Copy of IMG00508.JPG,conductor,1,0.0928,8504.72,1670.02,9229.93,2339.99
Copy of IMG00508.JPG,conductor,1,0.0925,6584.13,2933.35,7401.13,3621.31
Copy of IMG00508.JPG,conductor,1,0.091,5788.82,1872.56,6358.56,2311.41
Copy of IMG00508.JPG,conductor,1,0.0908,6738.37,1879.46,7424.09,2424.82
Copy of IMG00508.JPG,conductor,1,0.0904,8346.15,857.75,9034.47,1458.11
Copy of IMG00508.JPG,conductor,1,0.0899,7274.73,1585.96,7948.33,2102.94
Copy of IMG00508.JPG,conductor,1,0.0893,6902.35,2737.1,7675.07,3438.21
Copy of IMG00508.JPG,conductor,1,0.0891,8232.46,1787.57,8917.11,2439.31
Copy of IMG00508.JPG,conductor,1,0.0872,2911.54,5369.01,3465.59,6027.01
Copy of IMG00508.JPG,conductor,1,0.0864,4785.42,2372.39,5465.8,2825.85
Copy of IMG00508.JPG,conductor,1,0.0862,7547.2,1283.46,8252.78,1950.39
Copy of IMG00508.JPG,conductor,1,0.0859,4094.83,5587.14,4551.52,6270.33
Copy of IMG00508.JPG,conductor,1,0.0849,1550.92,5486.27,2131.38,6140.52
Copy of IMG00508.JPG,insulator,2,0.083,2938.4,5015.8,3230.66,5342.16
Copy of IMG00508.JPG,conductor,1,0.0828,8001.57,1089.63,8719.06,1717.07
Copy of IMG00508.JPG,conductor,1,0.0818,2224.14,4377.76,2745.08,5097.75
Copy of IMG00508.JPG,conductor,1,0.0811,6010.81,3258.56,6922.13,3974.52
Copy of IMG00508.JPG,conductor,1,0.0809,5776.37,2496.36,6549.8,3124.37
Copy of IMG00508.JPG,conductor,1,0.0808,6739.52,2861.86,7520.86,3526.26
Copy of IMG00508.JPG,conductor,1,0.0806,4932.98,2301.61,5554.49,2740.05
Copy of IMG00508.JPG,conductor,1,0.0774,1876.21,4731.16,2545.46,5583.7
Copy of IMG00508.JPG,conductor,1,0.0767,1511.19,5684.33,1877.8,6263.99
Copy of IMG00508.JPG,conductor,1,0.0761,7260.41,2440.09,8107.63,3119.08
Copy of IMG00508.JPG,conductor,1,0.0759,7349.65,1509.42,8019.11,2061.67
Copy of IMG00508.JPG,conductor,1,0.0759,7738.98,2135.08,8544.27,2885.45
Copy of IMG00508.JPG,conductor,1,0.0752,4668.59,3231.4,5518.89,3813.21
Copy of IMG00508.JPG,conductor,1,0.0751,5434.94,2047.97,6018.6,2474.47
Copy of IMG00508.JPG,conductor,1,0.0749,5321.09,2822.6,6006.2,3504.45
Copy of IMG00508.JPG,conductor,1,0.0746,8443.15,816.9,9152.68,1433.69
Copy of IMG00508.JPG,conductor,1,0.0745,7997.24,1973.7,8759.72,2687.51
Copy of IMG00508.JPG,conductor,1,0.0739,6834.61,1807.84,7564.51,2433.71
Copy of IMG00508.JPG,conductor,1,0.0733,9218.67,1075.73,9503.34,1844.06
Copy of IMG00508.JPG,conductor,1,0.0727,4554.24,2454.07,5329.29,2982.34
Copy of IMG00508.JPG,conductor,1,0.0706,7079.08,868.5,7912.84,1411.81
Copy of IMG00508.JPG,conductor,1,0.0705,7247.41,778.6,8063.04,1230.16
Copy of IMG00508.JPG,conductor,1,0.0689,4086.56,5242.89,4743.27,6235.82
Copy of IMG00508.JPG,conductor,1,0.0673,1525.09,5621.85,1944.9,6184.0
Copy of IMG00508.JPG,conductor,1,0.0665,5121.73,2908.06,5872.7,3554.28
Copy of IMG00508.JPG,conductor,1,0.0663,5853.02,3410.07,6714.16,4167.15
Copy of IMG00508.JPG,conductor,1,0.0654,3231.9,4755.49,3704.26,5504.27
Copy of IMG00508.JPG,conductor,1,0.0647,4627.03,2412.4,5379.34,2885.83
Copy of IMG00508.JPG,conductor,1,0.0647,6127.0,1537.64,6853.13,1960.36
Copy of IMG00508.JPG,conductor,1,0.0634,7835.86,314.23,8667.65,876.15
Copy of IMG00508.JPG,conductor,1,0.0626,9181.02,2136.45,9504.0,2897.38
Copy of IMG00508.JPG,conductor,1,0.0624,2962.72,4851.47,3640.03,5875.85
Copy of IMG00508.JPG,conductor,1,0.06,6955.24,1752.16,7684.29,2314.77
Copy of IMG00508.JPG,conductor,1,0.0591,7641.04,566.17,8339.45,1058.59
Copy of IMG00508.JPG,conductor,1,0.0583,8211.64,919.96,8891.03,1500.79
Copy of IMG00508.JPG,conductor,1,0.0573,9333.0,2057.36,9504.0,2969.23
Copy of IMG00508.JPG,conductor,1,0.0563,7760.27,518.58,8403.4,991.89
Copy of IMG00508.JPG,conductor,1,0.056,6449.62,2148.06,7083.28,2669.03
Copy of IMG00508.JPG,conductor,1,0.0554,6554.56,1325.45,7266.06,1738.62
Copy of IMG00508.JPG,conductor,1,0.0552,8165.0,236.73,8900.41,747.09
Copy of IMG00508.JPG,conductor,1,0.0515,3346.76,4709.96,3746.99,5321.3
Copy of IMG00508.JPG,conductor,1,0.0511,9215.0,1257.87,9503.11,1935.67
Copy of IMG00508.JPG,conductor,1,0.0507,7478.63,1367.53,8120.48,2010.06
Copy of IMG03409.JPG,pylon,0,0.8604,5145.02,4184.5,5655.35,6272.75
Copy of IMG03409.JPG,insulator,2,0.7815,5302.59,3779.96,5563.76,4118.23
Copy of IMG03409.JPG,conductor,1,0.7688,5649.5,5042.41,6492.0,6269.44
Copy of IMG03409.JPG,insulator,2,0.6841,3971.19,4279.12,4344.3,4692.73
Copy of IMG03409.JPG,insulator,2,0.567,6469.0,3514.52,6841.55,3979.22
Copy of IMG03409.JPG,conductor,1,0.4313,4140.88,5431.53,4937.86,6284.84
Copy of IMG03409.JPG,conductor,1,0.2733,6849.43,4993.91,7772.66,5701.8
Copy of IMG03409.JPG,conductor,1,0.266,6905.98,5196.19,7849.65,6168.93
Copy of IMG03409.JPG,conductor,1,0.2156,6718.03,4795.13,7719.64,5567.33
Copy of IMG03409.JPG,conductor,1,0.1562,5695.98,5329.94,6442.3,6251.8
Copy of IMG03409.JPG,conductor,1,0.1195,6946.22,5420.58,7872.84,6268.02
Copy of IMG03409.JPG,conductor,1,0.1102,6642.8,4499.15,7627.12,5435.52
Copy of IMG03409.JPG,conductor,1,0.0721,6619.42,4449.42,7558.4,5230.34
Copy of IMG03409.JPG,conductor,1,0.0654,7144.65,5592.35,7761.98,6268.85
Copy of IMG03409.JPG,conductor,1,0.0548,6835.25,4935.53,7705.94,5551.0
Copy of IMG00472.JPG,insulator,2,0.9302,5233.91,3218.33,5480.23,3469.67
Copy of IMG00472.JPG,pylon,0,0.7659,5135.0,3566.59,5423.0,6256.65
Copy of IMG00472.JPG,insulator,2,0.7518,4547.8,3221.11,4895.57,3553.34
Copy of IMG00472.JPG,insulator,2,0.5915,5818.93,3432.73,6091.14,3750.97
Copy of IMG00472.JPG,conductor,1,0.5566,4028.91,5210.67,4746.91,6137.61
Copy of IMG00472.JPG,conductor,1,0.476,3696.6,3599.17,4529.29,4345.4
Copy of IMG00472.JPG,conductor,1,0.4302,3282.06,5122.73,3875.92,5821.02
Copy of IMG00472.JPG,conductor,1,0.3862,4590.21,3782.93,5010.05,4292.0
Copy of IMG00472.JPG,conductor,1,0.3574,4595.71,4660.56,5158.57,5473.54
Copy of IMG00472.JPG,conductor,1,0.3451,3200.7,5191.7,3843.65,5888.17
Copy of IMG00472.JPG,conductor,1,0.3448,6420.12,2806.91,7244.86,3421.2
Copy of IMG00472.JPG,conductor,1,0.3369,4475.27,4752.44,5091.93,5604.14
Copy of IMG00472.JPG,conductor,1,0.3334,1997.38,5686.71,2773.43,6292.06
Copy of IMG00472.JPG,conductor,1,0.3228,3539.14,3729.64,4381.65,4561.72
Copy of IMG00472.JPG,conductor,1,0.3067,4511.04,3808.24,5000.25,4356.61
Copy of IMG00472.JPG,conductor,1,0.3015,4085.2,5067.03,4820.71,6090.87
Copy of IMG00472.JPG,conductor,1,0.2945,5515.22,3754.53,5931.48,4325.03
Copy of IMG00472.JPG,conductor,1,0.2923,2840.69,5738.25,3563.49,6271.36
Copy of IMG00472.JPG,conductor,1,0.2641,4204.72,5002.77,4880.32,5929.12
Copy of IMG00472.JPG,conductor,1,0.2587,3951.4,5342.91,4611.13,6197.83
Copy of IMG00472.JPG,conductor,1,0.251,3374.1,5081.11,3927.36,5670.93
Copy of IMG00472.JPG,conductor,1,0.2352,4445.25,3860.51,4970.55,4475.67
Copy of IMG00472.JPG,conductor,1,0.22,4350.53,4836.33,5037.84,5711.16
Copy of IMG00472.JPG,conductor,1,0.2108,3726.23,4598.33,4402.32,5195.06
Copy of IMG00472.JPG,conductor,1,0.2068,4273.31,4010.9,4820.55,4606.61
Copy of IMG00472.JPG,conductor,1,0.2023,3185.61,5292.4,3743.47,5912.13
Copy of IMG00472.JPG,conductor,1,0.1938,4203.8,4091.52,4765.73,4703.51
Copy of IMG00472.JPG,conductor,1,0.1811,3909.43,5501.64,4504.49,6225.49
Copy of IMG00472.JPG,conductor,1,0.181,3958.0,3544.99,4585.47,4138.22
Copy of IMG00472.JPG,conductor,1,0.1758,3151.62,5333.81,3689.15,6006.82
Copy of IMG00472.JPG,conductor,1,0.1744,3428.46,3997.38,4258.32,4631.54
Copy of IMG00472.JPG,conductor,1,0.1686,3367.47,4100.81,4232.26,4711.58
Copy of IMG00472.JPG,conductor,1,0.1647,3429.26,5042.13,3989.73,5607.99
Copy of IMG00472.JPG,conductor,1,0.162,3754.78,3573.05,4553.94,4114.92
Copy of IMG00472.JPG,conductor,1,0.1611,4377.56,3957.12,4887.36,4599.72
Copy of IMG00472.JPG,conductor,1,0.1429,6024.47,2502.22,6774.88,2976.98
Copy of IMG00472.JPG,conductor,1,0.1385,6323.93,2952.49,7121.54,3497.55
Copy of IMG00472.JPG,conductor,1,0.136,2641.93,5112.47,3271.39,5646.34
Copy of IMG00472.JPG,conductor,1,0.1348,4685.64,3725.69,5047.71,4251.4
Copy of IMG00472.JPG,conductor,1,0.134,3468.58,4981.13,4104.17,5562.04
Copy of IMG00472.JPG,conductor,1,0.1162,6458.73,2736.04,7281.03,3324.12
Copy of IMG00472.JPG,conductor,1,0.1149,2693.92,5067.96,3357.72,5604.44
Copy of IMG00472.JPG,conductor,1,0.1071,2739.61,5032.34,3413.01,5520.1
Copy of IMG00472.JPG,conductor,1,0.1044,3041.83,5385.72,3664.27,6202.79
Copy of IMG00472.JPG,conductor,1,0.1024,3612.33,4801.86,4339.25,5386.52
Copy of IMG00472.JPG,conductor,1,0.1004,3666.85,4699.67,4397.32,5296.73
Copy of IMG00472.JPG,conductor,1,0.0917,4087.07,4239.46,4673.5,4795.88
Copy of IMG00472.JPG,conductor,1,0.0916,2962.58,5622.33,3606.77,6249.83
Copy of IMG00472.JPG,conductor,1,0.0872,2418.58,5298.66,3096.53,5973.79
Copy of IMG00472.JPG,conductor,1,0.0853,3853.62,4523.22,4488.87,5152.31
Copy of IMG00472.JPG,conductor,1,0.085,3502.84,3897.81,4354.02,4680.85
Copy of IMG00472.JPG,conductor,1,0.0843,3993.84,4328.52,4623.35,4889.84
Copy of IMG00472.JPG,conductor,1,0.0792,6569.67,2618.9,7390.39,3248.73
Copy of IMG00472.JPG,conductor,1,0.0775,3865.77,5613.59,4388.79,6275.75
Copy of IMG00472.JPG,conductor,1,0.077,5974.79,2583.76,6642.55,3036.5
Copy of IMG00472.JPG,conductor,1,0.0722,4683.42,4619.83,5184.59,5356.34
Copy of IMG00472.JPG,conductor,1,0.0695,2575.83,5141.62,3199.32,5802.86
Copy of IMG00472.JPG,conductor,1,0.0683,4803.82,3665.31,5110.78,4160.82
Copy of IMG00472.JPG,conductor,1,0.0665,3544.73,4930.1,4208.83,5452.91
Copy of IMG00472.JPG,conductor,1,0.0663,2510.73,5216.22,3134.77,5869.35
Copy of IMG00472.JPG,conductor,1,0.0655,3722.25,3685.75,4450.15,4443.58
Copy of IMG00472.JPG,conductor,1,0.0653,2741.57,4940.48,3434.58,5413.62
Copy of IMG00472.JPG,conductor,1,0.0621,6284.03,3009.85,6962.76,3519.95
Copy of IMG00472.JPG,conductor,1,0.0568,6102.85,2412.35,6863.84,2919.65
Copy of IMG00472.JPG,conductor,1,0.0526,4055.56,3531.67,4594.41,4031.41
Copy of IMG03399.JPG,insulator,2,0.9313,7084.04,2331.02,7529.83,2764.97
Copy of IMG03399.JPG,insulator,2,0.9056,5755.81,1902.23,6189.22,2295.72
Copy of IMG03399.JPG,pylon,0,0.8868,4748.37,3048.17,5558.49,6277.89
Copy of IMG03399.JPG,conductor,1,0.8501,3373.73,5058.84,4525.89,6308.2
Copy of IMG03399.JPG,insulator,2,0.8389,4086.05,2059.13,4495.62,2534.39
Copy of IMG03399.JPG,insulator,2,0.7364,5428.47,2536.68,5740.43,2963.18
Copy of IMG03399.JPG,insulator,2,0.7095,6755.08,2988.59,7195.31,3399.71
Copy of IMG03399.JPG,pylon,0,0.6336,5855.08,3220.8,6706.05,6275.24
Copy of IMG03399.JPG,conductor,1,0.6005,1561.16,5215.29,2880.6,6299.25
Copy of IMG03399.JPG,insulator,2,0.4633,4498.38,1574.44,4922.74,1905.16
Copy of IMG03399.JPG,conductor,1,0.455,2921.15,2791.1,4200.81,3884.58
Copy of IMG03399.JPG,conductor,1,0.2438,1540.87,4739.67,3242.28,6261.08
Copy of IMG03399.JPG,conductor,1,0.2389,6184.76,139.98,7238.4,1680.91
Copy of IMG03399.JPG,conductor,1,0.1779,2312.22,3795.9,3834.13,4465.49
Copy of IMG03399.JPG,conductor,1,0.1428,1566.18,5411.73,2685.59,6296.71
Copy of IMG03399.JPG,insulator,2,0.1387,3.42,2468.02,259.42,2850.84
Copy of IMG03399.JPG,conductor,1,0.1324,4808.12,156.56,5918.97,1469.22
Copy of IMG03399.JPG,conductor,1,0.0976,2519.49,2847.78,4182.62,4203.61
Copy of IMG03399.JPG,conductor,1,0.0913,3735.9,4229.55,4823.81,5138.73
Copy of IMG03399.JPG,conductor,1,0.0811,8136.99,47.45,8649.93,724.53
Copy of IMG03399.JPG,conductor,1,0.076,7620.76,128.84,8554.99,1422.26
Copy of IMG03399.JPG,conductor,1,0.0663,3122.03,2759.88,4197.71,3677.48
Copy of IMG03399.JPG,conductor,1,0.0583,5365.64,5365.22,5974.56,6265.96
Copy of IMG03399.JPG,conductor,1,0.0562,2134.62,3852.25,3764.94,4563.32
Copy of IMG03399.JPG,conductor,1,0.0561,4783.16,464.41,5781.18,1494.75
Copy of IMG00497.JPG,pylon,0,0.55,4781.79,3134.71,5536.79,6183.37
Copy of IMG00497.JPG,insulator,2,0.4968,4428.89,3007.52,4666.36,3256.61
Copy of IMG00497.JPG,insulator,2,0.4595,4950.1,2923.85,5140.87,3137.52
Copy of IMG00497.JPG,insulator,2,0.4515,5438.12,3028.56,5640.9,3307.47
Copy of IMG00497.JPG,conductor,1,0.4113,3736.41,3377.55,4579.85,5268.68
Copy of IMG00497.JPG,conductor,1,0.2535,5884.67,3767.95,9504.0,4946.45
Copy of IMG00497.JPG,conductor,1,0.2188,5985.96,3185.02,9504.0,3817.62
Copy of IMG00497.JPG,conductor,1,0.1619,4882.1,3125.97,5533.8,6128.73
Copy of IMG00497.JPG,conductor,1,0.1425,4239.17,3240.17,4619.1,3962.45
Copy of IMG00497.JPG,conductor,1,0.0947,5224.87,3460.13,5537.87,4713.69
Copy of IMG00497.JPG,conductor,1,0.0823,4171.84,3278.51,4614.63,4296.75
Copy of IMG00497.JPG,conductor,1,0.0796,0.52,5466.76,618.24,6283.54
Copy of IMG00497.JPG,conductor,1,0.0758,5881.84,3432.72,9504.0,4546.91
Copy of IMG00497.JPG,conductor,1,0.0595,6088.36,3125.78,9504.0,3994.71
Copy of IMG00497.JPG,conductor,1,0.0574,5953.45,3516.81,9504.0,4241.97
Copy of IMG00497.JPG,conductor,1,0.057,3660.39,3836.32,4530.13,5279.61
Copy of IMG00497.JPG,conductor,1,0.052,4297.59,3148.45,4629.76,3802.19
Copy of IMG00430.JPG,insulator,2,0.7669,4148.65,3697.5,4484.59,4008.52
Copy of IMG00430.JPG,insulator,2,0.6647,5006.95,3903.12,5361.75,4185.58
Copy of IMG00430.JPG,insulator,2,0.6311,4637.02,3459.28,4973.26,3733.5
Copy of IMG00430.JPG,insulator,2,0.6302,4510.42,3949.33,4875.1,4370.15
Copy of IMG00430.JPG,conductor,1,0.5629,3675.82,4292.65,4460.15,6303.05
Copy of IMG00430.JPG,pylon,0,0.4216,4758.73,4299.22,5297.2,6310.28
Copy of IMG00430.JPG,conductor,1,0.361,4849.24,4306.25,5262.56,6323.19
Copy of IMG00430.JPG,conductor,1,0.3235,0.0,2929.73,3494.34,3894.45
Copy of IMG00430.JPG,conductor,1,0.2065,6067.49,3951.82,9492.99,5335.17
Copy of IMG00430.JPG,pylon,0,0.1168,3701.82,4289.3,4468.65,6299.43
Copy of IMG00430.JPG,conductor,1,0.1103,5924.19,5345.5,7512.0,6261.6
Copy of IMG00430.JPG,conductor,1,0.0515,5463.41,4720.49,6731.63,5758.05
Copy of IMG00519.JPG,insulator,2,0.9273,4270.11,2225.64,4506.42,2497.94
Copy of IMG00519.JPG,insulator,2,0.7468,3580.13,2326.98,3847.31,2604.95
Copy of IMG00519.JPG,insulator,2,0.6036,4909.26,2375.76,5194.8,2662.06
Copy of IMG00519.JPG,conductor,1,0.4779,4735.7,413.66,5053.87,1975.81
Copy of IMG00519.JPG,conductor,1,0.3659,5141.19,2926.6,6008.03,3254.58
Copy of IMG00519.JPG,conductor,1,0.1817,2289.55,2307.03,3402.92,2682.21
Copy of IMG00519.JPG,conductor,1,0.1713,644.85,3819.49,2309.42,4385.95
Copy of IMG00519.JPG,conductor,1,0.1653,5163.16,2848.67,5961.08,3171.55
Copy of IMG00519.JPG,conductor,1,0.156,0.0,4049.96,576.57,4420.97
Copy of IMG00519.JPG,conductor,1,0.1541,3892.37,2618.51,4471.27,6319.48
Copy of IMG00519.JPG,conductor,1,0.1509,15.06,3711.13,796.45,3955.34
Copy of IMG00519.JPG,conductor,1,0.1312,5130.96,2938.43,6125.14,3353.05
Copy of IMG00519.JPG,conductor,1,0.1294,4592.96,2768.75,4998.29,3044.35
Copy of IMG00519.JPG,pylon,0,0.1232,3846.49,2546.05,4352.38,6280.12
Copy of IMG00519.JPG,conductor,1,0.1125,2.55,3734.86,854.0,4216.63
Copy of IMG00519.JPG,conductor,1,0.1115,1.75,3975.22,646.53,4447.95
Copy of IMG00519.JPG,conductor,1,0.1114,2505.51,2286.18,3383.29,2575.75
Copy of IMG00519.JPG,conductor,1,0.109,5166.38,2803.81,5877.04,3086.21
Copy of IMG00519.JPG,conductor,1,0.0849,157.81,3738.03,1201.22,3949.15
Copy of IMG00519.JPG,conductor,1,0.0798,636.83,3810.12,1757.09,4092.87
Copy of IMG00519.JPG,conductor,1,0.0793,2450.61,2328.32,3393.71,2635.82
Copy of IMG00519.JPG,conductor,1,0.0759,2106.34,2268.32,3394.0,2639.46
Copy of IMG00519.JPG,conductor,1,0.0744,5880.24,3157.12,6741.61,3383.07
Copy of IMG00519.JPG,conductor,1,0.0737,5157.89,2779.58,5732.46,3033.92
Copy of IMG00519.JPG,conductor,1,0.0734,4810.51,630.41,4986.66,1972.65
Copy of IMG00519.JPG,conductor,1,0.0721,3741.2,2603.09,4045.74,2838.08
Copy of IMG00519.JPG,insulator,2,0.0705,3617.59,2247.46,3825.84,2579.8
Copy of IMG00519.JPG,conductor,1,0.0697,5916.17,3195.19,6692.14,3412.69
Copy of IMG00519.JPG,conductor,1,0.0664,0.0,3791.14,644.53,4535.98
Copy of IMG00519.JPG,conductor,1,0.0652,1.06,4043.24,427.22,4401.28
Copy of IMG00519.JPG,conductor,1,0.0583,73.33,3781.03,831.17,4030.82
Copy of IMG00519.JPG,conductor,1,0.0558,3710.47,2655.85,4034.85,2983.52
Copy of IMG00519.JPG,conductor,1,0.0558,73.13,4120.09,826.08,4482.83
Copy of IMG00519.JPG,conductor,1,0.0543,4557.61,400.06,5057.52,1973.97
Copy of IMG00519.JPG,pylon_fissure,3,0.054,4023.32,4909.09,4145.99,6289.73
Copy of IMG00519.JPG,pylon,0,0.0534,4089.88,2609.41,4575.19,6291.38
Copy of IMG00519.JPG,conductor,1,0.0514,0.0,4000.1,297.73,4333.51
Copy of IMG00519.JPG,conductor,1,0.051,4.88,3649.9,721.62,3851.25
Copy of IMG00519.JPG,conductor,1,0.0504,5101.6,2865.6,5851.9,3102.07
Copy of IMG00483.JPG,insulator,2,0.8239,4474.02,2140.56,4669.94,2384.28
Copy of IMG00483.JPG,insulator,2,0.7321,5098.51,2309.06,5304.04,2553.32
Copy of IMG00483.JPG,insulator,2,0.6921,3816.32,2251.76,4057.97,2507.73
Copy of IMG00483.JPG,conductor,1,0.4978,3189.05,2749.77,3932.85,4651.71
Copy of IMG00483.JPG,pylon,0,0.3559,4275.65,2417.67,4857.71,6280.24
Copy of IMG00483.JPG,pylon,0,0.3288,4328.76,2414.09,5046.09,6292.1
Copy of IMG00483.JPG,conductor,1,0.3147,5838.48,2642.9,9468.49,4166.97
Copy of IMG00483.JPG,conductor,1,0.2931,3307.53,2626.05,3937.34,4333.77
Copy of IMG00483.JPG,conductor,1,0.1952,3923.31,3935.79,4345.44,4936.01
Copy of IMG00483.JPG,conductor,1,0.1571,3461.4,2620.47,3939.38,3945.31
Copy of IMG00483.JPG,conductor,1,0.1509,3574.21,2576.58,3951.9,3280.54
Copy of IMG00483.JPG,conductor,1,0.1097,4955.98,2467.87,5287.33,3961.1
Copy of IMG00483.JPG,conductor,1,0.0938,3611.38,2536.25,3980.65,3166.17
Copy of IMG00483.JPG,conductor,1,0.0934,4739.03,2422.91,5236.8,5402.41
Copy of IMG00483.JPG,conductor,1,0.0907,5009.33,2522.25,5271.19,3349.3
Copy of IMG00483.JPG,pylon,0,0.0903,4328.25,2427.1,4697.07,6023.47
Copy of IMG00483.JPG,conductor,1,0.0817,3538.68,2594.6,3949.64,3662.38
Copy of IMG00483.JPG,conductor,1,0.0726,3943.75,3670.9,4386.66,4994.11
Copy of IMG00483.JPG,conductor,1,0.0704,4833.26,2494.37,5274.67,5138.51
Copy of IMG00483.JPG,conductor,1,0.0656,4625.18,2492.08,5206.44,5660.69
Copy of IMG00483.JPG,conductor,1,0.0655,4750.53,1250.4,5133.11,1725.9
Copy of IMG00483.JPG,conductor,1,0.0593,3629.89,2560.56,3961.29,3436.03
Copy of IMG00483.JPG,conductor,1,0.0564,4717.85,1197.18,5082.02,1670.84
Copy of IMG00483.JPG,conductor,1,0.052,6375.84,2990.83,9026.64,4031.02
Copy of IMG00172.JPG,conductor,1,0.3944,2917.11,2871.0,3850.48,3542.83
Copy of IMG00172.JPG,conductor,1,0.3807,2430.63,4868.4,3737.0,5654.52
Copy of IMG00172.JPG,conductor,1,0.3779,163.43,5518.15,942.6,6078.28
Copy of IMG00172.JPG,insulator,2,0.3671,4288.14,2354.17,4554.1,2613.19
Copy of IMG00172.JPG,conductor,1,0.3025,20.43,2613.42,2445.32,3637.22
Copy of IMG00172.JPG,conductor,1,0.2907,0.67,4923.98,660.72,5567.05
Copy of IMG00172.JPG,conductor,1,0.2631,917.38,5039.34,1700.21,5580.82
Copy of IMG00172.JPG,conductor,1,0.263,1.54,5082.86,529.29,5692.42
Copy of IMG00172.JPG,conductor,1,0.2504,1283.84,5557.25,2195.91,6253.27
Copy of IMG00172.JPG,insulator,2,0.2443,4565.42,2396.01,4813.92,2659.97
Copy of IMG00172.JPG,conductor,1,0.2443,0.9,5774.79,413.99,6283.56
Copy of IMG00172.JPG,conductor,1,0.1992,34.36,5620.55,854.09,6209.61
Copy of IMG00172.JPG,conductor,1,0.192,763.84,5196.67,1406.6,5710.75
Copy of IMG00172.JPG,conductor,1,0.1893,0.0,5718.53,519.13,6266.11
Copy of IMG00172.JPG,conductor,1,0.1788,1574.48,3601.15,2871.03,4446.44
Copy of IMG00172.JPG,conductor,1,0.1754,2285.78,5663.15,3153.67,6280.57
Copy of IMG00172.JPG,conductor,1,0.1687,828.55,5147.23,1577.92,5695.57
Copy of IMG00172.JPG,conductor,1,0.1603,4941.4,4126.92,6572.62,4994.72
Copy of IMG00172.JPG,conductor,1,0.1578,1048.14,5017.83,1752.46,5511.15
Copy of IMG00172.JPG,conductor,1,0.1522,708.76,4360.16,1703.84,5004.72
Copy of IMG00172.JPG,insulator,2,0.1516,4925.55,2446.44,5211.65,2685.16
Copy of IMG00172.JPG,conductor,1,0.1499,1805.4,4476.7,2577.53,5068.17
Copy of IMG00172.JPG,insulator,2,0.1488,1188.36,1334.66,1582.2,1747.45
Copy of IMG00172.JPG,conductor,1,0.1466,8323.75,4510.09,9295.23,5063.75
Copy of IMG00172.JPG,conductor,1,0.1449,1479.26,4742.35,2201.41,5246.98
Copy of IMG00172.JPG,conductor,1,0.1382,441.19,4509.29,1519.14,5114.18
Copy of IMG00172.JPG,conductor,1,0.1312,8976.03,4701.03,9504.0,5383.6
Copy of IMG00172.JPG,conductor,1,0.1287,642.81,4462.04,1656.38,5070.7
Copy of IMG00172.JPG,conductor,1,0.1238,1091.84,4095.21,2100.02,4827.35
Copy of IMG00172.JPG,conductor,1,0.1168,14.2,5684.63,671.4,6227.27
Copy of IMG00172.JPG,conductor,1,0.1029,1260.79,3764.22,2446.94,4698.03
Copy of IMG00172.JPG,conductor,1,0.1028,2438.26,4900.28,3904.63,5822.9
Copy of IMG00172.JPG,conductor,1,0.1003,1.37,5220.89,304.98,5726.64
Copy of IMG00172.JPG,conductor,1,0.0931,319.42,5442.27,976.06,5956.77
Copy of IMG00172.JPG,conductor,1,0.0916,1184.87,3980.39,2188.12,4734.01
Copy of IMG00172.JPG,conductor,1,0.0899,1354.07,3655.06,2596.57,4568.1
Copy of IMG00172.JPG,conductor,1,0.0891,1318.63,4780.16,2093.38,5329.59
Copy of IMG00172.JPG,conductor,1,0.0875,1123.59,4920.28,1836.28,5456.33
Copy of IMG00172.JPG,conductor,1,0.0853,2788.25,5324.93,3969.62,5956.85
Copy of IMG00172.JPG,conductor,1,0.0844,96.76,4719.92,1092.53,5283.52
Copy of IMG00172.JPG,conductor,1,0.0833,6035.3,4580.66,7837.04,5482.98
Copy of IMG00172.JPG,conductor,1,0.0822,1620.73,4531.88,2498.35,5140.92
Copy of IMG00172.JPG,conductor,1,0.0734,8924.92,5514.33,9504.0,6233.4
Copy of IMG00172.JPG,conductor,1,0.0708,1890.54,4379.66,2723.99,4994.31
Copy of IMG00172.JPG,conductor,1,0.0706,3026.01,2849.75,3912.13,3420.03
Copy of IMG00172.JPG,conductor,1,0.0689,5079.47,4181.42,6987.01,5135.21
Copy of IMG00172.JPG,conductor,1,0.0682,6802.5,4021.85,8141.29,4685.51
Copy of IMG00172.JPG,conductor,1,0.0672,1546.98,4631.94,2388.24,5180.21
Copy of IMG00172.JPG,conductor,1,0.0648,0.48,5302.98,237.54,5765.4
Copy of IMG00172.JPG,insulator,2,0.0628,4524.43,2373.92,4779.17,2650.12
Copy of IMG00172.JPG,conductor,1,0.0626,843.69,4212.1,1921.78,4885.1
Copy of IMG00172.JPG,conductor,1,0.0615,248.14,4614.68,1231.58,5220.99
Copy of IMG00172.JPG,conductor,1,0.0591,8624.81,4633.6,9502.9,5283.89
Copy of IMG00172.JPG,conductor,1,0.0587,0.0,5840.32,300.91,6293.9
Copy of IMG00172.JPG,conductor,1,0.0583,7575.49,5101.27,8723.7,5808.23
Copy of IMG00172.JPG,conductor,1,0.0537,2410.35,3994.1,3254.31,4738.3
Copy of IMG00172.JPG,conductor,1,0.0534,5512.14,4476.99,7700.36,5424.19
Copy of IMG00172.JPG,conductor,1,0.0509,9069.19,4729.16,9502.9,5575.43
Copy of IMG00172.JPG,conductor,1,0.0506,9185.75,4630.65,9503.49,5299.05
Copy of IMG00172.JPG,conductor,1,0.0503,1214.88,4856.56,1983.9,5386.51
Copy of IMG03515.JPG,insulator,2,0.9048,3670.41,3359.55,4049.83,3822.46
Copy of IMG03515.JPG,insulator,2,0.8913,3736.84,2348.81,4155.49,2893.5
Copy of IMG03515.JPG,insulator,2,0.7996,3723.81,1279.74,4143.07,1774.65
Copy of IMG03515.JPG,pylon,0,0.7664,3917.32,3897.33,4649.05,6280.53
Copy of IMG03515.JPG,conductor,1,0.655,5213.12,3643.99,9123.69,4792.84
Copy of IMG03515.JPG,conductor,1,0.6385,2516.85,596.16,3735.21,1269.69
Copy of IMG03515.JPG,conductor,1,0.4969,1811.28,111.34,2649.8,677.49
Copy of IMG03515.JPG,conductor,1,0.4063,8374.34,3162.51,9503.28,3703.61
Copy of IMG03515.JPG,conductor,1,0.2764,5260.53,1591.34,7852.82,2029.99
Copy of IMG03515.JPG,conductor,1,0.2656,7206.4,2969.33,8880.42,3497.07
Copy of IMG03515.JPG,conductor,1,0.2019,7509.56,4027.13,9474.14,4980.11
Copy of IMG03515.JPG,conductor,1,0.201,4609.87,3640.67,8362.34,4638.96
Copy of IMG03515.JPG,conductor,1,0.1995,4521.17,1319.43,5960.27,1781.93
Copy of IMG03515.JPG,conductor,1,0.189,8541.67,3237.05,9494.62,3624.12
Copy of IMG03515.JPG,conductor,1,0.1838,7558.18,3047.36,9504.0,3703.06
Copy of IMG03515.JPG,conductor,1,0.1785,4593.14,2443.69,6864.23,3184.21
Copy of IMG03515.JPG,conductor,1,0.158,9017.7,2012.7,9502.81,2497.44
Copy of IMG03515.JPG,conductor,1,0.1543,8048.17,4242.04,9502.99,4911.2
Copy of IMG03515.JPG,conductor,1,0.1538,2449.46,472.0,3671.75,1186.07
Copy of IMG03515.JPG,conductor,1,0.1427,4561.89,2532.54,7249.84,3257.73
Copy of IMG03515.JPG,conductor,1,0.1379,8282.59,3211.62,9445.55,3564.18
Copy of IMG03515.JPG,conductor,1,0.1377,6387.48,3903.93,9431.37,4934.11
Copy of IMG03515.JPG,conductor,1,0.1354,8976.48,2087.83,9503.84,2437.1
Copy of IMG03515.JPG,conductor,1,0.1346,890.24,186.72,1533.73,1436.34
Copy of IMG03515.JPG,conductor,1,0.133,7390.24,3048.35,8711.19,3465.18
Copy of IMG03515.JPG,conductor,1,0.1251,8829.36,4301.84,9503.22,4931.84
Copy of IMG03515.JPG,conductor,1,0.1097,7303.29,3003.63,9460.68,3534.74
Copy of IMG03515.JPG,conductor,1,0.1026,1748.65,727.93,2565.19,1301.09
Copy of IMG03515.JPG,conductor,1,0.1014,2719.4,735.31,3770.84,1316.61
Copy of IMG03515.JPG,conductor,1,0.0975,8897.65,1937.63,9502.95,2470.49
Copy of IMG03515.JPG,conductor,1,0.0865,5613.39,2711.53,7603.87,3302.51
Copy of IMG03515.JPG,conductor,1,0.0813,7208.27,3006.69,8693.49,3405.88
Copy of IMG03515.JPG,conductor,1,0.0812,1912.64,188.65,2791.31,723.74
Copy of IMG03515.JPG,conductor,1,0.0767,5361.76,3832.82,9365.23,4952.47
Copy of IMG03515.JPG,conductor,1,0.073,888.81,159.58,1434.46,1198.33
Copy of IMG03515.JPG,conductor,1,0.0728,2477.08,2317.27,3392.7,3001.85
Copy of IMG03515.JPG,conductor,1,0.0724,4564.02,3486.28,5798.46,4026.04
Copy of IMG03515.JPG,conductor,1,0.0714,5166.76,1483.99,7776.0,2166.22
Copy of IMG03515.JPG,conductor,1,0.0709,3006.21,1761.29,3648.89,2234.39
Copy of IMG03515.JPG,conductor,1,0.0708,1684.98,0.0,2189.82,236.65
Copy of IMG03515.JPG,conductor,1,0.0698,8899.84,3252.8,9503.25,3632.49
Copy of IMG03515.JPG,conductor,1,0.0687,7483.08,1844.89,9488.59,2296.41
Copy of IMG03515.JPG,conductor,1,0.0661,8005.55,3175.29,9248.32,3541.99
Copy of IMG03515.JPG,conductor,1,0.0606,8905.68,3351.03,9502.87,3675.0
Copy of IMG03515.JPG,conductor,1,0.0602,5624.83,3742.39,8228.61,4622.26
Copy of IMG03515.JPG,conductor,1,0.0574,8655.9,4354.47,9502.02,4828.4
Copy of IMG03515.JPG,conductor,1,0.0563,1765.87,58.64,2513.38,549.94
Copy of IMG03515.JPG,conductor,1,0.0554,7618.98,3110.7,8894.15,3475.98
Copy of IMG03515.JPG,conductor,1,0.0544,2331.06,1137.94,3124.33,1730.39
Copy of IMG03515.JPG,conductor,1,0.0522,9035.27,3097.29,9502.96,3542.65
Copy of IMG03515.JPG,conductor,1,0.0504,7807.67,3136.9,9126.52,3528.16
Copy of IMG00475.JPG,insulator,2,0.9247,4388.91,1456.53,4696.42,1784.34
Copy of IMG00475.JPG,insulator,2,0.914,5403.59,1922.55,5783.6,2259.18
Copy of IMG00475.JPG,insulator,2,0.8339,3310.82,1399.29,3683.85,1780.25
Copy of IMG00475.JPG,conductor,1,0.7003,3172.06,4663.19,4200.51,6227.36
Copy of IMG00475.JPG,conductor,1,0.64,1536.47,5558.17,2157.65,6252.93
Copy of IMG00475.JPG,conductor,1,0.6059,1864.91,4930.96,2669.41,5623.8
Copy of IMG00475.JPG,conductor,1,0.5982,2520.96,1911.41,3379.41,2987.18
Copy of IMG00475.JPG,conductor,1,0.5906,268.63,5238.43,1026.77,6158.6
Copy of IMG00475.JPG,conductor,1,0.5494,4165.04,232.38,4779.41,1005.68
Copy of IMG00475.JPG,conductor,1,0.5091,1243.29,3965.35,2076.47,4645.64
Copy of IMG00475.JPG,conductor,1,0.4865,2516.3,3588.48,3580.08,4770.03
Copy of IMG00475.JPG,conductor,1,0.4592,5309.31,68.93,5893.03,1001.1
Copy of IMG00475.JPG,conductor,1,0.4526,4692.09,2568.45,5475.58,3827.71
Copy of IMG00475.JPG,conductor,1,0.4343,5104.22,250.17,5745.59,1109.46
Copy of IMG00475.JPG,conductor,1,0.3946,3175.28,2466.01,4134.76,3803.25
Copy of IMG00475.JPG,conductor,1,0.3565,4965.84,595.44,5536.18,1200.32
Copy of IMG00475.JPG,conductor,1,0.3389,6407.54,397.96,6938.32,1020.29
Copy of IMG00475.JPG,conductor,1,0.3338,5035.26,516.26,5577.67,1124.52
Copy of IMG00475.JPG,conductor,1,0.3318,1860.05,2995.6,2698.02,3904.88
Copy of IMG00475.JPG,conductor,1,0.3277,4235.19,144.02,4864.15,951.95
Copy of IMG00475.JPG,conductor,1,0.3227,6675.74,37.04,7279.39,639.28
Copy of IMG00475.JPG,conductor,1,0.3185,5826.71,1167.48,6524.47,1858.39
Copy of IMG00475.JPG,conductor,1,0.2838,3343.06,2424.27,4158.2,3629.1
Copy of IMG00475.JPG,conductor,1,0.2757,5051.26,2369.72,5566.04,3101.15
Copy of IMG00475.JPG,pylon,0,0.2576,4169.89,1849.81,4687.16,6241.65
Copy of IMG00475.JPG,conductor,1,0.254,5379.16,26.42,5955.0,804.73
Copy of IMG00475.JPG,conductor,1,0.2447,358.18,5134.94,1085.51,5932.14
Copy of IMG00475.JPG,conductor,1,0.2445,5198.3,123.8,5821.73,1060.84
Copy of IMG00475.JPG,conductor,1,0.2407,4927.08,772.27,5385.59,1268.38
Copy of IMG00475.JPG,conductor,1,0.2377,769.53,4708.48,1438.03,5286.83
Copy of IMG00475.JPG,conductor,1,0.2328,1903.86,4754.98,2755.54,5590.02
Copy of IMG00475.JPG,conductor,1,0.2257,3170.71,5212.08,4041.31,6240.05
Copy of IMG00475.JPG,conductor,1,0.2056,6534.5,205.1,7092.75,960.43
Copy of IMG00475.JPG,conductor,1,0.2039,1381.61,4018.83,2077.34,4529.49
Copy of IMG00475.JPG,conductor,1,0.2033,4454.11,8.55,5038.88,658.11
Copy of IMG00475.JPG,conductor,1,0.2014,5140.42,2331.21,5586.42,2997.21
Copy of IMG00475.JPG,conductor,1,0.187,4104.09,508.3,4570.9,1026.92
Copy of IMG00475.JPG,conductor,1,0.1844,3906.42,2064.75,4319.65,2829.82
Copy of IMG00475.JPG,conductor,1,0.1739,4961.72,690.99,5452.8,1224.77
Copy of IMG00475.JPG,conductor,1,0.172,5020.58,403.08,5689.47,1142.54
Copy of IMG00475.JPG,pylon,0,0.1719,4332.38,1852.68,4652.76,4545.96
Copy of IMG00475.JPG,conductor,1,0.1713,4294.42,106.92,4900.79,802.17
Copy of IMG00475.JPG,conductor,1,0.1636,1934.94,4585.34,2847.18,5362.02
Copy of IMG00475.JPG,conductor,1,0.1525,1817.07,3102.93,2561.01,3980.47
Copy of IMG00475.JPG,conductor,1,0.1509,1759.24,5001.5,2547.2,5801.3
Copy of IMG00475.JPG,conductor,1,0.149,223.46,5531.65,816.0,6151.44
Copy of IMG00475.JPG,conductor,1,0.147,5814.91,1262.67,6284.2,1872.32
Copy of IMG00475.JPG,conductor,1,0.1415,4378.82,40.35,4986.25,758.09
Copy of IMG00475.JPG,conductor,1,0.1282,4908.6,878.01,5294.57,1280.94
Copy of IMG00475.JPG,conductor,1,0.1281,4572.24,4.32,5069.49,484.2
Copy of IMG00475.JPG,conductor,1,0.1234,6438.18,275.53,6990.52,943.89
Copy of IMG00475.JPG,conductor,1,0.1229,2433.04,1980.97,3342.6,3198.5
Copy of IMG00475.JPG,conductor,1,0.1184,4082.25,640.15,4519.64,1037.34
Copy of IMG00475.JPG,conductor,1,0.1165,4854.86,2456.17,5525.46,3596.77
Copy of IMG00475.JPG,conductor,1,0.1127,6571.3,64.09,7228.88,758.24
Copy of IMG00475.JPG,conductor,1,0.112,5069.64,2372.15,5565.5,3487.6
Copy of IMG00475.JPG,conductor,1,0.1119,4130.21,392.23,4625.89,1002.95
Copy of IMG00475.JPG,conductor,1,0.1086,4196.31,1892.47,4848.18,6229.08
Copy of IMG00475.JPG,conductor,1,0.1085,1191.09,4074.22,1888.03,4824.5
Copy of IMG00475.JPG,conductor,1,0.1079,3710.36,2237.52,4247.29,3102.36
Copy of IMG00475.JPG,conductor,1,0.1063,196.77,5768.79,637.0,6268.8
Copy of IMG00475.JPG,conductor,1,0.104,3743.65,2162.18,4290.52,2956.2
Copy of IMG00475.JPG,conductor,1,0.1034,1173.21,4346.64,1775.52,4840.32
Copy of IMG00475.JPG,conductor,1,0.0981,457.38,5131.53,1093.45,5673.79
Copy of IMG00475.JPG,conductor,1,0.0944,6317.65,523.31,6848.36,1057.04
Copy of IMG00475.JPG,conductor,1,0.0941,211.09,5696.71,724.99,6258.1
Copy of IMG00475.JPG,conductor,1,0.0934,3526.42,2386.71,4173.89,3529.18
Copy of IMG00475.JPG,conductor,1,0.0931,4653.83,2655.84,5366.51,3691.89
Copy of IMG00475.JPG,conductor,1,0.0908,1622.64,5197.23,2274.87,6205.7
Copy of IMG00475.JPG,conductor,1,0.0885,499.63,4960.96,1236.06,5650.88
Copy of IMG00475.JPG,conductor,1,0.088,2479.93,3850.29,3381.26,4779.15
Copy of IMG00475.JPG,conductor,1,0.0864,1554.2,5703.6,2055.56,6274.06
Copy of IMG00475.JPG,conductor,1,0.0845,1947.26,4491.8,2847.76,5157.08
Copy of IMG00475.JPG,conductor,1,0.0834,2798.26,1871.54,3416.97,2756.91
Copy of IMG00475.JPG,conductor,1,0.0766,3955.07,2006.1,4347.7,2744.55
Copy of IMG00475.JPG,conductor,1,0.0762,5956.95,1046.39,6605.66,1619.12
Copy of IMG00475.JPG,conductor,1,0.0704,2592.6,3332.36,3691.51,4660.32
Copy of IMG00475.JPG,conductor,1,0.0694,4586.34,2811.08,5280.51,3842.99
Copy of IMG00475.JPG,conductor,1,0.0688,3191.5,5682.29,3666.07,6264.66
Copy of IMG00475.JPG,conductor,1,0.0665,1355.31,3866.9,2091.3,4561.62
Copy of IMG00475.JPG,pylon_fissure,3,0.0648,4279.87,4922.56,4440.93,6292.2
Copy of IMG00475.JPG,pylon,0,0.0646,4175.97,3148.37,4633.05,6249.75
Copy of IMG00475.JPG,conductor,1,0.0644,492.75,4283.97,1074.12,4741.84
Copy of IMG00475.JPG,conductor,1,0.061,5456.1,0.0,6017.7,596.8
Copy of IMG00475.JPG,conductor,1,0.06,1799.99,3304.8,2494.28,3979.06
Copy of IMG00475.JPG,conductor,1,0.0594,5199.19,2312.97,5592.24,2807.91
Copy of IMG00475.JPG,conductor,1,0.0593,2062.71,4711.3,2838.68,5316.33
Copy of IMG00475.JPG,conductor,1,0.0582,3662.56,2343.04,4197.48,3267.08
Copy of IMG00475.JPG,conductor,1,0.058,6255.66,644.47,6812.59,1119.27
Copy of IMG00475.JPG,conductor,1,0.0571,1.67,4723.81,253.15,5299.36
Copy of IMG00475.JPG,conductor,1,0.0555,162.88,5898.89,550.68,6282.39
Copy of IMG00475.JPG,conductor,1,0.0542,5848.08,1201.46,6385.36,1829.52
Copy of IMG00475.JPG,conductor,1,0.053,2439.81,4315.12,3119.62,4989.57
Copy of IMG00475.JPG,conductor,1,0.0511,1812.38,2011.0,3235.6,3891.1
Copy of IMG00475.JPG,conductor,1,0.0509,6767.6,21.9,7283.05,496.02
Copy of IMG00067.JPG,insulator,2,0.8129,3855.37,2185.73,4138.7,2496.75
Copy of IMG00067.JPG,insulator,2,0.7779,4747.18,1787.66,5108.24,2151.71
Copy of IMG00067.JPG,conductor,1,0.7423,5220.98,2104.92,5939.56,2670.64
Copy of IMG00067.JPG,conductor,1,0.7423,3453.93,915.31,4350.31,1496.62
Copy of IMG00067.JPG,conductor,1,0.5865,7584.28,3862.01,8619.28,4583.51
Copy of IMG00067.JPG,conductor,1,0.5759,6365.67,4181.93,7345.99,4889.83
Copy of IMG00067.JPG,conductor,1,0.5466,2961.42,1546.98,3782.49,2121.47
Copy of IMG00067.JPG,conductor,1,0.5016,7968.72,5394.82,8689.12,6140.56
Copy of IMG00067.JPG,conductor,1,0.461,8765.87,4755.62,9495.38,5447.35
Copy of IMG00067.JPG,conductor,1,0.4355,5426.38,3483.69,6373.34,4173.26
Copy of IMG00067.JPG,conductor,1,0.4331,6476.25,3044.95,7357.29,3779.25
Copy of IMG00067.JPG,pylon,0,0.3972,4184.27,2158.27,4563.26,5553.01
Copy of IMG00067.JPG,conductor,1,0.3935,7113.07,4759.39,8008.0,5430.39
Copy of IMG00067.JPG,conductor,1,0.3771,6565.88,3117.16,7619.81,3919.5
Copy of IMG00067.JPG,insulator,2,0.3735,4328.71,1503.38,4676.61,1833.64
Copy of IMG00067.JPG,conductor,1,0.3264,2413.8,183.4,3270.73,774.55
Copy of IMG00067.JPG,conductor,1,0.2871,4899.52,3008.02,5818.71,3743.42
Copy of IMG00067.JPG,conductor,1,0.2868,5931.97,2639.42,6663.93,3287.68
Copy of IMG00067.JPG,conductor,1,0.2814,6183.66,4054.17,7177.34,4753.96
Copy of IMG00067.JPG,pylon,0,0.2813,4176.06,2172.29,4639.14,6293.47
Copy of IMG00067.JPG,conductor,1,0.2682,4672.7,2691.06,5172.73,3269.42
Copy of IMG00067.JPG,conductor,1,0.2607,5845.32,2575.57,6580.58,3221.6
Copy of IMG00067.JPG,conductor,1,0.2467,4734.37,2780.41,5398.08,3500.14
Copy of IMG00067.JPG,conductor,1,0.2393,7218.27,4849.29,8129.39,5555.83
Copy of IMG00067.JPG,conductor,1,0.2369,1519.91,441.67,2240.25,1002.6
Copy of IMG00067.JPG,conductor,1,0.2107,6630.43,3225.64,7757.39,4001.51
Copy of IMG00067.JPG,conductor,1,0.2104,8155.02,4255.91,8905.51,4923.58
Copy of IMG00067.JPG,conductor,1,0.2064,2323.89,1058.35,3051.48,1671.12
Copy of IMG00067.JPG,conductor,1,0.1909,4796.64,2844.72,5619.49,3647.91
Copy of IMG00067.JPG,conductor,1,0.1818,3627.93,2686.54,4093.21,3101.67
Copy of IMG00067.JPG,conductor,1,0.17,2256.04,85.82,3084.53,611.85
Copy of IMG00067.JPG,conductor,1,0.1535,2327.98,148.75,3143.72,663.93
Copy of IMG00067.JPG,conductor,1,0.1477,1577.56,522.69,2388.09,1124.27
Copy of IMG00067.JPG,conductor,1,0.1364,7658.76,4003.45,8820.47,4821.12
Copy of IMG00067.JPG,conductor,1,0.1333,8655.74,4702.92,9438.84,5335.88
Copy of IMG00067.JPG,conductor,1,0.132,4616.0,2662.27,5099.3,3234.52
Copy of IMG00067.JPG,conductor,1,0.1316,1753.63,648.95,2539.47,1241.99
Copy of IMG00067.JPG,conductor,1,0.121,5753.51,2507.98,6493.79,3120.81
Copy of IMG00067.JPG,conductor,1,0.119,6295.59,2974.99,7228.69,3658.76
Copy of IMG00067.JPG,conductor,1,0.1171,5297.5,3330.54,6233.98,4075.64
Copy of IMG00067.JPG,conductor,1,0.1166,1904.38,772.96,2599.98,1278.45
Copy of IMG00067.JPG,conductor,1,0.1161,8524.48,5911.53,9024.26,6283.63
Copy of IMG00067.JPG,conductor,1,0.1147,2162.7,30.05,2840.06,501.92
Copy of IMG00067.JPG,conductor,1,0.1137,4597.98,2639.48,5021.3,3156.41
Copy of IMG00067.JPG,conductor,1,0.108,4673.41,2743.17,5287.48,3337.93
Copy of IMG00067.JPG,conductor,1,0.1034,6787.88,3326.41,7831.24,4062.0
Copy of IMG00067.JPG,conductor,1,0.1,8940.82,4910.37,9503.99,5518.16
Copy of IMG00067.JPG,conductor,1,0.0985,4997.0,3111.96,5938.23,3789.07
Copy of IMG00067.JPG,conductor,1,0.0973,6003.07,2735.43,6767.36,3338.29
Copy of IMG00067.JPG,pylon,0,0.0964,4036.24,2088.77,4584.05,6274.95
Copy of IMG00067.JPG,conductor,1,0.0954,7082.84,3481.87,7922.87,4147.34
Copy of IMG00067.JPG,conductor,1,0.0938,7434.81,3778.01,8577.84,4524.02
Copy of IMG00067.JPG,conductor,1,0.0913,5253.14,2153.69,6017.94,2795.2
Copy of IMG00067.JPG,pylon,0,0.0809,4240.44,2163.26,4594.25,5089.98
Copy of IMG00067.JPG,conductor,1,0.0804,5517.25,3582.72,6533.25,4271.02
Copy of IMG00067.JPG,conductor,1,0.0773,9235.97,5391.33,9504.0,6074.4
Copy of IMG00067.JPG,conductor,1,0.0766,6206.3,2842.99,7067.87,3512.37
Copy of IMG00067.JPG,conductor,1,0.0762,3240.42,752.02,4125.84,1378.98
Copy of IMG00067.JPG,conductor,1,0.0759,6526.94,4257.41,7475.85,5039.84
Copy of IMG00067.JPG,conductor,1,0.0754,8502.2,5810.01,8967.41,6261.84
Copy of IMG00067.JPG,pylon,0,0.072,3875.91,2089.81,4481.45,6278.99
Copy of IMG00067.JPG,conductor,1,0.0715,4572.98,2582.86,4976.78,3095.57
Copy of IMG00067.JPG,conductor,1,0.0704,8101.38,5527.12,8731.92,6184.26
Copy of IMG00067.JPG,conductor,1,0.0697,6080.59,3953.88,7031.85,4658.41
Copy of IMG00067.JPG,conductor,1,0.0695,7421.65,4933.49,8181.13,5661.73
Copy of IMG00067.JPG,conductor,1,0.0683,9217.19,5232.21,9504.0,5951.81
Copy of IMG00067.JPG,conductor,1,0.0656,5629.4,2382.77,6260.96,2965.64
Copy of IMG00067.JPG,conductor,1,0.0655,3752.56,1127.72,4381.43,1528.33
Copy of IMG00067.JPG,conductor,1,0.0652,6864.96,4608.34,7840.93,5341.01
Copy of IMG00067.JPG,conductor,1,0.062,2301.13,1009.03,2957.2,1546.01
Copy of IMG00067.JPG,conductor,1,0.0619,2024.36,844.31,2684.09,1346.33
Copy of IMG00067.JPG,conductor,1,0.0615,8610.14,4638.05,9380.64,5248.08
Copy of IMG00067.JPG,conductor,1,0.0609,3604.38,1030.54,4356.73,1502.25
Copy of IMG00067.JPG,conductor,1,0.0608,3475.67,2586.92,3936.43,3017.17
Copy of IMG00067.JPG,conductor,1,0.0608,9156.12,3952.11,9504.0,4653.42
Copy of IMG00067.JPG,conductor,1,0.0606,2637.48,300.08,3385.94,851.95
Copy of IMG00067.JPG,conductor,1,0.0604,2107.24,0.64,2686.95,360.72
Copy of IMG00067.JPG,conductor,1,0.0597,5203.79,3213.27,6083.02,3925.28
Copy of IMG00067.JPG,conductor,1,0.0596,9328.22,5395.13,9504.0,6049.7
Copy of IMG00067.JPG,conductor,1,0.0593,8274.05,4381.71,8997.54,4981.81
Copy of IMG00067.JPG,conductor,1,0.0579,5955.9,3855.91,6951.74,4601.77
Copy of IMG00067.JPG,conductor,1,0.0561,5153.43,2066.51,5851.04,2570.34
Copy of IMG00067.JPG,conductor,1,0.0556,3369.94,844.78,4284.8,1428.56
Copy of IMG00067.JPG,conductor,1,0.055,3108.58,644.1,3795.13,1106.98
Copy of IMG00067.JPG,conductor,1,0.0547,3064.65,1649.81,3821.48,2126.71
Copy of IMG00067.JPG,conductor,1,0.0546,9095.6,5086.49,9504.0,5865.34
Copy of IMG00067.JPG,conductor,1,0.0536,5405.64,2264.79,6093.83,2846.26
Copy of IMG00067.JPG,conductor,1,0.0532,8005.92,4158.75,8845.65,4851.6
Copy of IMG00067.JPG,conductor,1,0.0528,2450.59,220.42,3376.67,880.48
Copy of IMG00067.JPG,conductor,1,0.0503,9022.94,3828.95,9501.42,4318.27
Copy of IMG00100.JPG,conductor,1,0.4987,4539.73,5275.78,5299.32,6183.59
Copy of IMG00100.JPG,conductor,1,0.2545,3449.53,3454.45,4276.68,4349.44
Copy of IMG00100.JPG,conductor,1,0.1979,4101.52,4578.07,4873.73,5291.0
Copy of IMG00100.JPG,conductor,1,0.171,5382.56,4594.82,6347.9,5349.49
Copy of IMG00100.JPG,conductor,1,0.1704,4380.54,3274.8,5295.79,3926.82
Copy of IMG00100.JPG,conductor,1,0.1407,4431.8,3397.97,5384.36,4063.7
Copy of IMG00100.JPG,conductor,1,0.1358,2068.12,1034.05,2662.0,1518.08
Copy of IMG00100.JPG,conductor,1,0.1343,3498.96,3540.1,4384.03,4499.27
Copy of IMG00100.JPG,conductor,1,0.1325,5274.92,4443.34,6286.31,5249.32
Copy of IMG00100.JPG,conductor,1,0.1188,5466.32,4745.86,6355.92,5438.42
Copy of IMG00100.JPG,conductor,1,0.1186,3538.76,3683.5,4472.57,4608.71
Copy of IMG00100.JPG,insulator,2,0.1158,6181.08,5694.94,6604.31,6229.18
Copy of IMG00100.JPG,conductor,1,0.1032,4031.59,4443.15,4809.83,5194.55
Copy of IMG00100.JPG,conductor,1,0.0937,4973.62,4039.79,5815.64,4549.83
Copy of IMG00100.JPG,conductor,1,0.0925,2389.64,1532.03,3102.49,2370.49
Copy of IMG00100.JPG,conductor,1,0.0857,2486.9,850.37,3149.69,1190.86
Copy of IMG00100.JPG,conductor,1,0.0843,2541.19,817.96,3301.59,1192.56
Copy of IMG00100.JPG,conductor,1,0.0766,5048.43,4190.12,6143.92,4876.71
Copy of IMG00100.JPG,conductor,1,0.0715,4381.93,5089.28,5247.39,6101.3
Copy of IMG00100.JPG,conductor,1,0.0693,5207.0,4346.38,6229.86,5086.53
Copy of IMG00100.JPG,conductor,1,0.068,6166.77,5629.72,6604.39,6234.38
Copy of IMG00100.JPG,conductor,1,0.0677,2435.06,1646.92,3212.92,2470.38
Copy of IMG00100.JPG,conductor,1,0.0649,2825.61,2337.49,3695.94,3269.92
Copy of IMG00100.JPG,conductor,1,0.0626,2050.95,1015.88,2595.63,1414.42
Copy of IMG00100.JPG,conductor,1,0.0587,4500.73,3527.03,5437.53,4138.08
Copy of IMG00100.JPG,conductor,1,0.0571,2719.88,1189.56,3282.72,1517.7
Copy of IMG00100.JPG,conductor,1,0.056,3623.43,5238.21,4273.48,6208.69
Copy of IMG00100.JPG,conductor,1,0.0555,5126.89,4197.78,6358.73,5390.2
Copy of IMG00100.JPG,conductor,1,0.0554,3057.94,1258.93,3724.03,1651.66
Copy of IMG00100.JPG,conductor,1,0.0544,2093.98,1103.35,2722.36,1618.5
Copy of IMG00100.JPG,conductor,1,0.0524,3403.96,1628.89,3960.31,2105.93
Copy of IMG00100.JPG,conductor,1,0.0512,3760.29,3999.13,4574.09,4722.86
Copy of IMG00100.JPG,conductor,1,0.0502,2877.62,2537.95,3767.47,3472.75
Copy of IMG00100.JPG,conductor,1,0.05,2803.15,2309.03,3595.33,3071.31
Copy of IMG03393.JPG,pylon,0,0.5616,4847.17,3552.15,5856.33,6328.9
Copy of IMG03393.JPG,insulator,2,0.5431,7774.2,4676.33,8277.34,5271.74
Copy of IMG03393.JPG,pylon,0,0.2741,5380.38,3495.38,5848.17,6075.04
Copy of IMG03393.JPG,insulator,2,0.2479,5634.93,2841.58,5980.83,3182.26
Copy of IMG03393.JPG,insulator,2,0.2024,4976.3,3384.66,5232.66,3588.32
Copy of IMG03393.JPG,insulator,2,0.1488,4996.57,3415.11,5262.97,3649.08
Copy of IMG03393.JPG,insulator,2,0.1391,8492.02,4302.82,8988.36,4861.71
Copy of IMG03393.JPG,pylon,0,0.132,5382.07,3493.52,5847.28,5217.66
Copy of IMG03393.JPG,conductor,1,0.1091,3469.58,1208.13,4139.58,1655.5
Copy of IMG03393.JPG,conductor,1,0.0729,2574.82,0.0,3126.04,400.6
Copy of IMG03393.JPG,insulator,2,0.0644,5405.92,3377.79,5629.3,3549.1
Copy of IMG03393.JPG,conductor,1,0.0626,4887.72,3588.54,5850.09,6289.97
Copy of IMG03393.JPG,insulator,2,0.059,4980.53,3277.65,5194.78,3471.66
Copy of IMG03393.JPG,insulator,2,0.0552,8474.12,4307.28,8855.17,4801.32
Copy of IMG00026.JPG,insulator,2,0.5702,8715.42,2221.6,9168.16,2663.94
Copy of IMG00026.JPG,conductor,1,0.3543,5519.75,406.67,6971.43,1098.9
Copy of IMG00026.JPG,conductor,1,0.3359,7044.52,1235.47,8858.65,1977.05
Copy of IMG00026.JPG,insulator,2,0.309,8462.63,2745.1,8906.05,3229.62
Copy of IMG00026.JPG,conductor,1,0.309,4962.86,1831.99,7296.43,3232.03
Copy of IMG00026.JPG,conductor,1,0.3017,4779.91,32.52,6162.82,596.9
Copy of IMG00026.JPG,conductor,1,0.2912,5948.54,1416.23,7131.22,2052.2
Copy of IMG00026.JPG,insulator,2,0.2822,7870.01,3574.17,8321.92,3972.06
Copy of IMG00026.JPG,conductor,1,0.2696,3372.44,502.06,4326.1,1030.55
Copy of IMG00026.JPG,conductor,1,0.2576,4758.0,733.73,5908.3,1292.76
Copy of IMG00026.JPG,conductor,1,0.2547,4688.37,655.82,5756.36,1262.22
Copy of IMG00026.JPG,conductor,1,0.2526,4451.61,1241.41,5528.13,1805.16
Copy of IMG00026.JPG,conductor,1,0.2322,3471.74,0.0,4585.26,452.09
Copy of IMG00026.JPG,conductor,1,0.2321,6183.13,790.3,8028.16,1498.47
Copy of IMG00026.JPG,conductor,1,0.2281,7388.29,1473.32,9017.75,2175.09
Copy of IMG00026.JPG,conductor,1,0.2244,3535.35,6.37,4757.17,544.19
Copy of IMG00026.JPG,conductor,1,0.2244,6709.35,1859.0,7977.93,2536.88
Copy of IMG00026.JPG,conductor,1,0.2134,6763.94,1134.46,8673.52,1877.35
Copy of IMG00026.JPG,conductor,1,0.2076,6538.23,1024.94,8550.54,1562.46
Copy of IMG00026.JPG,conductor,1,0.1979,3415.39,537.42,4466.49,1096.44
Copy of IMG00026.JPG,conductor,1,0.1975,6447.92,910.59,8180.43,1538.82
Copy of IMG00026.JPG,conductor,1,0.1903,4971.96,145.08,6820.64,956.38
Copy of IMG00026.JPG,conductor,1,0.1773,5315.28,249.04,6898.55,1013.15
Copy of IMG00026.JPG,conductor,1,0.1741,2950.66,856.5,3861.51,1448.87
Copy of IMG00026.JPG,conductor,1,0.1667,2194.82,318.27,2978.25,1010.37
Copy of IMG00026.JPG,conductor,1,0.1628,4503.18,572.63,5617.18,1205.85
Copy of IMG00026.JPG,conductor,1,0.1536,4072.32,285.7,5094.6,871.44
Copy of IMG00026.JPG,conductor,1,0.1418,4988.89,1821.55,6629.42,2813.5
Copy of IMG00026.JPG,conductor,1,0.1375,3189.76,389.38,4140.83,968.61
Copy of IMG00026.JPG,conductor,1,0.1358,4836.68,114.17,6648.8,810.84
Copy of IMG00026.JPG,conductor,1,0.1325,4824.42,799.51,6021.47,1377.67
Copy of IMG00026.JPG,conductor,1,0.1229,4783.89,68.59,6350.89,703.46
Copy of IMG00026.JPG,conductor,1,0.1219,4721.31,0.0,5715.02,498.19
Copy of IMG00026.JPG,conductor,1,0.1205,4247.8,426.21,5311.26,1011.53
Copy of IMG00026.JPG,conductor,1,0.1173,3839.41,216.64,4955.86,794.59
Copy of IMG00026.JPG,conductor,1,0.1158,5210.4,1025.16,6422.35,1593.26
Copy of IMG00026.JPG,conductor,1,0.1117,6848.58,1986.68,8205.74,2688.84
Copy of IMG00026.JPG,conductor,1,0.1114,4589.09,1319.98,5660.78,1842.77
Copy of IMG00026.JPG,conductor,1,0.1073,7574.36,1606.24,8968.49,2211.48
Copy of IMG00026.JPG,conductor,1,0.1058,3652.56,156.35,4844.47,695.17
Copy of IMG00026.JPG,conductor,1,0.1019,4118.45,1205.32,5485.61,1797.59
Copy of IMG00026.JPG,conductor,1,0.0992,5997.82,760.62,7924.27,1362.28
Copy of IMG00026.JPG,conductor,1,0.0962,5395.93,1113.03,6510.7,1707.94
Copy of IMG00026.JPG,conductor,1,0.094,4304.68,523.95,5472.15,1058.53
Copy of IMG00026.JPG,conductor,1,0.093,5664.28,519.42,7700.31,1299.39
Copy of IMG00026.JPG,conductor,1,0.0925,2703.26,2.12,3392.57,460.96
Copy of IMG00026.JPG,insulator,2,0.0913,7926.98,3123.53,8296.78,3467.64
Copy of IMG00026.JPG,conductor,1,0.0907,5062.76,925.38,6196.97,1487.25
Copy of IMG00026.JPG,conductor,1,0.0903,3058.74,239.08,3831.52,728.14
Copy of IMG00026.JPG,conductor,1,0.0837,7198.91,1360.95,8994.75,1941.35
Copy of IMG00026.JPG,conductor,1,0.0788,3105.83,283.95,4067.76,885.18
Copy of IMG00026.JPG,conductor,1,0.0763,1985.17,213.51,2834.21,924.62
Copy of IMG00026.JPG,conductor,1,0.0762,5069.62,1789.67,6522.36,2610.53
Copy of IMG00026.JPG,insulator,2,0.0741,9348.05,4427.67,9503.74,4807.57
Copy of IMG00026.JPG,conductor,1,0.07,8175.5,3765.71,9247.36,4466.4
Copy of IMG00026.JPG,conductor,1,0.07,9201.71,3200.74,9504.0,3946.03
Copy of IMG00026.JPG,conductor,1,0.0695,5104.69,2026.61,7112.27,3091.99
Copy of IMG00026.JPG,conductor,1,0.0691,5751.05,1281.09,6947.81,1950.43
Copy of IMG00026.JPG,conductor,1,0.0647,3016.4,911.6,4046.55,1540.0
Copy of IMG00026.JPG,conductor,1,0.0625,5605.08,498.2,7210.7,1157.4
Copy of IMG00026.JPG,conductor,1,0.0624,5812.41,640.07,7825.73,1417.9
Copy of IMG00026.JPG,conductor,1,0.0621,3525.41,590.19,4644.34,1189.0
Copy of IMG00026.JPG,conductor,1,0.0605,9266.15,3283.48,9503.0,3977.79
Copy of IMG00026.JPG,conductor,1,0.0593,6512.13,1750.57,7758.62,2378.09
Copy of IMG00026.JPG,conductor,1,0.0584,5513.46,1175.86,6693.44,1764.99
Copy of IMG00026.JPG,conductor,1,0.0571,6711.16,1113.18,8556.41,1689.62
Copy of IMG00026.JPG,conductor,1,0.057,6229.73,1571.41,7382.5,2193.57
Copy of IMG00026.JPG,conductor,1,0.0534,7840.67,1719.24,8978.53,2235.48
Copy of IMG00026.JPG,conductor,1,0.0533,4624.75,0.0,5578.46,367.18
Copy of IMG00026.JPG,conductor,1,0.0527,5811.4,658.27,7522.99,1280.0
Copy of IMG00457.JPG,insulator,2,0.8166,4536.08,2557.99,4798.41,2879.24
Copy of IMG00457.JPG,insulator,2,0.7391,3835.34,2824.06,4196.75,3237.6
Copy of IMG00457.JPG,insulator,2,0.6626,5170.88,2538.33,5521.11,2893.92
Copy of IMG00457.JPG,conductor,1,0.6036,5497.46,3015.49,6234.82,3753.61
Copy of IMG00457.JPG,conductor,1,0.571,4787.26,4130.86,5665.4,5348.54
Copy of IMG00457.JPG,conductor,1,0.5391,7019.7,5771.95,7529.71,6319.03
Copy of IMG00457.JPG,conductor,1,0.4654,7218.71,5056.04,7977.66,5747.34
Copy of IMG00457.JPG,conductor,1,0.4607,4710.68,3982.78,5408.3,5109.11
Copy of IMG00457.JPG,conductor,1,0.3754,6775.63,4558.96,7562.67,5193.24
Copy of IMG00457.JPG,conductor,1,0.3713,4891.97,4359.64,5736.7,5407.15
Copy of IMG00457.JPG,conductor,1,0.3341,4880.35,3033.65,5256.27,3558.83
Copy of IMG00457.JPG,conductor,1,0.3257,5722.51,4178.94,6387.32,5021.08
Copy of IMG00457.JPG,conductor,1,0.3198,7739.65,5638.13,8384.84,6293.75
Copy of IMG00457.JPG,conductor,1,0.3038,6077.07,3586.32,7677.5,5157.22
Copy of IMG00457.JPG,conductor,1,0.2988,5485.94,5189.16,6228.2,6067.6
Copy of IMG00457.JPG,conductor,1,0.2189,5678.67,4084.31,6288.82,4886.53
Copy of IMG00457.JPG,conductor,1,0.2045,4618.39,3916.65,5320.05,4949.23
Copy of IMG00457.JPG,conductor,1,0.1952,5187.3,3492.8,5755.3,4143.26
Copy of IMG00457.JPG,conductor,1,0.1812,5672.31,5425.39,6391.15,6250.76
Copy of IMG00457.JPG,conductor,1,0.178,6094.6,3698.67,7157.16,4561.43
Copy of IMG00457.JPG,conductor,1,0.1706,6119.54,4703.85,6726.76,5308.29
Copy of IMG00457.JPG,conductor,1,0.1642,4134.66,3284.28,4590.02,3906.17
Copy of IMG00457.JPG,conductor,1,0.1587,5426.84,2964.54,6160.66,3639.73
Copy of IMG00457.JPG,conductor,1,0.1523,6605.62,5233.87,7126.8,5857.23
Copy of IMG00457.JPG,conductor,1,0.1515,5781.87,5643.67,6555.52,6268.54
Copy of IMG00457.JPG,conductor,1,0.1471,5976.49,4514.29,6636.15,5239.66
Copy of IMG00457.JPG,conductor,1,0.1365,4537.32,2976.09,4766.61,3968.55
Copy of IMG00457.JPG,conductor,1,0.1306,4758.42,4063.7,5512.56,5215.44
Copy of IMG00457.JPG,conductor,1,0.1294,4546.1,3077.05,4842.2,3981.16
Copy of IMG00457.JPG,conductor,1,0.1242,5145.24,3427.03,5663.31,4074.28
Copy of IMG00457.JPG,conductor,1,0.1175,7108.96,4964.28,7927.48,5681.88
Copy of IMG00457.JPG,conductor,1,0.1141,4887.48,3080.36,5330.91,3619.74
Copy of IMG00457.JPG,conductor,1,0.1126,5405.62,5066.01,6158.01,5894.75
Copy of IMG00457.JPG,conductor,1,0.1106,6681.01,5324.23,7174.71,5902.07
Copy of IMG00457.JPG,conductor,1,0.1037,5272.43,3548.34,5770.86,4210.48
Copy of IMG00457.JPG,conductor,1,0.1028,4091.55,3230.86,4546.36,3819.63
Copy of IMG00457.JPG,conductor,1,0.1018,6724.24,5356.65,7226.21,5977.67
Copy of IMG00457.JPG,conductor,1,0.0999,7272.13,5150.76,8016.69,5836.02
Copy of IMG00457.JPG,conductor,1,0.0995,6479.16,5143.19,7024.5,5756.97
Copy of IMG00457.JPG,conductor,1,0.0989,6836.81,5497.52,7306.52,6119.23
Copy of IMG00457.JPG,conductor,1,0.0986,5067.32,3354.12,5594.33,3966.98
Copy of IMG00457.JPG,conductor,1,0.0972,5775.02,4284.46,6531.41,5189.51
Copy of IMG00457.JPG,conductor,1,0.0934,4392.14,3261.89,4741.15,3962.9
Copy of IMG00457.JPG,conductor,1,0.0922,4533.56,3019.75,4725.15,3465.68
Copy of IMG00457.JPG,conductor,1,0.0916,3768.23,4410.24,4629.21,5500.75
Copy of IMG00457.JPG,conductor,1,0.0913,5620.24,5291.71,6328.29,6166.38
Copy of IMG00457.JPG,conductor,1,0.0848,6437.85,5084.42,6952.27,5624.76
Copy of IMG00457.JPG,conductor,1,0.0816,6886.72,5599.86,7421.79,6286.83
Copy of IMG00457.JPG,conductor,1,0.0801,4854.75,2998.25,5174.81,3496.71
Copy of IMG00457.JPG,conductor,1,0.08,5376.9,3703.03,5889.55,4334.4
Copy of IMG00457.JPG,conductor,1,0.0766,6215.18,4809.21,6793.28,5393.33
Copy of IMG00457.JPG,conductor,1,0.0747,4531.31,3062.89,4761.18,3735.74
Copy of IMG00457.JPG,conductor,1,0.0737,4079.57,3200.78,4423.16,3702.63
Copy of IMG00457.JPG,conductor,1,0.0703,7692.37,5564.2,8272.94,6177.62
Copy of IMG00457.JPG,conductor,1,0.0673,5471.68,3870.29,5987.83,4436.79
Copy of IMG00457.JPG,conductor,1,0.0657,9044.39,620.7,9501.85,829.03
Copy of IMG00457.JPG,conductor,1,0.0633,5301.77,3602.82,5872.15,4282.57
Copy of IMG00457.JPG,conductor,1,0.0618,7089.81,5874.31,7527.51,6327.74
Copy of IMG00457.JPG,conductor,1,0.0617,5593.3,3970.33,6163.34,4686.08
Copy of IMG00457.JPG,conductor,1,0.06,5022.51,3269.36,5495.85,3889.79
Copy of IMG00457.JPG,conductor,1,0.0559,4089.25,3179.52,4383.82,3570.24
Copy of IMG00457.JPG,conductor,1,0.0552,6384.4,5015.9,6897.88,5538.35
Copy of IMG00457.JPG,conductor,1,0.0534,4834.33,2987.88,5108.23,3383.27
Copy of IMG00457.JPG,conductor,1,0.0528,7365.45,5241.24,8087.76,5898.7
Copy of IMG00457.JPG,conductor,1,0.0523,6830.0,4575.2,7682.8,5365.51
Copy of IMG00457.JPG,conductor,1,0.0519,1000.94,5546.8,1440.89,6060.95
Copy of IMG00457.JPG,conductor,1,0.0515,4931.9,3139.37,5437.35,3808.0
Copy of IMG00457.JPG,conductor,1,0.0507,4547.86,3012.76,4804.82,3562.28
Copy of IMG00417.JPG,insulator,2,0.8782,4742.65,4083.08,5078.04,4460.39
Copy of IMG00417.JPG,insulator,2,0.8308,3950.4,3735.34,4381.93,4130.71
Copy of IMG00417.JPG,insulator,2,0.7302,3155.65,4194.78,3517.89,4566.45
Copy of IMG00417.JPG,conductor,1,0.5312,3350.36,4637.53,3721.83,5389.25
Copy of IMG00417.JPG,conductor,1,0.4494,4209.14,4380.82,4571.43,4988.68
Copy of IMG00417.JPG,conductor,1,0.291,3360.05,4678.38,3780.68,5532.58
Copy of IMG00417.JPG,conductor,1,0.2855,4224.57,4394.13,4608.38,5184.69
Copy of IMG00417.JPG,pylon,0,0.2821,3765.85,4365.93,4148.27,6260.92
Copy of IMG00417.JPG,conductor,1,0.2796,4429.99,5422.02,4942.13,6253.08
Copy of IMG00417.JPG,conductor,1,0.2116,4803.1,4531.85,5163.8,5038.54
Copy of IMG00417.JPG,conductor,1,0.1892,5019.87,5536.03,5657.57,6286.5
Copy of IMG00417.JPG,conductor,1,0.1542,4282.03,4469.67,4648.78,5189.91
Copy of IMG00417.JPG,conductor,1,0.1517,8083.13,4868.39,8676.18,5379.93
Copy of IMG00417.JPG,conductor,1,0.1379,4818.57,4595.22,5266.89,5154.26
Copy of IMG00417.JPG,conductor,1,0.1239,3443.98,4789.5,3850.34,5576.91
Copy of IMG00417.JPG,conductor,1,0.1135,3376.01,4578.87,3668.41,5178.39
Copy of IMG00417.JPG,conductor,1,0.1126,4835.84,4555.42,5233.97,5295.26
Copy of IMG00417.JPG,conductor,1,0.1079,3671.88,4522.54,4151.83,6269.2
Copy of IMG00417.JPG,conductor,1,0.1044,4916.8,5324.47,5477.53,5906.8
Copy of IMG00417.JPG,conductor,1,0.0967,4917.24,5107.49,5460.18,5657.62
Copy of IMG00417.JPG,conductor,1,0.0895,4918.78,5260.02,5506.91,5781.72
Copy of IMG00417.JPG,conductor,1,0.0886,5230.1,5579.95,5762.05,6232.48
Copy of IMG00417.JPG,conductor,1,0.0843,5485.88,5019.27,6114.59,5617.56
Copy of IMG00417.JPG,conductor,1,0.0839,4309.0,4564.54,4684.4,5283.76
Copy of IMG00417.JPG,conductor,1,0.0837,4840.21,4632.25,5362.15,5270.8
Copy of IMG00417.JPG,conductor,1,0.0827,759.57,5209.68,1455.22,5758.06
Copy of IMG00417.JPG,conductor,1,0.0779,4312.47,4421.71,4617.54,4923.42
Copy of IMG00417.JPG,conductor,1,0.0727,4939.7,5369.1,5502.98,6218.87
Copy of IMG00417.JPG,conductor,1,0.0718,3930.76,5466.24,4379.46,6152.5
Copy of IMG00417.JPG,conductor,1,0.0694,5062.12,5617.41,5551.01,6290.02
Copy of IMG00417.JPG,conductor,1,0.0684,3349.02,5432.91,3928.52,6221.87
Copy of IMG00417.JPG,conductor,1,0.066,5273.3,5534.67,5788.34,6082.28
Copy of IMG00417.JPG,conductor,1,0.0659,4812.99,4486.27,5092.48,4960.96
Copy of IMG00417.JPG,conductor,1,0.062,3424.97,4577.33,3733.52,5126.49
Copy of IMG00417.JPG,conductor,1,0.0607,3523.58,5366.72,4064.28,6221.27
Copy of IMG00417.JPG,conductor,1,0.0556,9152.5,5235.75,9504.0,5938.77
Copy of IMG00417.JPG,conductor,1,0.0542,7637.84,5248.1,8308.25,5881.04
Copy of IMG00417.JPG,conductor,1,0.0542,5308.4,5467.47,5837.17,5905.96
Copy of IMG00417.JPG,conductor,1,0.0541,4973.45,5471.56,5555.64,6146.8
Copy of IMG00417.JPG,conductor,1,0.0533,4887.93,4764.74,5485.56,5355.64
Copy of IMG00417.JPG,conductor,1,0.0531,3507.96,4884.04,3925.7,6110.26
Copy of IMG00417.JPG,conductor,1,0.0527,4898.41,4640.76,5419.07,5494.06
Copy of IMG00164.JPG,insulator,2,0.8981,4641.34,2174.06,4909.99,2423.14
Copy of IMG00164.JPG,insulator,2,0.8013,4993.47,2544.36,5236.37,2779.03
Copy of IMG00164.JPG,insulator,2,0.6695,4271.12,2506.99,4489.39,2718.29
Copy of IMG00164.JPG,conductor,1,0.1797,4059.85,2742.12,5042.99,6253.21
Copy of IMG00164.JPG,conductor,1,0.1358,4288.67,2805.52,4501.07,3334.2
Copy of IMG00164.JPG,pylon,0,0.1293,4051.51,2749.33,4926.97,6264.55
Copy of IMG00164.JPG,conductor,1,0.1253,4070.81,3336.4,4887.8,6278.86
Copy of IMG00164.JPG,conductor,1,0.1157,5004.15,2734.37,5263.39,3477.2
Copy of IMG00164.JPG,insulator,2,0.113,4527.69,32.39,4797.06,354.01
Copy of IMG00164.JPG,conductor,1,0.0821,4820.63,3181.42,5677.79,6241.8
Copy of IMG00164.JPG,conductor,1,0.0694,5814.18,3063.81,7747.73,6203.12
Copy of IMG00164.JPG,conductor,1,0.0657,4255.65,2816.68,4521.1,3426.29
Copy of IMG00164.JPG,conductor,1,0.0652,801.61,2967.14,1863.79,6263.8
Copy of IMG00164.JPG,conductor,1,0.0628,4489.74,717.65,4992.21,1877.99
Copy of IMG00164.JPG,conductor,1,0.0615,4944.54,2794.15,5254.65,3630.98
Copy of IMG00421.JPG,insulator,2,0.8412,5198.08,2858.35,5532.45,3194.1
Copy of IMG00421.JPG,pylon,0,0.7978,4373.05,2930.27,4882.35,6276.33
Copy of IMG00421.JPG,insulator,2,0.7419,4602.24,2256.86,4945.2,2580.15
Copy of IMG00421.JPG,insulator,2,0.7074,4025.8,2516.59,4316.11,2900.81
Copy of IMG00421.JPG,conductor,1,0.6919,3616.15,5124.2,4372.19,6253.39
Copy of IMG00421.JPG,conductor,1,0.4752,2146.89,5535.97,2702.43,6192.24
Copy of IMG00421.JPG,insulator,2,0.3893,4504.97,2741.55,4734.77,2950.52
Copy of IMG00421.JPG,conductor,1,0.3423,4836.85,3304.64,5276.29,3920.97
Copy of IMG00421.JPG,conductor,1,0.3316,8266.98,2895.95,8898.57,3288.26
Copy of IMG00421.JPG,conductor,1,0.3274,2695.3,5632.77,3145.47,6248.53
Copy of IMG00421.JPG,conductor,1,0.2836,8268.24,2969.76,9009.92,3297.94
Copy of IMG00421.JPG,conductor,1,0.2565,4943.31,1494.99,5393.02,2011.72
Copy of IMG00421.JPG,conductor,1,0.2541,6162.1,53.63,7046.77,1451.25
Copy of IMG00421.JPG,conductor,1,0.2489,3058.38,3309.94,3831.82,4151.43
Copy of IMG00421.JPG,conductor,1,0.2163,5527.96,1864.54,6163.14,2479.05
Copy of IMG00421.JPG,conductor,1,0.192,4915.87,3274.4,5313.63,3853.83
Copy of IMG00421.JPG,conductor,1,0.1834,4903.34,1675.82,5271.24,2044.23
Copy of IMG00421.JPG,conductor,1,0.1735,7386.72,2488.06,8535.75,2895.98
Copy of IMG00421.JPG,conductor,1,0.1685,3896.61,3410.36,4298.17,4045.46
Copy of IMG00421.JPG,conductor,1,0.1663,5540.93,2003.09,6087.33,2429.18
Copy of IMG00421.JPG,conductor,1,0.1612,2704.3,5539.72,3250.74,6219.2
Copy of IMG00421.JPG,conductor,1,0.1606,4934.79,1618.79,5342.1,2025.92
Copy of IMG00421.JPG,conductor,1,0.1461,2139.95,5635.08,2646.95,6263.25
Copy of IMG00421.JPG,conductor,1,0.1299,3727.11,5071.48,4397.01,5961.62
Copy of IMG00421.JPG,conductor,1,0.1194,2946.58,4890.72,3551.37,5618.54
Copy of IMG00421.JPG,conductor,1,0.113,4630.12,1173.91,5112.87,1688.45
Copy of IMG00421.JPG,conductor,1,0.112,8300.92,2863.36,8849.66,3212.59
Copy of IMG00421.JPG,pylon_fissure,3,0.1066,4490.88,5124.16,4640.7,6292.04
Copy of IMG00421.JPG,conductor,1,0.1061,4124.91,3148.24,4471.82,3641.67
Copy of IMG00421.JPG,conductor,1,0.0972,4179.82,3096.26,4474.97,3560.03
Copy of IMG00421.JPG,pylon_fissure,3,0.0965,4495.93,4756.4,4653.47,6288.54
Copy of IMG00421.JPG,conductor,1,0.0804,5035.55,1405.98,5440.5,1825.94
Copy of IMG00421.JPG,conductor,1,0.0784,4025.78,3259.5,4388.24,3738.78
Copy of IMG00421.JPG,conductor,1,0.0783,4084.98,3198.04,4429.64,3673.95
Copy of IMG00421.JPG,conductor,1,0.0758,4869.27,1724.6,5242.99,2088.47
Copy of IMG00421.JPG,conductor,1,0.075,3789.85,4966.64,4443.93,5742.92
Copy of IMG00421.JPG,conductor,1,0.0748,7635.72,2489.72,8471.06,2841.85
Copy of IMG00421.JPG,conductor,1,0.0728,2899.07,5146.5,3482.98,5742.96
Copy of IMG00421.JPG,conductor,1,0.0728,8878.98,3303.59,9388.06,3586.78
Copy of IMG00421.JPG,conductor,1,0.0704,8986.92,3390.56,9501.64,3752.22
Copy of IMG00421.JPG,conductor,1,0.0702,3067.1,4816.38,3635.44,5481.78
Copy of IMG00421.JPG,conductor,1,0.0685,7886.21,2575.94,8585.27,2886.83
Copy of IMG00421.JPG,conductor,1,0.0644,4215.72,3058.39,4474.43,3491.12
Copy of IMG00421.JPG,conductor,1,0.0641,4632.01,1374.73,5024.76,1749.88
Copy of IMG00421.JPG,conductor,1,0.0636,7690.29,2542.99,8563.73,2878.95
Copy of IMG00421.JPG,conductor,1,0.0615,3198.27,3305.76,3871.83,3855.34
Copy of IMG00421.JPG,conductor,1,0.0593,4703.38,1155.66,5140.26,1542.47
Copy of IMG00421.JPG,conductor,1,0.0586,5370.13,0.0,6288.95,922.78
Copy of IMG00421.JPG,conductor,1,0.0579,5590.82,1842.01,6131.31,2324.49
Copy of IMG00421.JPG,conductor,1,0.0579,5518.02,2041.06,6034.73,2522.32
Copy of IMG00421.JPG,conductor,1,0.0578,9010.86,3313.21,9501.64,3826.91
Copy of IMG00421.JPG,conductor,1,0.0564,5650.69,1737.47,6203.82,2180.7
Copy of IMG00421.JPG,conductor,1,0.0554,4603.6,1471.08,4993.89,1776.63
Copy of IMG00421.JPG,conductor,1,0.0548,8043.45,2613.6,8630.91,2897.75
Copy of IMG00421.JPG,conductor,1,0.0543,5660.36,1702.43,6264.66,2101.93
Copy of IMG00421.JPG,conductor,1,0.0534,9125.01,3423.78,9503.71,3791.77
Copy of IMG00421.JPG,conductor,1,0.0521,8483.95,3089.44,9119.25,3335.55
Copy of IMG00421.JPG,conductor,1,0.0506,4618.34,1278.2,5069.23,1717.13
Copy of IMG00421.JPG,conductor,1,0.0504,2183.24,5406.7,2788.84,5978.88
Copy of IMG03394.JPG,insulator,2,0.6298,6734.93,4182.9,7218.99,4744.19
Copy of IMG03394.JPG,pylon,0,0.5328,4049.63,3216.73,4552.65,5339.09
Copy of IMG03394.JPG,conductor,1,0.3512,8373.42,4207.32,9490.33,4816.7
Copy of IMG03394.JPG,insulator,2,0.3216,6103.79,4197.93,6459.61,4501.74
Copy of IMG03394.JPG,pylon,0,0.3065,4031.49,3165.12,4785.67,5325.35
Copy of IMG03394.JPG,conductor,1,0.2913,6232.86,5535.71,7113.04,6259.84
Copy of IMG03394.JPG,insulator,2,0.2502,2963.85,2083.11,3385.54,2437.48
Copy of IMG03394.JPG,insulator,2,0.2501,7363.81,3836.81,7668.35,4149.59
Copy of IMG03394.JPG,conductor,1,0.2381,5217.01,4291.37,6169.95,5194.76
Copy of IMG03394.JPG,conductor,1,0.2345,8967.84,4618.38,9504.0,5560.27
Copy of IMG03394.JPG,pylon,0,0.2009,4527.58,3157.41,4953.56,5265.13
Copy of IMG03394.JPG,conductor,1,0.1713,5828.85,4941.12,6929.81,5898.41
Copy of IMG03394.JPG,conductor,1,0.1712,2.16,693.25,352.87,1086.6
Copy of IMG03394.JPG,conductor,1,0.1368,2125.73,44.43,2991.97,1732.53
Copy of IMG03394.JPG,conductor,1,0.1286,275.46,1089.79,793.88,1479.7
Copy of IMG03394.JPG,conductor,1,0.1199,3460.75,115.13,4382.9,2144.47
Copy of IMG03394.JPG,insulator,2,0.1019,7367.81,3772.56,7764.49,4141.62
Copy of IMG03394.JPG,conductor,1,0.0998,5921.58,5070.84,7050.18,6215.69
Copy of IMG03394.JPG,pylon,0,0.0948,4184.17,3129.45,4940.08,5297.75
Copy of IMG03394.JPG,conductor,1,0.0757,0.47,808.06,308.97,1159.36
Copy of IMG03394.JPG,conductor,1,0.0731,6361.82,5648.63,7180.73,6286.01
Copy of IMG03394.JPG,conductor,1,0.0729,2.67,535.39,365.74,1049.3
Copy of IMG03394.JPG,conductor,1,0.0659,3.22,221.69,383.39,1006.84
Copy of IMG03394.JPG,insulator,2,0.063,4883.59,2567.48,5140.66,2796.01
Copy of IMG03394.JPG,insulator,2,0.0621,7585.03,3733.89,7952.81,4054.57
Copy of IMG03394.JPG,conductor,1,0.0603,8899.91,4463.92,9504.0,5265.42
Copy of IMG03394.JPG,conductor,1,0.0602,6076.52,2901.14,7290.04,3539.26
Copy of IMG03394.JPG,conductor,1,0.0519,5440.67,2669.81,6183.63,3065.83
Copy of IMG03394.JPG,conductor,1,0.0514,613.54,1182.0,1363.35,1609.02
Copy of IMG03394.JPG,conductor,1,0.0509,6053.97,2916.86,7039.76,3479.24
Copy of IMG03394.JPG,conductor,1,0.0501,8571.31,4296.96,9492.48,4880.83
Copy of IMG03480.JPG,pylon,0,0.8318,4290.75,3493.7,4940.02,6195.17
Copy of IMG03480.JPG,pylon,0,0.8036,5146.24,4323.62,5794.51,6283.63
Copy of IMG03480.JPG,conductor,1,0.6091,7352.2,3980.57,8918.62,4536.37
Copy of IMG03480.JPG,insulator,2,0.5793,5942.46,2859.46,6188.24,3130.28
Copy of IMG03480.JPG,insulator,2,0.56,4759.86,2877.47,5091.4,3092.71
Copy of IMG03480.JPG,conductor,1,0.4311,1813.04,1815.31,2892.1,2434.29
Copy of IMG03480.JPG,insulator,2,0.4103,5599.16,2800.94,5872.04,3031.79
Copy of IMG03480.JPG,conductor,1,0.3897,6440.18,3184.58,7460.5,3731.44
Copy of IMG03480.JPG,conductor,1,0.3479,7441.3,3451.27,9487.61,4084.85
Copy of IMG03480.JPG,insulator,2,0.3464,5039.02,3144.2,5307.44,3394.48
Copy of IMG03480.JPG,conductor,1,0.3414,7.49,4225.86,4024.63,4878.06
Copy of IMG03480.JPG,insulator,2,0.2218,5911.63,3121.91,6127.42,3277.31
Copy of IMG03480.JPG,insulator,2,0.1986,4176.41,4209.98,4469.53,4448.14
Copy of IMG03480.JPG,insulator,2,0.1815,5734.48,3120.58,6010.68,3320.18
Copy of IMG03480.JPG,conductor,1,0.1754,6354.64,3591.17,7283.55,4005.61
Copy of IMG03480.JPG,conductor,1,0.1555,7150.03,3607.42,9310.58,4161.73
Copy of IMG03480.JPG,insulator,2,0.1402,5020.88,3184.36,5270.08,3385.0
Copy of IMG03480.JPG,insulator,2,0.1363,1.16,3377.12,148.75,3649.2
Copy of IMG03480.JPG,conductor,1,0.1346,7713.25,3986.36,9058.83,4562.37
Copy of IMG03480.JPG,conductor,1,0.1178,6373.08,3352.33,7382.92,4025.56
Copy of IMG03480.JPG,insulator,2,0.1135,3050.68,2633.1,3332.53,2909.55
Copy of IMG03480.JPG,pylon,0,0.1121,942.27,796.57,1215.06,2517.82
Copy of IMG03480.JPG,insulator,2,0.1041,1036.85,3774.34,1336.78,4007.46
Copy of IMG03480.JPG,insulator,2,0.0978,4692.77,4021.76,4962.52,4247.1
Copy of IMG03480.JPG,insulator,2,0.0937,8726.78,1748.68,8912.54,1946.02
Copy of IMG03480.JPG,insulator,2,0.0896,1607.27,3790.23,1952.9,4023.36
Copy of IMG03480.JPG,insulator,2,0.0885,3894.98,3037.55,4087.14,3261.1
Copy of IMG03480.JPG,insulator,2,0.0871,5057.1,3117.53,5341.45,3372.64
Copy of IMG03480.JPG,conductor,1,0.0854,8043.81,4100.29,9032.88,4567.08
Copy of IMG03480.JPG,conductor,1,0.0822,6941.81,3209.42,8609.04,3666.78
Copy of IMG03480.JPG,conductor,1,0.0802,7114.19,3642.19,9289.0,4353.58
Copy of IMG03480.JPG,insulator,2,0.0802,0.0,3429.11,246.71,3645.87
Copy of IMG03480.JPG,conductor,1,0.0703,7075.87,3278.21,9237.14,3717.31
Copy of IMG03480.JPG,conductor,1,0.068,1836.35,1786.19,2719.66,2291.34
Copy of IMG03480.JPG,conductor,1,0.0675,8543.42,4248.6,9500.62,4695.76
Copy of IMG03480.JPG,conductor,1,0.0661,8132.32,2221.77,8644.04,2590.43
Copy of IMG03480.JPG,insulator,2,0.0623,5394.59,4184.12,5612.68,4333.02
Copy of IMG03480.JPG,conductor,1,0.0622,8179.33,4133.24,9168.67,4587.95
Copy of IMG03480.JPG,conductor,1,0.0621,6806.02,4132.68,7638.63,4541.8
Copy of IMG03480.JPG,insulator,2,0.061,4707.52,3744.15,4981.91,3982.21
Copy of IMG03480.JPG,insulator,2,0.0602,4150.17,4162.84,4430.79,4471.89
Copy of IMG03480.JPG,conductor,1,0.0594,455.94,4340.28,2788.24,4727.63
Copy of IMG03480.JPG,conductor,1,0.0584,7018.47,3872.43,9103.71,4531.26
Copy of IMG03480.JPG,insulator,2,0.0583,4000.2,3029.43,4166.81,3225.23
Copy of IMG03480.JPG,conductor,1,0.0576,8285.87,4165.82,9424.75,4623.86
Copy of IMG03480.JPG,insulator,2,0.0561,5068.2,3039.47,5312.58,3199.76
Copy of IMG03480.JPG,insulator,2,0.0539,6284.4,2831.33,6604.83,3107.37
Copy of IMG03480.JPG,insulator,2,0.0536,4126.83,3042.97,4329.64,3202.34
Copy of IMG00456.JPG,insulator,2,0.793,5339.61,3022.71,5643.83,3394.17
Copy of IMG00456.JPG,insulator,2,0.7826,4789.7,2941.9,5020.2,3284.42
Copy of IMG00456.JPG,insulator,2,0.6962,4194.97,3158.37,4500.97,3510.21
Copy of IMG00456.JPG,conductor,1,0.6555,5041.17,4295.94,5880.68,5568.52
Copy of IMG00456.JPG,conductor,1,0.3761,5941.8,5678.54,6578.11,6301.42
Copy of IMG00456.JPG,conductor,1,0.3271,6822.13,5660.63,7303.32,6261.85
Copy of IMG00456.JPG,conductor,1,0.2383,7363.89,5550.5,8070.83,6290.66
Copy of IMG00456.JPG,conductor,1,0.2319,5678.29,5375.38,6350.83,6222.53
Copy of IMG00456.JPG,conductor,1,0.1926,5602.76,3439.6,6343.76,4254.46
Copy of IMG00456.JPG,conductor,1,0.1752,5649.2,3638.91,7289.28,5351.44
Copy of IMG00456.JPG,conductor,1,0.1672,5150.56,3494.35,5521.0,4022.44
Copy of IMG00456.JPG,conductor,1,0.1547,5150.54,4708.79,5939.81,5622.42
Copy of IMG00456.JPG,conductor,1,0.1351,4922.85,4158.03,5763.43,5485.16
Copy of IMG00456.JPG,conductor,1,0.1333,4746.78,3438.39,5011.33,4007.99
Copy of IMG00456.JPG,conductor,1,0.1286,6962.69,5090.16,7646.75,5689.39
Copy of IMG00456.JPG,conductor,1,0.1228,5832.97,5542.52,6506.07,6282.78
Copy of IMG00456.JPG,conductor,1,0.1134,8801.77,697.71,9243.39,999.3
Copy of IMG00456.JPG,conductor,1,0.1023,6337.6,5017.11,6821.57,5633.76
Copy of IMG00456.JPG,conductor,1,0.0971,5303.4,4818.5,6002.01,5654.66
Copy of IMG00456.JPG,conductor,1,0.0968,5585.73,3434.74,6210.43,4069.44
Copy of IMG00456.JPG,conductor,1,0.093,5631.14,5303.8,6249.27,5974.75
Copy of IMG00456.JPG,conductor,1,0.093,5134.41,3468.48,5452.2,3952.9
Copy of IMG00456.JPG,conductor,1,0.0922,5196.99,3549.24,5608.15,4077.55
Copy of IMG00456.JPG,conductor,1,0.0874,4664.05,3433.54,5061.54,5413.63
Copy of IMG00456.JPG,conductor,1,0.086,6448.9,5212.62,6913.27,5732.76
Copy of IMG00456.JPG,conductor,1,0.0857,6765.2,5586.48,7264.51,6173.54
Copy of IMG00456.JPG,conductor,1,0.0797,6519.32,3270.87,8062.72,4076.55
Copy of IMG00456.JPG,conductor,1,0.0726,6487.29,5270.17,6966.07,5787.42
Copy of IMG00456.JPG,conductor,1,0.0708,4753.86,3382.66,5017.73,4249.38
Copy of IMG00456.JPG,conductor,1,0.0683,4705.98,3467.17,5018.43,4111.93
Copy of IMG00456.JPG,conductor,1,0.0656,9100.7,5417.79,9504.0,6055.09
Copy of IMG00456.JPG,conductor,1,0.0645,8718.49,5046.01,9481.22,5604.73
Copy of IMG00456.JPG,conductor,1,0.0644,4426.04,3550.28,4734.56,3989.03
Copy of IMG00456.JPG,conductor,1,0.0618,8893.81,5265.79,9501.68,5883.04
Copy of IMG00456.JPG,conductor,1,0.0586,8774.55,5134.94,9498.84,5766.07
Copy of IMG00456.JPG,conductor,1,0.0549,9168.51,5499.75,9504.0,6161.71
Copy of IMG00456.JPG,conductor,1,0.0548,8850.11,720.13,9273.64,1079.4
Copy of IMG00456.JPG,conductor,1,0.0538,6076.02,4758.71,6621.89,5413.1
Copy of IMG00456.JPG,conductor,1,0.0537,5079.32,3437.42,5393.91,3924.17
Copy of IMG00456.JPG,conductor,1,0.0534,6711.77,3323.42,8273.74,4266.87
Copy of IMG00456.JPG,conductor,1,0.0531,5122.5,4559.63,5837.66,5503.9
Copy of IMG00111.JPG,insulator,2,0.8085,4634.89,2729.59,4951.66,3024.39
Copy of IMG00111.JPG,conductor,1,0.7656,5672.74,4954.94,6381.75,5805.72
Copy of IMG00111.JPG,insulator,2,0.7469,4297.12,3010.45,4611.87,3294.3
Copy of IMG00111.JPG,pylon,0,0.6325,4654.18,3582.37,5100.72,6292.87
Copy of IMG00111.JPG,insulator,2,0.5843,5371.47,2905.15,5682.87,3188.38
Copy of IMG00111.JPG,conductor,1,0.5744,6001.85,4574.15,6637.49,5205.65
Copy of IMG00111.JPG,conductor,1,0.558,5651.99,3287.05,6262.37,3822.55
Copy of IMG00111.JPG,conductor,1,0.4099,6167.63,3796.37,6804.52,4504.16
Copy of IMG00111.JPG,conductor,1,0.393,3157.87,635.57,3617.78,1108.83
Copy of IMG00111.JPG,insulator,2,0.3375,5319.05,2888.32,5665.54,3150.76
Copy of IMG00111.JPG,insulator,2,0.337,5212.2,2711.83,5591.41,3010.88
Copy of IMG00111.JPG,insulator,2,0.2981,5200.36,2711.17,5520.54,2976.86
Copy of IMG00111.JPG,conductor,1,0.2871,6551.94,5167.84,7141.79,5833.33
Copy of IMG00111.JPG,insulator,2,0.2402,4118.35,2835.36,4410.74,3062.36
Copy of IMG00111.JPG,conductor,1,0.2032,5621.44,3194.53,6168.88,3751.06
Copy of IMG00111.JPG,insulator,2,0.2009,4924.76,3025.43,5170.92,3243.34
Copy of IMG00111.JPG,conductor,1,0.164,2808.04,272.28,3257.52,671.14
Copy of IMG00111.JPG,conductor,1,0.1619,5160.43,3334.08,5447.81,3779.01
Copy of IMG00111.JPG,conductor,1,0.15,6602.63,5255.23,7195.66,5885.7
Copy of IMG00111.JPG,conductor,1,0.1484,5598.78,3178.11,6024.99,3603.72
Copy of IMG00111.JPG,conductor,1,0.1437,5611.95,3836.05,6014.35,4364.7
Copy of IMG00111.JPG,conductor,1,0.1421,2751.81,206.65,3122.81,602.41
Copy of IMG00111.JPG,insulator,2,0.1377,4144.63,2881.98,4462.92,3118.31
Copy of IMG00111.JPG,conductor,1,0.1355,5207.02,3808.01,5557.39,6307.01
Copy of IMG00111.JPG,conductor,1,0.132,5239.48,3401.28,5596.04,4464.64
Copy of IMG00111.JPG,conductor,1,0.1246,5958.94,4541.67,6569.33,5107.25
Copy of IMG00111.JPG,conductor,1,0.1221,5162.26,3366.71,5505.56,3832.01
Copy of IMG00111.JPG,conductor,1,0.1179,5617.09,4864.04,6265.27,5719.17
Copy of IMG00111.JPG,conductor,1,0.1179,2511.03,0.0,2876.76,351.86
Copy of IMG00111.JPG,conductor,1,0.1081,5285.26,3565.19,5609.57,4445.19
Copy of IMG00111.JPG,conductor,1,0.1069,2553.72,0.0,2943.07,384.79
Copy of IMG00111.JPG,conductor,1,0.1068,3085.62,558.0,3546.05,1038.12
Copy of IMG00111.JPG,insulator,2,0.1046,5235.6,2774.86,5641.54,3161.35
Copy of IMG00111.JPG,conductor,1,0.1041,2813.18,286.45,3323.45,753.0
Copy of IMG00111.JPG,conductor,1,0.1026,1855.27,198.59,2317.36,699.37
Copy of IMG00111.JPG,conductor,1,0.1002,2248.94,703.94,2736.45,1127.09
Copy of IMG00111.JPG,conductor,1,0.0993,6481.59,5131.0,7062.16,5705.03
Copy of IMG00111.JPG,conductor,1,0.0925,5206.05,3404.81,5545.49,3901.67
Copy of IMG00111.JPG,conductor,1,0.0911,1948.97,318.12,2409.17,804.36
Copy of IMG00111.JPG,conductor,1,0.0907,6070.04,4651.43,6702.33,5256.02
Copy of IMG00111.JPG,conductor,1,0.0888,6105.0,3775.97,6725.5,4417.43
Copy of IMG00111.JPG,conductor,1,0.0861,2850.61,1461.28,3372.35,2073.94
Copy of IMG00111.JPG,conductor,1,0.0853,2553.81,1020.34,2925.5,1426.81
Copy of IMG00111.JPG,conductor,1,0.0826,2292.85,763.5,2737.67,1180.49
Copy of IMG00111.JPG,conductor,1,0.0821,2593.7,1071.67,2971.83,1454.0
Copy of IMG00111.JPG,conductor,1,0.0819,2193.37,656.51,2662.5,1056.38
Copy of IMG00111.JPG,conductor,1,0.0811,2894.12,330.82,3358.93,787.88
Copy of IMG00111.JPG,conductor,1,0.0785,2080.88,514.69,2547.32,950.36
Copy of IMG00111.JPG,conductor,1,0.0778,2363.07,839.26,2792.25,1234.83
Copy of IMG00111.JPG,conductor,1,0.0771,3219.23,1214.86,7869.29,1608.47
Copy of IMG00111.JPG,conductor,1,0.077,2146.78,591.21,2649.22,1006.55
Copy of IMG00111.JPG,conductor,1,0.0763,5312.09,3475.83,5642.24,4232.14
Copy of IMG00111.JPG,conductor,1,0.0747,1827.74,151.03,2260.63,607.97
Copy of IMG00111.JPG,conductor,1,0.0729,1898.27,245.47,2399.25,754.23
Copy of IMG00111.JPG,conductor,1,0.0708,5773.39,5172.8,6390.68,5806.59
Copy of IMG00111.JPG,conductor,1,0.0705,2067.99,0.0,2374.19,266.39
Copy of IMG00111.JPG,conductor,1,0.0703,2956.84,434.39,3426.53,905.01
Copy of IMG00111.JPG,conductor,1,0.0693,2812.47,1395.86,3350.12,1902.39
Copy of IMG00111.JPG,conductor,1,0.0686,6690.54,4619.45,7427.78,5186.55
Copy of IMG00111.JPG,conductor,1,0.0669,6031.83,3733.34,6625.77,4145.37
Copy of IMG00111.JPG,conductor,1,0.0665,2019.54,380.37,2529.2,878.6
Copy of IMG00111.JPG,conductor,1,0.0654,1779.1,55.16,2138.19,452.61
Copy of IMG00111.JPG,conductor,1,0.062,2428.21,893.99,2843.42,1334.76
Copy of IMG00111.JPG,conductor,1,0.0618,5586.8,4819.26,6130.38,5803.76
Copy of IMG00111.JPG,conductor,1,0.061,5747.59,3860.0,6164.55,4468.89
Copy of IMG00111.JPG,conductor,1,0.0596,3007.14,1581.44,3546.15,2154.91
Copy of IMG00111.JPG,insulator,2,0.0575,4990.91,3034.2,5234.12,3254.95
Copy of IMG00111.JPG,conductor,1,0.0566,2881.17,1481.13,3497.5,2192.26
Copy of IMG00111.JPG,conductor,1,0.0563,2644.34,86.24,3084.42,529.29
Copy of IMG00111.JPG,conductor,1,0.0525,2684.24,1159.96,3062.96,1571.12
Copy of IMG00111.JPG,insulator,2,0.052,4717.53,3261.73,4895.16,3474.91
Copy of IMG00105.JPG,pylon,0,0.8259,5018.47,3862.85,5380.01,6278.93
Copy of IMG00105.JPG,insulator,2,0.8101,5518.21,3632.9,5762.85,3920.09
Copy of IMG00105.JPG,insulator,2,0.7863,5048.94,3244.75,5340.7,3530.52
Copy of IMG00105.JPG,insulator,2,0.7628,4632.41,3701.64,4892.6,3970.57
Copy of IMG00105.JPG,conductor,1,0.7454,5409.27,5183.14,6216.89,6202.91
Copy of IMG00105.JPG,conductor,1,0.3121,2846.75,1122.38,3362.36,1699.17
Copy of IMG00105.JPG,conductor,1,0.2856,3401.35,1957.95,4041.7,2692.47
Copy of IMG00105.JPG,conductor,1,0.2833,3648.69,1136.05,4248.97,1770.89
Copy of IMG00105.JPG,conductor,1,0.2646,4100.72,1899.49,4834.72,2479.12
Copy of IMG00105.JPG,conductor,1,0.2601,3237.08,606.03,3777.55,1103.59
Copy of IMG00105.JPG,conductor,1,0.2497,3688.97,1198.13,4349.95,1892.54
Copy of IMG00105.JPG,conductor,1,0.2445,5336.27,4976.54,5960.58,5740.06
Copy of IMG00105.JPG,conductor,1,0.2435,6453.01,5159.94,7373.01,5781.5
Copy of IMG00105.JPG,conductor,1,0.2121,3979.12,2855.16,4514.6,3329.78
Copy of IMG00105.JPG,conductor,1,0.2054,5802.92,4082.12,6605.52,4710.56
Copy of IMG00105.JPG,conductor,1,0.2012,2904.09,1184.25,3406.06,1760.51
Copy of IMG00105.JPG,conductor,1,0.1866,2797.17,1002.01,3335.9,1662.39
Copy of IMG00105.JPG,pylon,0,0.1648,4922.05,3870.57,5441.77,6242.31
Copy of IMG00105.JPG,conductor,1,0.1603,4139.36,1923.89,4906.77,2680.07
Copy of IMG00105.JPG,conductor,1,0.1549,5767.44,4027.24,6520.14,4627.83
Copy of IMG00105.JPG,conductor,1,0.1429,2305.07,338.27,2812.45,903.43
Copy of IMG00105.JPG,conductor,1,0.1407,2084.05,0.0,2495.46,423.58
Copy of IMG00105.JPG,conductor,1,0.1368,6317.83,4891.09,7235.85,5520.81
Copy of IMG00105.JPG,conductor,1,0.1363,2925.72,1243.4,3476.35,1840.45
Copy of IMG00105.JPG,conductor,1,0.1332,5313.94,4918.97,5852.16,5637.74
Copy of IMG00105.JPG,conductor,1,0.1331,6444.25,5246.64,7415.43,5911.82
Copy of IMG00105.JPG,conductor,1,0.1304,3368.82,1927.21,3942.82,2455.1
Copy of IMG00105.JPG,conductor,1,0.1283,2714.71,41.79,3265.16,515.2
Copy of IMG00105.JPG,conductor,1,0.1276,2678.63,915.46,3228.33,1501.74
Copy of IMG00105.JPG,conductor,1,0.1094,3534.4,2153.91,4126.43,2764.92
Copy of IMG00105.JPG,conductor,1,0.1062,2766.63,63.32,3364.23,597.03
Copy of IMG00105.JPG,conductor,1,0.1025,2721.16,978.27,3285.14,1570.76
Copy of IMG00105.JPG,conductor,1,0.098,3633.45,1117.99,4172.17,1605.43
Copy of IMG00105.JPG,conductor,1,0.0966,2653.67,10.45,3190.77,458.72
Copy of IMG00105.JPG,conductor,1,0.0914,3896.42,2701.74,4443.29,3197.76
Copy of IMG00105.JPG,conductor,1,0.0907,3950.65,2761.97,4482.49,3262.51
Copy of IMG00105.JPG,conductor,1,0.0901,5481.24,5424.64,6216.77,6218.58
Copy of IMG00105.JPG,conductor,1,0.0899,3205.09,579.33,3673.9,961.05
Copy of IMG00105.JPG,conductor,1,0.088,3190.93,1613.31,3688.39,2125.78
Copy of IMG00105.JPG,conductor,1,0.0822,2624.82,857.36,3155.81,1397.08
Copy of IMG00105.JPG,conductor,1,0.082,4195.09,2003.83,4817.25,2520.09
Copy of IMG00105.JPG,conductor,1,0.0781,2961.15,1329.9,3504.71,1924.79
Copy of IMG00105.JPG,insulator,2,0.0757,5485.05,3789.06,5719.09,3989.68
Copy of IMG00105.JPG,conductor,1,0.0742,3729.55,2398.01,4295.76,2967.33
Copy of IMG00105.JPG,conductor,1,0.072,3853.53,2610.21,4353.85,3074.25
Copy of IMG00105.JPG,conductor,1,0.071,3754.55,1313.09,4363.12,1843.65
Copy of IMG00105.JPG,conductor,1,0.0697,6083.65,4590.73,7030.24,5311.42
Copy of IMG00105.JPG,conductor,1,0.069,5360.71,5067.83,6086.96,5955.26
Copy of IMG00105.JPG,conductor,1,0.069,2557.34,0.0,3143.2,408.7
Copy of IMG00105.JPG,conductor,1,0.0656,2845.46,195.46,3434.95,644.44
Copy of IMG00105.JPG,conductor,1,0.0644,5859.9,4163.7,6579.71,4636.69
Copy of IMG00105.JPG,conductor,1,0.0619,3358.12,794.75,3890.35,1238.05
Copy of IMG00105.JPG,conductor,1,0.0589,6230.21,4745.68,7141.3,5426.08
Copy of IMG00105.JPG,conductor,1,0.0585,4094.16,2946.06,4551.21,3325.03
Copy of IMG00105.JPG,conductor,1,0.0579,3248.1,1698.93,3823.34,2340.72
Copy of IMG00105.JPG,conductor,1,0.0571,4022.65,2909.14,4594.28,3347.64
Copy of IMG00105.JPG,conductor,1,0.0569,2551.6,772.23,3068.38,1262.75
Copy of IMG00105.JPG,conductor,1,0.0564,6447.58,5120.22,7277.01,5629.15
Copy of IMG00105.JPG,conductor,1,0.0545,6400.63,4947.22,7329.95,5668.21
Copy of IMG00105.JPG,conductor,1,0.0524,5934.75,4515.15,6906.82,5210.06
Copy of IMG00105.JPG,conductor,1,0.0522,3290.61,712.87,3850.53,1164.74
Copy of IMG00105.JPG,conductor,1,0.0522,3042.62,1472.64,3617.73,2027.87
Copy of IMG00105.JPG,conductor,1,0.0519,5721.59,3959.33,6117.68,4367.49
Copy of IMG00105.JPG,conductor,1,0.0516,3788.29,1376.4,4466.09,2020.46
Copy of IMG00105.JPG,conductor,1,0.0512,5774.21,4116.22,6632.3,4952.74
Copy of IMG00105.JPG,conductor,1,0.0511,4080.09,1867.96,4735.24,2325.67
Copy of IMG00105.JPG,conductor,1,0.051,5823.61,4228.64,6750.79,4988.62
Copy of IMG00105.JPG,conductor,1,0.0509,3283.02,1821.98,3859.77,2381.69
Copy of IMG00105.JPG,conductor,1,0.0506,3591.93,1039.48,4135.45,1531.06
Copy of IMG00186.JPG,conductor,1,0.363,0.0,1294.71,3950.51,1725.68
Copy of IMG00186.JPG,pylon,0,0.2807,4030.61,1189.96,4435.43,3433.37
Copy of IMG00186.JPG,insulator,2,0.2291,5035.0,5228.76,5524.28,5675.12
Copy of IMG00186.JPG,conductor,1,0.0635,7737.01,3665.6,9496.8,4364.43
Copy of IMG00186.JPG,conductor,1,0.0613,0.0,1359.99,3183.21,1771.18
Copy of IMG00186.JPG,conductor,1,0.0582,782.81,3474.3,5165.08,3986.4
Copy of IMG00186.JPG,insulator,2,0.0542,7799.53,3577.36,8204.42,3893.43
Copy of IMG00186.JPG,conductor,1,0.0518,25.27,1208.41,3774.79,1616.54
Copy of IMG03402.JPG,conductor,1,0.7455,7268.44,3694.4,9504.0,4796.61
Copy of IMG03402.JPG,insulator,2,0.6934,6558.79,2223.15,6986.91,2610.3
Copy of IMG03402.JPG,conductor,1,0.6804,7577.01,2380.19,9504.0,3385.83
Copy of IMG03402.JPG,pylon,0,0.5753,4757.71,4349.03,5755.1,6336.0
Copy of IMG03402.JPG,insulator,2,0.5398,6425.28,3677.67,6739.38,4031.09
Copy of IMG03402.JPG,insulator,2,0.4659,6770.86,3778.58,7099.37,4164.13
Copy of IMG03402.JPG,insulator,2,0.3919,5776.2,3454.99,6110.56,3743.24
Copy of IMG03402.JPG,conductor,1,0.3259,8610.42,5266.58,9504.0,5870.53
Copy of IMG03402.JPG,insulator,2,0.3196,3589.99,3820.96,3994.2,4134.38
Copy of IMG03402.JPG,insulator,2,0.2794,5453.67,3742.53,5777.66,4052.1
Copy of IMG03402.JPG,insulator,2,0.2651,6465.09,2219.43,6874.85,2592.02
Copy of IMG03402.JPG,conductor,1,0.2641,8104.88,5801.36,9500.15,6336.0
Copy of IMG03402.JPG,conductor,1,0.2395,8.46,3560.33,1806.95,5465.74
Copy of IMG03402.JPG,insulator,2,0.2277,7009.13,2391.09,7404.92,2716.21
Copy of IMG03402.JPG,insulator,2,0.1976,5826.01,3425.21,6162.37,3730.34
Copy of IMG03402.JPG,conductor,1,0.1866,193.77,2922.37,2088.34,3705.77
Copy of IMG03402.JPG,insulator,2,0.162,4826.28,3262.77,5177.3,3558.57
Copy of IMG03402.JPG,insulator,2,0.1565,5415.69,3776.93,5759.45,4118.35
Copy of IMG03402.JPG,insulator,2,0.1411,4601.64,4358.16,4949.31,4578.93
Copy of IMG03402.JPG,conductor,1,0.1302,6362.46,2784.67,6990.98,3377.96
Copy of IMG03402.JPG,conductor,1,0.128,7516.09,3968.81,9502.53,4919.12
Copy of IMG03402.JPG,insulator,2,0.1225,6298.65,3648.68,6595.44,3980.92
Copy of IMG03402.JPG,insulator,2,0.106,5444.97,3476.93,5710.0,3747.49
Copy of IMG03402.JPG,conductor,1,0.104,5803.32,919.19,7114.73,1644.08
Copy of IMG03402.JPG,conductor,1,0.0904,8053.28,4052.32,9504.0,4986.42
Copy of IMG03402.JPG,insulator,2,0.0901,5492.21,3600.43,5749.97,3896.77
Copy of IMG03402.JPG,conductor,1,0.0824,7057.49,5485.44,8724.98,6214.03
Copy of IMG03402.JPG,insulator,2,0.0755,5453.04,3572.25,5731.53,3868.54
Copy of IMG03402.JPG,conductor,1,0.0719,7767.02,1049.1,8605.99,1570.02
Copy of IMG03402.JPG,conductor,1,0.0705,8444.62,5160.66,9503.02,5838.09
Copy of IMG03402.JPG,conductor,1,0.0681,7848.01,5706.17,9460.31,6336.0
Copy of IMG03402.JPG,insulator,2,0.0667,5534.94,4317.02,6061.52,4684.2
Copy of IMG03402.JPG,conductor,1,0.0664,425.89,2952.05,2247.42,3814.78
Copy of IMG03402.JPG,insulator,2,0.0649,5731.92,3471.26,6036.53,3766.97
Copy of IMG03402.JPG,conductor,1,0.0632,9081.31,1334.38,9504.0,2035.99
Copy of IMG03402.JPG,conductor,1,0.0606,8206.51,1237.97,9198.0,1963.59
Copy of IMG03402.JPG,insulator,2,0.0585,6239.41,3631.44,6502.86,3976.94
Copy of IMG03402.JPG,conductor,1,0.0543,7583.77,5619.72,9133.98,6180.07
Copy of IMG03402.JPG,insulator,2,0.0521,5691.3,3482.52,5966.41,3788.68
Copy of IMG03402.JPG,conductor,1,0.0512,8629.14,5844.85,9504.0,6336.0
Copy of IMG03402.JPG,conductor,1,0.0509,6744.6,5386.46,8561.02,6176.02
Copy of IMG03402.JPG,conductor,1,0.0504,8704.63,5413.14,9504.0,5935.29
Copy of IMG03420.JPG,pylon,0,0.8387,5947.88,2175.29,6547.54,5465.56
Copy of IMG03420.JPG,conductor,1,0.7324,4290.01,2461.14,5820.49,3163.67
Copy of IMG03420.JPG,conductor,1,0.7303,2364.41,2996.18,4483.48,4076.4
Copy of IMG03420.JPG,conductor,1,0.6176,6712.62,1270.72,7663.81,1587.91
Copy of IMG03420.JPG,conductor,1,0.5633,7091.31,1584.4,8577.68,2086.01
Copy of IMG03420.JPG,conductor,1,0.5352,1.63,4041.77,1257.97,5176.64
Copy of IMG03420.JPG,conductor,1,0.5335,401.61,3731.33,2562.67,4797.33
Copy of IMG03420.JPG,insulator,2,0.4204,6768.14,1850.81,6980.85,2153.61
Copy of IMG03420.JPG,conductor,1,0.4181,2830.69,2150.68,4001.17,2573.33
Copy of IMG03420.JPG,conductor,1,0.3333,3939.36,1694.48,5392.01,2095.14
Copy of IMG03420.JPG,conductor,1,0.297,8064.69,1054.39,8929.39,1323.09
Copy of IMG03420.JPG,conductor,1,0.2907,7993.33,1056.56,9032.38,1373.66
Copy of IMG03420.JPG,conductor,1,0.2714,1428.77,2567.91,2882.54,3012.28
Copy of IMG03420.JPG,conductor,1,0.2551,13.15,3264.82,1100.81,3615.02
Copy of IMG03420.JPG,conductor,1,0.2439,7919.66,1079.42,8822.77,1342.2
Copy of IMG03420.JPG,insulator,2,0.2346,6319.18,1441.57,6530.41,1623.45
Copy of IMG03420.JPG,conductor,1,0.2291,3828.64,1754.81,5055.64,2219.89
Copy of IMG03420.JPG,conductor,1,0.2263,6706.41,1328.52,7506.81,1565.63
Copy of IMG03420.JPG,conductor,1,0.2117,2638.89,2184.27,3979.22,2661.08
Copy of IMG03420.JPG,conductor,1,0.2079,2.47,3669.47,412.68,4122.16
Copy of IMG03420.JPG,conductor,1,0.2053,4193.05,1659.02,5411.24,2040.46
Copy of IMG03420.JPG,conductor,1,0.1891,14.71,3228.96,1287.1,3765.3
Copy of IMG03420.JPG,conductor,1,0.1833,7298.79,1511.3,9082.06,2047.88
Copy of IMG03420.JPG,conductor,1,0.1688,4080.56,2338.46,4730.12,2595.95
Copy of IMG03420.JPG,insulator,2,0.167,6203.1,1787.51,6449.39,2143.72
Copy of IMG03420.JPG,conductor,1,0.1623,4429.1,2511.55,5648.97,3057.93
Copy of IMG03420.JPG,conductor,1,0.1426,7710.27,1482.12,9132.93,1916.1
Copy of IMG03420.JPG,conductor,1,0.1407,4553.82,2116.48,5210.53,2393.0
Copy of IMG03420.JPG,conductor,1,0.1403,7601.13,1123.81,8306.76,1354.07
Copy of IMG03420.JPG,conductor,1,0.1384,2998.95,2108.83,4054.96,2515.26
Copy of IMG03420.JPG,conductor,1,0.1322,3773.89,1886.85,4725.19,2251.61
Copy of IMG03420.JPG,conductor,1,0.1278,2254.72,3230.64,4068.09,4109.51
Copy of IMG03420.JPG,conductor,1,0.1266,1654.12,2548.96,2916.77,2925.75
Copy of IMG03420.JPG,conductor,1,0.1236,3.21,3765.09,793.44,4090.95
Copy of IMG03420.JPG,conductor,1,0.1212,7745.75,1104.19,8577.37,1338.79
Copy of IMG03420.JPG,conductor,1,0.1132,3945.57,2344.03,4630.18,2600.68
Copy of IMG03420.JPG,conductor,1,0.1111,4578.79,2483.37,5825.87,2970.67
Copy of IMG03420.JPG,conductor,1,0.1038,69.98,3314.38,1165.84,3701.64
Copy of IMG03420.JPG,conductor,1,0.1006,8867.82,1378.05,9500.98,1786.32
Copy of IMG03420.JPG,conductor,1,0.0981,7582.65,1161.88,8222.81,1402.13
Copy of IMG03420.JPG,conductor,1,0.0945,411.22,3827.89,2403.32,4617.23
Copy of IMG03420.JPG,conductor,1,0.0945,65.51,3202.73,1289.03,3540.19
Copy of IMG03420.JPG,conductor,1,0.0944,4679.36,2069.09,5450.47,2381.34
Copy of IMG03420.JPG,pylon,0,0.0915,5876.52,2183.74,6655.71,6043.95
Copy of IMG03420.JPG,conductor,1,0.0913,4992.18,2381.84,5920.8,2834.95
Copy of IMG03420.JPG,conductor,1,0.0912,1932.27,3050.37,2710.38,3329.11
Copy of IMG03420.JPG,conductor,1,0.0911,7427.46,1626.6,8447.62,1983.97
Copy of IMG03420.JPG,conductor,1,0.0907,9131.47,920.32,9503.58,1158.49
Copy of IMG03420.JPG,conductor,1,0.0891,1084.77,2821.61,2267.25,3228.97
Copy of IMG03420.JPG,conductor,1,0.0889,748.91,3593.08,2681.53,4701.43
Copy of IMG03420.JPG,conductor,1,0.0875,7709.14,1184.86,8251.08,1382.47
Copy of IMG03420.JPG,conductor,1,0.0869,47.16,4101.84,1254.86,4705.3
Copy of IMG03420.JPG,conductor,1,0.0842,1332.84,2674.1,2660.01,3109.78
Copy of IMG03420.JPG,conductor,1,0.0829,302.6,3495.13,1155.95,3790.69
Copy of IMG03420.JPG,conductor,1,0.0816,867.09,2831.91,2162.47,3347.65
Copy of IMG03420.JPG,conductor,1,0.0812,8194.37,1091.2,8896.63,1361.28
Copy of IMG03420.JPG,conductor,1,0.0802,1.14,3320.23,691.57,3673.03
Copy of IMG03420.JPG,conductor,1,0.0796,3863.43,2358.35,4507.49,2615.29
Copy of IMG03420.JPG,conductor,1,0.0773,2534.11,2934.54,4525.8,3804.09
Copy of IMG03420.JPG,conductor,1,0.0768,760.81,3043.52,1631.43,3386.85
Copy of IMG03420.JPG,conductor,1,0.0765,8009.0,1442.96,9388.58,1858.39
Copy of IMG03420.JPG,conductor,1,0.0758,9040.74,977.04,9501.91,1186.23
Copy of IMG03420.JPG,conductor,1,0.0758,8282.88,1490.19,9125.07,1786.89
Copy of IMG03420.JPG,conductor,1,0.0756,1836.31,2498.18,3278.57,2872.75
Copy of IMG03420.JPG,conductor,1,0.0753,7044.45,1817.29,7698.71,2145.62
Copy of IMG03420.JPG,conductor,1,0.0752,103.28,3417.89,1186.68,3759.07
Copy of IMG03420.JPG,conductor,1,0.0711,3.07,3608.14,571.55,4127.46
Copy of IMG03420.JPG,conductor,1,0.071,0.13,3732.31,281.29,4182.16
Copy of IMG03420.JPG,conductor,1,0.0699,2016.29,2422.44,3457.58,2778.64
Copy of IMG03420.JPG,conductor,1,0.0695,1788.93,3281.39,3588.27,4201.95
Copy of IMG03420.JPG,conductor,1,0.0679,7241.1,1651.15,8369.39,2006.72
Copy of IMG03420.JPG,conductor,1,0.0666,1.51,3574.88,354.71,4055.26
Copy of IMG03420.JPG,conductor,1,0.0666,924.69,2740.55,2304.77,3296.63
Copy of IMG03420.JPG,conductor,1,0.0655,2400.38,2341.02,3625.16,2698.75
Copy of IMG03420.JPG,conductor,1,0.0651,4151.59,2543.72,5697.43,3233.2
Copy of IMG03420.JPG,conductor,1,0.0626,4385.55,2130.25,5152.91,2463.77
Copy of IMG03420.JPG,conductor,1,0.0619,4368.45,1655.97,5465.33,1975.06
Copy of IMG03420.JPG,insulator,2,0.0612,5695.17,1478.23,5946.08,1687.04
Copy of IMG03420.JPG,conductor,1,0.061,8353.29,1458.15,9183.18,1746.93
Copy of IMG03420.JPG,conductor,1,0.0606,7853.33,1172.13,8410.01,1377.73
Copy of IMG03420.JPG,conductor,1,0.0598,9187.66,876.62,9504.0,1121.7
Copy of IMG03420.JPG,conductor,1,0.0595,783.33,2930.58,1977.1,3335.14
Copy of IMG03420.JPG,conductor,1,0.0593,7639.63,1260.99,8169.22,1474.85
Copy of IMG03420.JPG,conductor,1,0.058,2539.84,2305.1,3718.2,2664.0
Copy of IMG03420.JPG,conductor,1,0.0574,3391.08,2481.98,3990.52,2716.33
Copy of IMG03420.JPG,conductor,1,0.0569,4216.17,2275.83,4880.16,2548.39
Copy of IMG03420.JPG,conductor,1,0.0568,19.82,4024.46,1513.68,4987.68
Copy of IMG03420.JPG,conductor,1,0.0566,202.26,3563.22,1010.26,3809.42
Copy of IMG03420.JPG,conductor,1,0.0564,2.72,3706.25,530.58,4082.9
Copy of IMG03420.JPG,conductor,1,0.0563,0.89,3362.83,417.58,3751.26
Copy of IMG03420.JPG,insulator,2,0.0562,6092.97,1544.51,6311.96,1723.01
Copy of IMG03420.JPG,conductor,1,0.056,1558.19,2505.98,3159.24,2981.25
Copy of IMG03420.JPG,conductor,1,0.0548,1224.38,2605.44,2916.64,3249.85
Copy of IMG03420.JPG,conductor,1,0.0547,8978.62,1453.94,9503.82,1716.17
Copy of IMG03420.JPG,conductor,1,0.0546,60.1,3891.24,2156.39,4968.29
Copy of IMG03420.JPG,conductor,1,0.0543,738.52,3113.25,1577.16,3430.54
Copy of IMG03420.JPG,conductor,1,0.0542,4281.67,2570.14,5529.15,3106.79
Copy of IMG03420.JPG,conductor,1,0.0535,9001.34,916.78,9499.94,1217.13
Copy of IMG03420.JPG,conductor,1,0.0507,4275.89,2202.16,5031.21,2504.82
Copy of IMG03420.JPG,conductor,1,0.0504,2416.19,2844.68,3176.98,3197.03
Copy of IMG00466.JPG,conductor,1,0.5976,5609.13,3390.95,9504.0,4188.45
Copy of IMG00466.JPG,conductor,1,0.5107,42.6,4007.4,4162.81,4939.51
Copy of IMG00466.JPG,insulator,2,0.4499,4751.81,2804.31,4972.48,3084.08
Copy of IMG00466.JPG,insulator,2,0.4057,4389.15,2862.24,4607.48,3093.07
Copy of IMG00466.JPG,conductor,1,0.2676,5164.18,3201.4,5680.24,5088.13
Copy of IMG00466.JPG,conductor,1,0.2613,43.06,2704.69,4222.63,3369.6
Copy of IMG00466.JPG,pylon,0,0.2317,4498.15,3099.52,5053.27,5297.35
Copy of IMG00466.JPG,conductor,1,0.1707,5135.45,3913.89,5899.06,6268.39
Copy of IMG00466.JPG,insulator,2,0.1684,5107.35,2890.99,5372.76,3155.96
Copy of IMG00466.JPG,conductor,1,0.1601,5444.44,3519.31,9504.0,4314.95
Copy of IMG00466.JPG,conductor,1,0.139,5475.88,2482.45,9504.0,3246.53
Copy of IMG00466.JPG,conductor,1,0.1384,46.46,3481.71,4225.68,4777.65
Copy of IMG00466.JPG,conductor,1,0.1374,5560.66,3134.89,9215.27,4029.71
Copy of IMG00466.JPG,pylon,0,0.1237,4330.04,3078.07,5049.38,6234.73
Copy of IMG00466.JPG,conductor,1,0.1115,5476.1,2623.87,9504.0,3402.83
Copy of IMG00466.JPG,conductor,1,0.0957,5915.73,4993.94,7876.09,5744.59
Copy of IMG00466.JPG,conductor,1,0.0929,0.0,4348.34,4256.74,5073.65
Copy of IMG00466.JPG,conductor,1,0.0821,18.8,2882.36,4245.82,3570.37
Copy of IMG00466.JPG,conductor,1,0.0783,0.0,2461.36,3981.81,3328.73
Copy of IMG00466.JPG,conductor,1,0.0748,5196.34,3204.17,5792.68,6145.95
Copy of IMG00466.JPG,conductor,1,0.0718,0.0,2556.74,4065.31,3570.5
Copy of IMG00466.JPG,conductor,1,0.0648,4166.11,187.02,4681.61,2679.32
Copy of IMG00466.JPG,conductor,1,0.0645,4493.62,3089.37,5049.56,5367.97
Copy of IMG00466.JPG,conductor,1,0.0584,6006.04,4919.18,8483.56,5627.7
Copy of IMG03427.JPG,pylon,0,0.9152,5709.82,3791.05,6295.66,6315.79
Copy of IMG03427.JPG,conductor,1,0.7275,7408.77,3915.62,9504.0,4507.15
Copy of IMG03427.JPG,conductor,1,0.7089,129.67,5158.5,4262.56,6201.32
Copy of IMG03427.JPG,insulator,2,0.6979,6598.72,3999.37,6928.04,4382.86
Copy of IMG03427.JPG,insulator,2,0.6652,5862.29,3240.76,6130.64,3557.96
Copy of IMG03427.JPG,conductor,1,0.6321,6453.4,3165.18,8603.48,3608.49
Copy of IMG03427.JPG,insulator,2,0.5965,5157.84,3223.69,5471.14,3562.01
Copy of IMG03427.JPG,conductor,1,0.5142,271.36,4920.76,4295.11,6021.23
Copy of IMG03427.JPG,pylon,0,0.4995,5715.51,4541.08,6305.03,6307.26
Copy of IMG03427.JPG,insulator,2,0.3827,7079.32,4154.18,7321.7,4395.74
Copy of IMG03427.JPG,conductor,1,0.2673,1740.74,3813.08,3593.74,4343.39
Copy of IMG03427.JPG,conductor,1,0.2315,6427.7,3153.84,7982.79,3581.83
Copy of IMG03427.JPG,conductor,1,0.1824,71.68,4106.45,3158.27,4719.66
Copy of IMG03427.JPG,conductor,1,0.1726,4068.4,4441.6,5591.8,5420.46
Copy of IMG03427.JPG,conductor,1,0.1545,7415.42,3792.62,9504.0,4663.28
Copy of IMG03427.JPG,conductor,1,0.1368,79.89,4012.41,3892.65,5088.31
Copy of IMG03427.JPG,conductor,1,0.1338,3247.19,3549.63,5029.17,4103.9
Copy of IMG03427.JPG,conductor,1,0.1213,963.19,3829.07,3521.04,4378.69
Copy of IMG03427.JPG,conductor,1,0.1157,6816.09,4909.31,7393.74,6336.0
Copy of IMG03427.JPG,conductor,1,0.1012,3523.21,3509.06,4974.91,3887.44
Copy of IMG03427.JPG,conductor,1,0.1009,1.06,4923.47,357.99,5329.82
Copy of IMG03427.JPG,conductor,1,0.1004,8668.95,3850.07,9504.0,4280.54
Copy of IMG03427.JPG,conductor,1,0.0975,2014.01,3556.85,4976.28,4409.07
Copy of IMG03427.JPG,conductor,1,0.0959,3932.93,3452.67,5106.44,3772.06
Copy of IMG03427.JPG,conductor,1,0.0928,0.0,4501.41,807.87,4864.59
Copy of IMG03427.JPG,conductor,1,0.0867,698.34,3924.52,3487.62,4447.29
Copy of IMG03427.JPG,conductor,1,0.0857,7635.26,3838.01,9504.0,4382.2
Copy of IMG03427.JPG,conductor,1,0.0838,568.0,4035.99,3327.19,4611.94
Copy of IMG03427.JPG,conductor,1,0.0755,3099.36,3571.79,5016.89,4267.72
Copy of IMG03427.JPG,conductor,1,0.0738,6439.68,2777.25,9504.0,3644.9
Copy of IMG03427.JPG,conductor,1,0.0702,0.54,4945.08,227.14,5400.14
Copy of IMG03427.JPG,conductor,1,0.0696,2229.36,4885.25,4321.49,5701.41
Copy of IMG03427.JPG,conductor,1,0.0673,4263.58,5381.64,4936.25,6326.2
Copy of IMG03427.JPG,conductor,1,0.0653,0.14,4903.54,281.01,5300.21
Copy of IMG03427.JPG,conductor,1,0.0613,1587.97,3759.09,4485.91,4305.89
Copy of IMG03427.JPG,conductor,1,0.0607,762.0,4087.21,2894.52,4474.0
Copy of IMG03427.JPG,insulator,2,0.0602,6689.39,4066.21,6913.24,4455.81
Copy of IMG03427.JPG,conductor,1,0.0585,67.39,4299.05,1783.56,4695.32
Copy of IMG03427.JPG,conductor,1,0.0582,1375.33,4878.23,4302.12,5729.87
Copy of IMG03427.JPG,conductor,1,0.0526,1142.87,3987.14,3485.7,4381.53
Copy of IMG03427.JPG,conductor,1,0.0523,3621.09,3461.59,5021.6,3804.89
Copy of IMG00458.JPG,insulator,2,0.702,4438.76,3149.04,4757.65,3570.77
Copy of IMG00458.JPG,insulator,2,0.6652,3681.6,3684.6,4069.91,4094.66
Copy of IMG00458.JPG,conductor,1,0.6492,6627.25,4540.26,7491.39,5388.73
Copy of IMG00458.JPG,insulator,2,0.5988,5136.79,3000.76,5564.78,3415.98
Copy of IMG00458.JPG,conductor,1,0.5538,4614.77,4747.23,5429.92,5704.27
Copy of IMG00458.JPG,conductor,1,0.5299,4677.89,4843.83,5536.31,5773.77
Copy of IMG00458.JPG,conductor,1,0.4653,5325.45,5548.57,6016.94,6250.62
Copy of IMG00458.JPG,conductor,1,0.4576,6536.56,5398.11,7139.58,6031.4
Copy of IMG00458.JPG,conductor,1,0.3943,1313.86,1762.48,2041.2,2489.3
Copy of IMG00458.JPG,conductor,1,0.359,2200.31,2510.65,3009.62,3325.9
Copy of IMG00458.JPG,conductor,1,0.3579,6052.08,4871.03,6695.33,5596.23
Copy of IMG00458.JPG,conductor,1,0.3578,1180.81,109.14,2031.06,745.27
Copy of IMG00458.JPG,conductor,1,0.3552,5123.02,4023.74,5714.64,4662.81
Copy of IMG00458.JPG,conductor,1,0.3467,3498.56,2639.07,4217.0,3168.55
Copy of IMG00458.JPG,conductor,1,0.3235,3870.35,2170.8,4694.51,2747.35
Copy of IMG00458.JPG,conductor,1,0.3183,2382.57,1699.02,3070.3,2354.06
Copy of IMG00458.JPG,conductor,1,0.3114,358.18,89.64,1004.65,671.04
Copy of IMG00458.JPG,conductor,1,0.2934,473.35,1094.34,1394.56,1936.5
Copy of IMG00458.JPG,conductor,1,0.2793,4587.72,4684.22,5317.48,5560.62
Copy of IMG00458.JPG,conductor,1,0.2712,1272.69,123.8,2164.33,831.23
Copy of IMG00458.JPG,conductor,1,0.258,3937.2,4118.05,4626.75,4898.74
Copy of IMG00458.JPG,conductor,1,0.2568,2686.29,3045.71,3582.32,3769.5
Copy of IMG00458.JPG,conductor,1,0.245,4485.92,3609.98,4747.59,4558.46
Copy of IMG00458.JPG,conductor,1,0.2428,5547.15,4395.17,6163.93,5060.01
Copy of IMG00458.JPG,conductor,1,0.2335,1749.1,2105.15,2511.9,2889.79
Copy of IMG00458.JPG,conductor,1,0.2255,7382.88,5229.61,8068.98,5999.71
Copy of IMG00458.JPG,conductor,1,0.2181,5583.45,4438.8,6262.38,5192.54
Copy of IMG00458.JPG,conductor,1,0.2076,1365.01,841.71,2051.19,1500.26
Copy of IMG00458.JPG,conductor,1,0.1912,3173.55,1547.05,4250.91,2331.63
Copy of IMG00458.JPG,conductor,1,0.178,18.01,639.69,734.38,1357.42
Copy of IMG00458.JPG,conductor,1,0.1688,6951.62,5844.21,7432.77,6322.75
Copy of IMG00458.JPG,conductor,1,0.1589,1816.55,1206.24,2505.87,1870.88
Copy of IMG00458.JPG,conductor,1,0.1577,5920.04,4712.76,6533.19,5349.36
Copy of IMG00458.JPG,conductor,1,0.15,2938.54,2126.93,3627.3,2757.86
Copy of IMG00458.JPG,conductor,1,0.149,5958.31,4743.96,6605.33,5447.73
Copy of IMG00458.JPG,conductor,1,0.149,4849.2,5050.05,5639.64,5860.15
Copy of IMG00458.JPG,conductor,1,0.1449,1.83,290.27,287.71,1123.26
Copy of IMG00458.JPG,conductor,1,0.144,1882.56,1293.6,2548.62,1940.29
Copy of IMG00458.JPG,conductor,1,0.1425,5578.81,3482.52,6496.18,4362.4
Copy of IMG00458.JPG,conductor,1,0.1225,6502.99,5326.71,7062.88,5938.29
Copy of IMG00458.JPG,conductor,1,0.1175,6114.49,5022.22,6751.57,5621.87
Copy of IMG00458.JPG,conductor,1,0.11,4013.38,4206.07,4684.48,4855.71
Copy of IMG00458.JPG,conductor,1,0.1076,4814.38,3696.69,5195.67,4194.2
Copy of IMG00458.JPG,conductor,1,0.1049,3956.89,4148.46,4565.45,4767.25
Copy of IMG00458.JPG,conductor,1,0.1035,4542.66,4621.34,5229.8,5409.95
Copy of IMG00458.JPG,conductor,1,0.1014,2821.44,2060.58,3527.35,2700.59
Copy of IMG00458.JPG,conductor,1,0.0996,1106.24,68.12,1832.08,637.98
Copy of IMG00458.JPG,conductor,1,0.0995,1980.88,1344.45,2646.61,1954.97
Copy of IMG00458.JPG,conductor,1,0.0957,2418.64,1759.56,3160.33,2434.12
Copy of IMG00458.JPG,conductor,1,0.0952,5747.13,4623.44,6456.71,5247.31
Copy of IMG00458.JPG,conductor,1,0.0946,1868.22,2213.26,2817.18,3110.09
Copy of IMG00458.JPG,conductor,1,0.0945,622.29,1242.04,1498.48,1991.45
Copy of IMG00458.JPG,conductor,1,0.0927,1014.23,5542.98,1517.36,6137.03
Copy of IMG00458.JPG,conductor,1,0.0851,5432.37,5665.06,6073.91,6284.45
Copy of IMG00458.JPG,conductor,1,0.0843,5676.92,4572.44,6392.78,5177.88
Copy of IMG00458.JPG,conductor,1,0.0839,2749.03,1955.17,3473.65,2641.38
Copy of IMG00458.JPG,conductor,1,0.0811,3077.45,1442.88,4123.77,2209.21
Copy of IMG00458.JPG,conductor,1,0.08,4479.29,3662.52,4754.03,4281.66
Copy of IMG00458.JPG,conductor,1,0.08,0.0,386.68,503.45,1222.99
Copy of IMG00458.JPG,conductor,1,0.0788,4161.92,3723.56,4752.87,4893.0
Copy of IMG00458.JPG,conductor,1,0.0786,7964.32,5892.93,8372.48,6278.27
Copy of IMG00458.JPG,conductor,1,0.0776,1192.71,1661.85,1965.21,2419.78
Copy of IMG00458.JPG,conductor,1,0.0768,5509.47,5772.4,6101.12,6293.66
Copy of IMG00458.JPG,conductor,1,0.0765,1542.01,1052.88,2333.62,1771.09
Copy of IMG00458.JPG,conductor,1,0.0759,6460.26,5276.45,6964.31,5834.73
Copy of IMG00458.JPG,conductor,1,0.0755,2365.91,2799.38,3545.12,3717.3
Copy of IMG00458.JPG,conductor,1,0.0755,0.0,314.38,391.46,1183.54
Copy of IMG00458.JPG,conductor,1,0.0754,2273.52,2548.9,3326.42,3514.72
Copy of IMG00458.JPG,conductor,1,0.0704,4.51,497.7,651.56,1292.1
Copy of IMG00458.JPG,conductor,1,0.0685,2098.6,1525.18,2812.12,2142.74
Copy of IMG00458.JPG,conductor,1,0.0684,6579.85,5515.41,7180.93,6084.91
Copy of IMG00458.JPG,conductor,1,0.0683,3375.07,2548.54,4153.48,3140.99
Copy of IMG00458.JPG,conductor,1,0.0682,3005.67,2224.33,3708.77,2846.22
Copy of IMG00458.JPG,conductor,1,0.068,53.05,722.42,821.24,1422.24
Copy of IMG00458.JPG,conductor,1,0.0666,283.06,41.51,928.81,599.23
Copy of IMG00458.JPG,conductor,1,0.0657,827.77,1378.16,1588.2,2038.1
Copy of IMG00458.JPG,conductor,1,0.0638,225.18,931.19,1194.7,1774.34
Copy of IMG00458.JPG,conductor,1,0.0628,5510.61,4341.99,6118.41,4923.98
Copy of IMG00458.JPG,conductor,1,0.0624,7552.47,5355.87,8087.88,6023.87
Copy of IMG00458.JPG,conductor,1,0.0617,907.46,5485.65,1434.36,6094.56
Copy of IMG00458.JPG,conductor,1,0.0606,178.42,0.0,662.81,366.68
Copy of IMG00458.JPG,conductor,1,0.0597,8971.62,3711.31,9504.0,4367.93
Copy of IMG00458.JPG,conductor,1,0.0593,1065.99,17.04,1735.31,540.25
Copy of IMG00458.JPG,conductor,1,0.0584,0.9,5563.4,374.34,6200.61
Copy of IMG00458.JPG,conductor,1,0.0576,3711.7,2083.31,4577.98,2685.99
Copy of IMG00458.JPG,conductor,1,0.057,518.02,160.82,1176.3,805.33
Copy of IMG00458.JPG,conductor,1,0.0568,1777.86,2185.53,2640.25,3017.01
Copy of IMG00458.JPG,conductor,1,0.0558,3903.11,2281.73,4724.75,2838.94
Copy of IMG00458.JPG,conductor,1,0.0558,4565.06,3617.96,5153.9,4360.05
Copy of IMG00458.JPG,conductor,1,0.0557,2033.46,5158.27,2613.45,5788.43
Copy of IMG00458.JPG,conductor,1,0.0553,673.46,339.5,1291.15,952.81
Copy of IMG00458.JPG,conductor,1,0.0547,1560.17,1935.83,2376.78,2801.65
Copy of IMG00458.JPG,conductor,1,0.0545,1371.04,1824.6,2150.04,2626.47
Copy of IMG00458.JPG,conductor,1,0.0544,4260.44,5558.11,4708.53,6258.83
Copy of IMG00458.JPG,conductor,1,0.0535,4934.5,5161.0,5759.1,5933.37
Copy of IMG00458.JPG,conductor,1,0.0533,8793.86,5231.32,9395.48,5891.35
Copy of IMG00458.JPG,conductor,1,0.0514,5289.12,5428.75,5939.29,6133.7
Copy of IMG00458.JPG,conductor,1,0.0508,768.26,5451.14,1323.8,6039.58
Copy of IMG00458.JPG,conductor,1,0.0506,2033.24,1415.5,2685.85,2028.04
Copy of IMG00458.JPG,conductor,1,0.0501,4603.56,3676.43,4959.82,4284.08
Copy of IMG00414.JPG,insulator,2,0.7941,3923.89,2413.52,4194.79,2731.27
Copy of IMG00414.JPG,insulator,2,0.7216,4380.38,2063.05,4695.76,2394.68
Copy of IMG00414.JPG,insulator,2,0.5824,4784.69,2511.44,5064.87,2789.06
Copy of IMG00414.JPG,conductor,1,0.266,4843.61,2963.2,5121.11,3630.93
Copy of IMG00414.JPG,conductor,1,0.2618,4336.41,1008.98,4623.64,1758.93
Copy of IMG00414.JPG,conductor,1,0.1848,3981.15,1220.25,4273.0,1942.7
Copy of IMG00414.JPG,conductor,1,0.1743,3786.29,2951.96,4171.57,3450.19
Copy of IMG00414.JPG,pylon,0,0.1587,3920.32,2725.61,4478.72,6277.94
Copy of IMG00414.JPG,conductor,1,0.1505,4302.93,922.06,4587.7,1579.03
Copy of IMG00414.JPG,conductor,1,0.1405,4879.11,2981.77,5161.95,3717.51
Copy of IMG00414.JPG,conductor,1,0.1366,4678.59,896.28,4899.43,1831.42
Copy of IMG00414.JPG,conductor,1,0.1332,4258.32,962.94,4579.37,1673.24
Copy of IMG00414.JPG,conductor,1,0.1316,4584.41,926.93,4898.73,1814.3
Copy of IMG00414.JPG,conductor,1,0.113,3929.47,1054.85,4217.12,1975.89
Copy of IMG00414.JPG,conductor,1,0.1038,4386.74,1082.67,4663.71,1762.5
Copy of IMG00414.JPG,conductor,1,0.1034,3982.61,1548.54,4207.92,2025.81
Copy of IMG00414.JPG,insulator,2,0.1013,4330.44,2612.38,4607.25,2937.53
Copy of IMG00414.JPG,conductor,1,0.0999,4847.18,2938.71,5139.42,3988.48
Copy of IMG00414.JPG,conductor,1,0.0976,4716.76,2945.25,5031.84,3595.29
Copy of IMG00414.JPG,conductor,1,0.0947,335.12,590.28,881.56,958.62
Copy of IMG00414.JPG,conductor,1,0.0901,4363.69,1118.47,4596.12,1836.25
Copy of IMG00414.JPG,conductor,1,0.0856,466.32,492.29,885.41,815.02
Copy of IMG00414.JPG,conductor,1,0.0823,400.13,529.38,884.71,896.37
Copy of IMG00414.JPG,conductor,1,0.0814,3970.7,1658.92,4199.83,2070.58
Copy of IMG00414.JPG,conductor,1,0.0811,4709.93,1104.47,4915.78,1847.42
Copy of IMG00414.JPG,conductor,1,0.0806,3736.29,2993.96,4113.15,3478.55
Copy of IMG00414.JPG,conductor,1,0.0754,4728.03,1424.68,4938.18,1879.87
Copy of IMG00414.JPG,conductor,1,0.0711,3961.31,2733.37,4644.84,6282.99
Copy of IMG00414.JPG,conductor,1,0.0704,4191.71,1075.46,4564.21,1820.66
Copy of IMG00414.JPG,conductor,1,0.0701,3902.33,1717.32,4168.7,2092.24
Copy of IMG00414.JPG,conductor,1,0.0665,1.68,5553.16,239.58,6125.56
Copy of IMG00414.JPG,conductor,1,0.0654,4359.48,974.98,4655.82,1652.13
Copy of IMG00414.JPG,conductor,1,0.0648,4652.92,820.28,4903.08,1650.22
Copy of IMG00414.JPG,conductor,1,0.0642,4009.62,1192.03,4325.15,1886.83
Copy of IMG00414.JPG,conductor,1,0.0639,313.68,673.55,803.38,967.49
Copy of IMG00414.JPG,conductor,1,0.0637,3916.19,1634.41,4182.16,2047.57
Copy of IMG00414.JPG,conductor,1,0.0627,4651.25,749.2,4897.67,1358.36
Copy of IMG00414.JPG,pylon,0,0.0619,4279.06,2703.73,4585.31,3949.04
Copy of IMG00414.JPG,conductor,1,0.0595,4912.18,3042.26,5142.58,4182.86
Copy of IMG00414.JPG,pylon,0,0.0594,4065.48,2710.94,4645.73,6258.95
Copy of IMG00414.JPG,conductor,1,0.0574,4427.27,839.21,4760.14,1876.53
Copy of IMG00414.JPG,conductor,1,0.0566,4560.27,2955.48,4846.4,3569.54
Copy of IMG00414.JPG,conductor,1,0.0551,3921.7,1440.44,4203.07,1986.23
Copy of IMG00414.JPG,conductor,1,0.0545,3705.84,2876.29,4041.62,3394.61
Copy of IMG00414.JPG,conductor,1,0.0544,4541.47,1044.58,4859.1,1834.41
Copy of IMG00414.JPG,conductor,1,0.0543,3869.17,2930.07,4237.36,3440.62
Copy of IMG00414.JPG,pylon,0,0.0531,4251.97,2699.2,4582.92,4638.41
Copy of IMG00414.JPG,conductor,1,0.053,4012.99,1571.08,4302.91,2012.18
Copy of IMG00414.JPG,conductor,1,0.052,4894.68,2992.83,5215.37,3580.45
Copy of IMG00414.JPG,conductor,1,0.0507,4609.32,692.29,4873.36,1114.89
Copy of IMG00414.JPG,conductor,1,0.0501,3645.97,2811.53,3995.57,3114.14
Copy of IMG03482.JPG,pylon,0,0.3278,4664.88,4620.16,5188.48,6292.37
Copy of IMG03482.JPG,conductor,1,0.2378,1980.27,2601.5,4686.54,2944.66
Copy of IMG03482.JPG,conductor,1,0.2356,888.72,2600.14,4821.32,2952.35
Copy of IMG03482.JPG,conductor,1,0.202,4901.36,2605.76,9504.0,3469.91
Copy of IMG03482.JPG,conductor,1,0.1875,5680.77,2069.22,9504.0,2524.74
Copy of IMG03482.JPG,conductor,1,0.1507,5409.84,2002.54,9504.0,2469.3
Copy of IMG03482.JPG,conductor,1,0.1486,6036.59,4476.29,9504.0,4871.09
Copy of IMG03482.JPG,conductor,1,0.1144,62.18,1769.18,4494.08,2176.32
Copy of IMG03482.JPG,pylon,0,0.0636,4695.08,2321.46,5217.16,6279.26
Copy of IMG03482.JPG,pylon,0,0.0543,4670.06,3533.07,5201.78,6304.52
Copy of IMG03482.JPG,conductor,1,0.0519,5140.81,1892.24,9504.0,2390.23
Copy of IMG00259.JPG,conductor,1,0.0621,4859.86,3224.53,8819.22,4671.82
Copy of IMG00259.JPG,conductor,1,0.0574,0.0,2771.73,6585.78,3857.38
Copy of IMG03533.JPG,conductor,1,0.3732,6904.92,3814.83,8094.71,4515.82
Copy of IMG03533.JPG,conductor,1,0.3663,7202.32,2831.35,8382.57,3402.25
Copy of IMG03533.JPG,conductor,1,0.196,6606.87,3186.52,7690.5,3786.4
Copy of IMG03533.JPG,conductor,1,0.1538,5950.63,3516.31,7123.98,4257.6
Copy of IMG03533.JPG,conductor,1,0.1467,3701.02,4799.16,4895.83,5494.41
Copy of IMG03533.JPG,conductor,1,0.1252,6680.55,3832.96,8067.68,4673.38
Copy of IMG03533.JPG,conductor,1,0.1196,8352.63,3293.33,9048.4,3806.6
Copy of IMG03533.JPG,conductor,1,0.1116,6942.16,2944.27,8204.94,3595.66
Copy of IMG03533.JPG,conductor,1,0.1085,6756.63,3111.89,7943.69,3751.3
Copy of IMG03533.JPG,conductor,1,0.0955,8772.73,3090.51,9406.83,3574.77
Copy of IMG03533.JPG,conductor,1,0.0898,6316.36,3221.97,7665.5,3827.64
Copy of IMG03533.JPG,conductor,1,0.0838,8251.75,2295.63,9489.22,2853.47
Copy of IMG03533.JPG,conductor,1,0.0828,7182.82,3772.94,8162.73,4318.01
Copy of IMG03533.JPG,conductor,1,0.0794,1958.6,5408.57,3271.74,6181.39
Copy of IMG03533.JPG,conductor,1,0.0786,8155.5,2546.9,8935.31,3076.51
Copy of IMG03533.JPG,conductor,1,0.0705,8755.84,2006.2,9502.7,2685.52
Copy of IMG03533.JPG,conductor,1,0.0676,8505.06,3143.37,9293.05,3758.37
Copy of IMG03533.JPG,conductor,1,0.0648,7741.46,3578.76,8601.29,4098.48
Copy of IMG03533.JPG,conductor,1,0.0628,7403.75,2812.99,8479.41,3270.1
Copy of IMG03533.JPG,conductor,1,0.0609,3145.77,4805.66,4617.0,5536.5
Copy of IMG03533.JPG,conductor,1,0.0597,7825.21,3515.95,8667.73,4036.17
Copy of IMG03533.JPG,conductor,1,0.057,8893.62,1853.56,9502.61,2593.64
Copy of IMG03533.JPG,conductor,1,0.0565,9094.92,3478.74,9504.0,4433.78
Copy of IMG03533.JPG,conductor,1,0.0561,8553.62,2370.69,9390.7,2783.43
Copy of IMG03533.JPG,conductor,1,0.0554,8584.31,3026.13,9385.07,3694.69
Copy of IMG03533.JPG,conductor,1,0.054,8005.83,3392.93,8911.75,3933.9
Copy of IMG03533.JPG,conductor,1,0.0539,8604.67,2256.19,9501.85,2779.48
Copy of IMG03533.JPG,conductor,1,0.0535,7948.46,3470.47,8741.2,3973.45
Copy of IMG03533.JPG,conductor,1,0.0533,7097.12,2877.3,8329.72,3503.33
Copy of IMG03533.JPG,conductor,1,0.0512,6325.68,3389.21,7458.0,3836.1
Copy of IMG03533.JPG,conductor,1,0.0511,7157.81,3010.08,8170.06,3452.51
Copy of IMG00066.JPG,insulator,2,0.7841,7310.63,5352.07,7689.73,5771.56
Copy of IMG00066.JPG,insulator,2,0.6885,6281.86,5505.83,6556.77,5832.47
Copy of IMG00066.JPG,insulator,2,0.6087,6801.39,4992.83,7185.09,5318.35
Copy of IMG00066.JPG,conductor,1,0.5906,6070.23,4057.16,6865.89,4814.51
Copy of IMG00066.JPG,pylon,0,0.497,6747.51,5557.96,7121.62,6289.26
Copy of IMG00066.JPG,conductor,1,0.4076,5009.76,4055.23,5944.32,5021.11
Copy of IMG00066.JPG,conductor,1,0.3202,1892.72,129.89,2539.44,919.96
Copy of IMG00066.JPG,conductor,1,0.2997,2527.74,57.03,3234.97,802.47
Copy of IMG00066.JPG,conductor,1,0.2498,5519.0,4832.83,6290.13,5442.39
Copy of IMG00066.JPG,conductor,1,0.2419,2498.55,36.61,3129.69,694.85
Copy of IMG00066.JPG,conductor,1,0.1473,2540.96,87.08,3374.73,953.37
Copy of IMG00066.JPG,conductor,1,0.1224,1848.86,67.69,2430.12,711.67
Copy of IMG00066.JPG,conductor,1,0.1165,5018.52,4064.6,6140.1,5235.74
Copy of IMG00066.JPG,conductor,1,0.1066,5905.21,3946.82,6784.98,4735.18
Copy of IMG00066.JPG,conductor,1,0.0809,4231.93,3416.95,5383.29,4342.01
Copy of IMG00066.JPG,insulator,2,0.0667,3282.26,1744.18,3657.14,2128.19
Copy of IMG00066.JPG,conductor,1,0.0616,5095.61,4186.15,6010.0,5150.74
Copy of IMG00066.JPG,conductor,1,0.0551,2486.65,4.46,3041.0,579.32
Copy of IMG00066.JPG,conductor,1,0.0541,4936.79,3981.46,5859.91,4903.91
Copy of IMG00066.JPG,conductor,1,0.051,7549.4,5817.52,8071.68,6292.11
Copy of IMG00072.JPG,conductor,1,0.6994,5397.47,2798.93,6253.03,3388.74
Copy of IMG00072.JPG,pylon,0,0.6805,4184.7,3785.45,4672.81,6295.2
Copy of IMG00072.JPG,conductor,1,0.5723,5035.6,3294.1,5767.3,3818.63
Copy of IMG00072.JPG,insulator,2,0.5553,4210.0,3589.91,4470.31,3838.37
Copy of IMG00072.JPG,insulator,2,0.5238,4855.97,2664.89,5143.5,3002.98
Copy of IMG00072.JPG,insulator,2,0.4568,4008.6,2784.86,4330.98,3216.76
Copy of IMG00072.JPG,insulator,2,0.3605,4463.17,2353.25,4759.25,2628.57
Copy of IMG00072.JPG,insulator,2,0.3505,3986.76,2711.49,4304.17,3252.14
Copy of IMG00072.JPG,conductor,1,0.2965,4998.87,3259.33,5658.34,3754.9
Copy of IMG00072.JPG,insulator,2,0.2838,4092.33,3245.62,4386.06,3521.39
Copy of IMG00072.JPG,conductor,1,0.2832,5537.84,3706.6,6294.48,4284.69
Copy of IMG00072.JPG,conductor,1,0.2791,6082.92,3402.35,7153.55,3964.5
Copy of IMG00072.JPG,conductor,1,0.2619,8095.98,5454.67,9244.74,6063.33
Copy of IMG00072.JPG,conductor,1,0.2598,8053.06,5366.64,9111.76,6008.18
Copy of IMG00072.JPG,conductor,1,0.2508,5938.79,4000.65,6982.87,4603.58
Copy of IMG00072.JPG,conductor,1,0.2473,7973.04,5301.41,8983.74,5921.71
Copy of IMG00072.JPG,conductor,1,0.2324,0.0,3147.7,4354.27,3523.17
Copy of IMG00072.JPG,conductor,1,0.2235,5400.49,3610.07,6239.77,4201.72
Copy of IMG00072.JPG,conductor,1,0.1878,0.0,3041.82,3948.58,3494.57
Copy of IMG00072.JPG,conductor,1,0.1688,7310.4,4890.0,8321.03,5504.04
Copy of IMG00072.JPG,conductor,1,0.1591,8221.83,5555.26,9298.81,6119.04
Copy of IMG00072.JPG,conductor,1,0.155,7890.04,5219.08,8867.04,5881.98
Copy of IMG00072.JPG,conductor,1,0.1519,6910.92,3899.55,8022.92,4519.47
Copy of IMG00072.JPG,conductor,1,0.1406,5066.14,3358.61,5896.15,3927.27
Copy of IMG00072.JPG,conductor,1,0.1365,5807.79,3934.29,6795.87,4575.1
Copy of IMG00072.JPG,conductor,1,0.1363,8446.32,5602.4,9425.06,6218.78
Copy of IMG00072.JPG,conductor,1,0.1164,8.67,3467.28,3864.16,4069.6
Copy of IMG00072.JPG,conductor,1,0.1149,7182.61,4830.78,8259.23,5434.28
Copy of IMG00072.JPG,conductor,1,0.1101,7543.42,4363.45,9374.95,5068.31
Copy of IMG00072.JPG,conductor,1,0.1072,8994.75,5841.5,9504.0,6311.8
Copy of IMG00072.JPG,conductor,1,0.0933,8659.29,5746.85,9502.73,6288.04
Copy of IMG00072.JPG,insulator,2,0.0924,4034.48,2726.04,4313.02,3108.07
Copy of IMG00072.JPG,conductor,1,0.0862,5242.53,3511.86,6141.48,4078.48
Copy of IMG00072.JPG,conductor,1,0.0862,7032.69,3966.28,8120.77,4584.81
Copy of IMG00072.JPG,conductor,1,0.0854,5116.6,3422.53,6032.32,3983.38
Copy of IMG00072.JPG,conductor,1,0.0835,5599.46,3808.26,6686.58,4491.81
Copy of IMG00072.JPG,conductor,1,0.0756,7621.55,5073.52,8729.0,5782.13
Copy of IMG00072.JPG,conductor,1,0.0655,957.98,3553.13,3904.8,4016.39
Copy of IMG00072.JPG,insulator,2,0.0594,4303.46,3551.24,4582.84,3849.96
Copy of IMG00072.JPG,conductor,1,0.0574,5548.86,3735.69,6566.54,4386.55
Copy of IMG00072.JPG,conductor,1,0.0548,0.0,3215.42,3842.24,3864.52
Copy of IMG00072.JPG,conductor,1,0.0546,5451.33,2957.61,6343.07,3478.21
Copy of IMG00072.JPG,conductor,1,0.051,6745.53,3845.03,7924.63,4438.44
Copy of IMG00132.JPG,pylon,0,0.9015,4368.03,2396.14,4999.8,6289.44
Copy of IMG00132.JPG,insulator,2,0.7877,4389.67,2048.2,4657.94,2406.65
Copy of IMG00132.JPG,insulator,2,0.7217,4829.55,1801.32,5086.6,2069.27
Copy of IMG00132.JPG,conductor,1,0.5845,1241.34,5522.91,2302.05,6278.39
Copy of IMG00132.JPG,insulator,2,0.5811,5173.0,2366.05,5423.37,2633.34
Copy of IMG00132.JPG,conductor,1,0.4517,1050.17,3096.73,2527.73,3815.51
Copy of IMG00132.JPG,conductor,1,0.3694,2.05,5482.53,755.86,6211.1
Copy of IMG00132.JPG,conductor,1,0.3319,473.28,4828.76,1670.86,5575.02
Copy of IMG00132.JPG,conductor,1,0.256,8887.14,5661.37,9504.0,6315.25
Copy of IMG00132.JPG,conductor,1,0.2251,0.0,3740.03,1520.77,4546.37
Copy of IMG00132.JPG,conductor,1,0.2234,3227.16,4866.3,4240.73,5897.46
Copy of IMG00132.JPG,conductor,1,0.208,26.75,3590.87,1664.61,4338.49
Copy of IMG00132.JPG,conductor,1,0.193,273.43,3536.2,1719.7,4150.67
Copy of IMG00132.JPG,conductor,1,0.1926,1321.7,4201.51,2423.98,4921.4
Copy of IMG00132.JPG,conductor,1,0.1844,2038.66,3666.62,2960.81,4406.75
Copy of IMG00132.JPG,conductor,1,0.1773,2.24,4988.45,424.03,5589.73
Copy of IMG00132.JPG,insulator,2,0.1662,4816.33,1769.24,5079.32,2023.35
Copy of IMG00132.JPG,conductor,1,0.143,1399.61,4094.51,2509.58,4812.74
Copy of IMG00132.JPG,conductor,1,0.1144,1860.55,3717.32,2900.63,4506.39
Copy of IMG00132.JPG,conductor,1,0.1142,1198.24,4279.48,2338.87,5020.0
Copy of IMG00132.JPG,conductor,1,0.11,597.05,4691.69,1790.61,5460.38
Copy of IMG00132.JPG,conductor,1,0.1077,5049.63,978.05,5523.18,1380.09
Copy of IMG00132.JPG,insulator,2,0.1066,5123.59,2361.61,5381.4,2654.58
Copy of IMG00132.JPG,conductor,1,0.1046,15.51,3866.2,1175.58,4364.8
Copy of IMG00132.JPG,pylon,0,0.1041,4543.71,2402.12,5122.35,6328.38
Copy of IMG00132.JPG,conductor,1,0.0998,2026.94,2762.16,3098.45,3385.38
Copy of IMG00132.JPG,conductor,1,0.0973,1601.81,3970.89,2657.58,4704.66
Copy of IMG00132.JPG,conductor,1,0.0939,1708.33,3811.26,2793.14,4621.43
Copy of IMG00132.JPG,conductor,1,0.0866,0.0,5721.84,434.41,6290.08
Copy of IMG00132.JPG,conductor,1,0.078,1.55,4169.26,468.03,4839.69
Copy of IMG00132.JPG,conductor,1,0.0778,1324.07,5311.89,2553.11,6269.87
Copy of IMG00132.JPG,conductor,1,0.0754,3767.1,2350.35,4282.84,2739.63
Copy of IMG00132.JPG,conductor,1,0.0728,8705.25,5595.13,9504.0,6292.71
Copy of IMG00132.JPG,conductor,1,0.0726,0.0,5427.78,896.76,6083.87
Copy of IMG00132.JPG,conductor,1,0.0714,400.06,4933.73,1558.05,5646.99
Copy of IMG00132.JPG,conductor,1,0.0713,665.59,3110.86,2431.59,3930.69
Copy of IMG00132.JPG,conductor,1,0.0697,406.25,3611.11,1664.27,4094.41
Copy of IMG00132.JPG,conductor,1,0.0673,6.03,4839.53,514.59,5556.47
Copy of IMG00132.JPG,conductor,1,0.0666,464.91,3513.64,1791.75,4064.07
Copy of IMG00132.JPG,conductor,1,0.0629,3682.45,2250.9,4238.35,2648.62
Copy of IMG00132.JPG,conductor,1,0.0589,1.02,4294.66,337.42,4890.58
Copy of IMG00132.JPG,conductor,1,0.0581,1.63,4804.92,317.2,5575.9
Copy of IMG00132.JPG,pylon_fissure,3,0.0574,4513.13,5589.52,4677.99,6302.86
Copy of IMG00132.JPG,conductor,1,0.0568,5055.37,924.87,5619.47,1348.38
Copy of IMG00132.JPG,conductor,1,0.0522,0.72,5619.15,547.7,6268.01
Copy of IMG00132.JPG,conductor,1,0.05,0.82,3986.07,1035.7,4761.17
Copy of IMG03541.JPG,conductor,1,0.644,722.52,5192.26,1764.06,6148.0
Copy of IMG03541.JPG,conductor,1,0.5317,1326.68,4433.89,2310.78,5140.37
Copy of IMG03541.JPG,conductor,1,0.4085,719.39,5386.42,1667.32,6192.4
Copy of IMG03541.JPG,pylon,0,0.2865,3645.27,1454.32,4025.63,4700.12
Copy of IMG03541.JPG,conductor,1,0.2079,758.94,5011.71,1837.68,5971.85
Copy of IMG03541.JPG,insulator,2,0.1073,3837.46,1823.04,4024.15,2045.42
Copy of IMG03541.JPG,conductor,1,0.1056,781.18,4992.7,1850.19,5692.32
Copy of IMG03541.JPG,conductor,1,0.095,694.73,5502.19,1399.91,6205.34
Copy of IMG03541.JPG,insulator,2,0.0798,3786.75,1241.63,3975.25,1475.42
Copy of IMG03541.JPG,conductor,1,0.0732,1292.49,4524.92,2168.53,5173.39
Copy of IMG03541.JPG,insulator,2,0.0588,3826.38,1752.7,4016.61,2036.72
Copy of IMG03541.JPG,conductor,1,0.0554,1374.62,4261.24,2402.27,5124.17
Copy of IMG00174.JPG,pylon,0,0.3559,4882.0,2946.62,5491.2,5450.83
Copy of IMG00174.JPG,conductor,1,0.3507,5664.22,2884.52,9504.0,3373.61
Copy of IMG00174.JPG,insulator,2,0.2542,4915.37,2459.71,5195.36,2723.37
Copy of IMG00174.JPG,conductor,1,0.2261,5258.75,2954.55,9504.0,3487.51
Copy of IMG00174.JPG,conductor,1,0.1634,8624.79,5460.55,9502.38,6286.75
Copy of IMG00174.JPG,conductor,1,0.1401,5198.94,2814.23,9504.0,3317.66
Copy of IMG00174.JPG,conductor,1,0.1156,8794.05,5603.79,9504.0,6305.57
Copy of IMG00174.JPG,insulator,2,0.1155,4796.41,2741.16,5016.57,2958.41
Copy of IMG00174.JPG,insulator,2,0.0947,5136.67,2618.39,5366.97,2851.62
Copy of IMG00174.JPG,insulator,2,0.0817,4968.66,2474.92,5300.76,2780.23
Copy of IMG00174.JPG,insulator,2,0.0814,4827.45,2678.26,5071.65,2909.95
Copy of IMG00174.JPG,conductor,1,0.0719,2515.76,2297.33,4713.33,2666.06
Copy of IMG00174.JPG,conductor,1,0.0699,0.0,3382.27,4939.2,4775.27
Copy of IMG00161.JPG,pylon,0,0.9259,4567.76,2084.63,5030.26,5377.89
Copy of IMG00161.JPG,insulator,2,0.7462,5358.21,2217.57,5651.93,2512.73
Copy of IMG00161.JPG,conductor,1,0.7204,2830.91,5477.67,3607.7,6280.86
Copy of IMG00161.JPG,conductor,1,0.688,1928.4,5227.38,2661.65,6121.93
Copy of IMG00161.JPG,conductor,1,0.5513,1173.69,5158.76,1924.24,6051.44
Copy of IMG00161.JPG,insulator,2,0.5502,4107.4,1627.73,4442.49,1970.49
Copy of IMG00161.JPG,conductor,1,0.474,1989.28,3585.49,3693.88,5080.09
Copy of IMG00161.JPG,conductor,1,0.4251,3562.09,4182.6,4417.06,5269.71
Copy of IMG00161.JPG,insulator,2,0.3951,4779.55,1545.47,5113.82,1894.33
Copy of IMG00161.JPG,insulator,2,0.3216,4174.12,1648.63,4486.33,1954.76
Copy of IMG00161.JPG,conductor,1,0.1709,3625.81,4036.91,4471.81,5148.24
Copy of IMG00161.JPG,conductor,1,0.1606,4165.21,2342.87,4513.44,2800.36
Copy of IMG00161.JPG,insulator,2,0.1514,4206.87,1693.2,4494.27,1982.31
Copy of IMG00161.JPG,conductor,1,0.15,1902.38,5417.93,2581.23,6102.32
Copy of IMG00161.JPG,conductor,1,0.1491,2857.86,5241.62,3730.97,6274.12
Copy of IMG00161.JPG,conductor,1,0.1444,5093.1,2607.67,5446.67,3063.79
Copy of IMG00161.JPG,conductor,1,0.132,4117.38,2389.4,4504.34,2863.67
Copy of IMG00161.JPG,conductor,1,0.1279,4208.57,2304.3,4525.47,2718.2
Copy of IMG00161.JPG,conductor,1,0.1141,3023.8,5032.63,3868.92,5937.95
Copy of IMG00161.JPG,conductor,1,0.1046,3378.32,2156.81,4026.82,2745.8
Copy of IMG00161.JPG,conductor,1,0.1034,3502.07,2100.03,4080.83,2562.07
Copy of IMG00161.JPG,conductor,1,0.0918,3415.04,4395.96,4296.48,5409.15
Copy of IMG00161.JPG,conductor,1,0.0823,4263.95,2268.82,4560.46,2686.09
Copy of IMG00161.JPG,conductor,1,0.0757,5113.91,922.9,5586.67,1326.98
Copy of IMG00161.JPG,conductor,1,0.0749,3228.44,4689.95,4158.23,5567.78
Copy of IMG00161.JPG,conductor,1,0.0733,3658.95,2807.95,4293.92,3668.21
Copy of IMG00161.JPG,conductor,1,0.0674,1167.5,5513.21,1774.16,6081.34
Copy of IMG00161.JPG,conductor,1,0.0642,2838.73,5660.9,3444.32,6287.16
Copy of IMG00161.JPG,conductor,1,0.0619,3146.51,4870.5,4044.43,5660.77
Copy of IMG00161.JPG,conductor,1,0.06,1173.32,4991.8,2102.62,5904.0
Copy of IMG00161.JPG,conductor,1,0.0597,38.81,433.73,331.44,579.22
Copy of IMG00161.JPG,conductor,1,0.0595,4317.6,2239.11,4555.95,2620.33
Copy of IMG00161.JPG,conductor,1,0.0588,3699.85,2077.75,4119.83,2465.38
Copy of IMG00161.JPG,conductor,1,0.0555,3764.89,3917.99,4516.95,4876.49
Copy of IMG00161.JPG,conductor,1,0.0552,1169.67,5373.24,1863.43,6061.23
Copy of IMG00161.JPG,conductor,1,0.0548,5640.93,1688.45,6106.07,2015.99
Copy of IMG00161.JPG,conductor,1,0.0546,2852.16,5818.27,3387.97,6290.47
Copy of IMG00161.JPG,conductor,1,0.0511,5089.89,1001.02,5526.22,1364.33
Copy of IMG00380.JPG,pylon,0,0.8669,4081.96,3190.2,4506.1,6304.64
Copy of IMG00380.JPG,insulator,2,0.8061,4554.61,3045.57,4768.39,3313.46
Copy of IMG00380.JPG,insulator,2,0.6234,4103.6,2780.37,4321.36,3068.15
Copy of IMG00380.JPG,conductor,1,0.5851,3141.98,3359.78,4117.29,3782.97
Copy of IMG00380.JPG,conductor,1,0.5762,2194.66,2914.74,3759.11,3482.33
Copy of IMG00380.JPG,conductor,1,0.3361,2499.55,2863.8,3837.17,3292.58
Copy of IMG00380.JPG,insulator,2,0.3232,4367.87,2650.44,4624.44,2918.22
Copy of IMG00380.JPG,conductor,1,0.255,4716.12,2153.01,6257.89,2562.7
Copy of IMG00380.JPG,conductor,1,0.2272,1285.58,3460.46,2419.43,3908.74
Copy of IMG00380.JPG,conductor,1,0.2155,500.16,3974.66,2730.95,4876.94
Copy of IMG00380.JPG,conductor,1,0.2086,404.18,4153.2,2283.4,4984.52
Copy of IMG00380.JPG,conductor,1,0.2064,1285.85,3932.05,2674.9,4752.71
Copy of IMG00380.JPG,conductor,1,0.192,236.05,4258.07,1975.68,5055.17
Copy of IMG00380.JPG,conductor,1,0.1767,2324.97,2943.09,3680.34,3379.73
Copy of IMG00380.JPG,conductor,1,0.1708,3060.48,2862.97,3840.45,3234.53
Copy of IMG00380.JPG,conductor,1,0.1548,1894.0,3827.48,2953.83,4493.19
Copy of IMG00380.JPG,conductor,1,0.1494,4975.69,2743.44,5834.27,3081.46
Copy of IMG00380.JPG,conductor,1,0.145,4930.33,2667.02,6212.0,3083.43
Copy of IMG00380.JPG,conductor,1,0.1379,3344.04,3333.64,4130.79,3747.06
Copy of IMG00380.JPG,conductor,1,0.1367,1476.74,3874.45,2805.05,4676.81
Copy of IMG00380.JPG,conductor,1,0.1367,0.42,4221.46,357.47,4755.25
Copy of IMG00380.JPG,conductor,1,0.128,5132.61,2132.2,6332.26,2476.11
Copy of IMG00380.JPG,conductor,1,0.1267,2295.19,3082.34,3369.2,3443.94
Copy of IMG00380.JPG,conductor,1,0.1103,245.64,4376.85,1699.78,5128.64
Copy of IMG00380.JPG,conductor,1,0.1086,0.0,4831.51,349.44,5550.06
Copy of IMG00380.JPG,conductor,1,0.1058,7713.67,1690.97,8342.32,1912.65
Copy of IMG00380.JPG,conductor,1,0.1036,5833.66,2463.15,6798.62,2882.76
Copy of IMG00380.JPG,conductor,1,0.1016,10.14,4663.26,863.72,5332.95
Copy of IMG00380.JPG,conductor,1,0.0991,1520.51,3485.68,2449.71,3852.78
Copy of IMG00380.JPG,conductor,1,0.0875,1066.65,4002.2,2617.02,4853.69
Copy of IMG00380.JPG,pylon,0,0.0863,3965.93,3204.92,4574.54,6293.69
Copy of IMG00380.JPG,conductor,1,0.086,8995.68,1686.84,9503.3,2041.73
Copy of IMG00380.JPG,conductor,1,0.0846,3214.51,2826.71,3858.62,3189.13
Copy of IMG00380.JPG,conductor,1,0.084,8355.74,1945.94,9481.88,2301.88
Copy of IMG00380.JPG,conductor,1,0.0824,4638.86,2216.68,6174.46,2629.9
Copy of IMG00380.JPG,conductor,1,0.0794,3463.92,3324.85,4164.62,3672.3
Copy of IMG00380.JPG,conductor,1,0.0794,2392.83,3159.65,3366.2,3459.43
Copy of IMG00380.JPG,conductor,1,0.0766,5082.39,2682.91,6087.85,3038.24
Copy of IMG00380.JPG,conductor,1,0.0745,2530.17,3680.37,3455.92,4073.66
Copy of IMG00380.JPG,insulator,2,0.0701,4570.3,3040.87,4837.16,3306.22
Copy of IMG00380.JPG,conductor,1,0.0662,5916.15,1944.89,6827.94,2365.66
Copy of IMG00380.JPG,conductor,1,0.0661,9224.63,1686.97,9503.17,2082.48
Copy of IMG00380.JPG,insulator,2,0.0645,4518.45,3026.06,4734.71,3295.34
Copy of IMG00380.JPG,conductor,1,0.0643,4875.48,2190.72,6170.98,2487.9
Copy of IMG00380.JPG,insulator,2,0.0642,4195.49,2770.32,4376.34,2999.2
Copy of IMG00380.JPG,conductor,1,0.0631,5934.95,2379.56,7255.96,2889.26
Copy of IMG00380.JPG,conductor,1,0.0611,5222.43,2640.71,6288.41,2994.51
Copy of IMG00380.JPG,conductor,1,0.0607,2692.71,3641.65,3612.19,4045.41
Copy of IMG00380.JPG,conductor,1,0.0585,1310.57,3554.77,2230.6,3967.6
Copy of IMG00380.JPG,conductor,1,0.0584,2.5,4731.69,713.76,5468.74
Copy of IMG00380.JPG,conductor,1,0.0581,2974.35,3418.57,4041.6,3829.21
Copy of IMG00380.JPG,conductor,1,0.0579,2801.53,3464.04,3956.62,3996.01
Copy of IMG00380.JPG,conductor,1,0.0549,1289.61,3607.14,2103.64,3993.92
Copy of IMG00380.JPG,conductor,1,0.0536,2069.33,3767.88,3094.58,4441.82
Copy of IMG00380.JPG,conductor,1,0.053,2980.78,2922.56,3754.17,3279.98
Copy of IMG00380.JPG,conductor,1,0.0502,7765.06,1726.51,8422.45,1963.31
Copy of IMG03527.JPG,pylon,0,0.7367,3839.13,3847.4,4501.42,6220.31
Copy of IMG03527.JPG,conductor,1,0.559,8111.82,5379.91,9500.98,6272.21
Copy of IMG03527.JPG,insulator,2,0.5055,3812.31,2827.61,4123.14,3216.3
Copy of IMG03527.JPG,insulator,2,0.4874,3853.04,3246.1,4170.51,3577.61
Copy of IMG03527.JPG,conductor,1,0.4795,4803.09,3198.62,6225.9,3735.88
Copy of IMG03527.JPG,conductor,1,0.4596,4180.77,2525.36,5727.27,2974.75
Copy of IMG03527.JPG,insulator,2,0.3419,3926.91,3599.09,4266.24,3922.83
Copy of IMG03527.JPG,conductor,1,0.2806,1763.05,3069.28,3038.69,3613.47
Copy of IMG03527.JPG,conductor,1,0.2563,27.36,3430.93,1800.46,4003.57
Copy of IMG03527.JPG,conductor,1,0.2374,1.11,3775.49,795.57,4373.63
Copy of IMG03527.JPG,conductor,1,0.2137,4234.32,2469.99,5925.76,2904.15
Copy of IMG03527.JPG,conductor,1,0.1779,0.0,3567.09,857.91,4346.54
Copy of IMG03527.JPG,conductor,1,0.1739,2.37,3629.19,1321.25,4238.64
Copy of IMG03527.JPG,conductor,1,0.1696,1.08,3936.6,433.22,4353.32
Copy of IMG03527.JPG,conductor,1,0.1446,458.38,3342.84,2222.11,3904.3
Copy of IMG03527.JPG,conductor,1,0.1442,6.0,3647.34,1193.64,3992.63
Copy of IMG03527.JPG,conductor,1,0.1282,4.59,3896.78,588.46,4312.34
Copy of IMG03527.JPG,conductor,1,0.1235,5.97,3588.04,1665.07,4169.57
Copy of IMG03527.JPG,conductor,1,0.122,4508.38,3151.95,6198.36,3798.98
Copy of IMG03527.JPG,conductor,1,0.1115,4483.79,2432.46,6038.09,2849.26
Copy of IMG03527.JPG,insulator,2,0.1035,3450.01,2905.36,3713.28,3128.88
Copy of IMG03527.JPG,conductor,1,0.0873,5049.26,2889.91,5927.67,3216.69
Copy of IMG03527.JPG,conductor,1,0.0809,0.0,3766.24,686.62,4130.79
Copy of IMG03527.JPG,conductor,1,0.0796,0.52,3986.19,380.53,4404.82
Copy of IMG03527.JPG,conductor,1,0.0795,8217.71,5628.78,9504.0,6336.0
Copy of IMG03527.JPG,conductor,1,0.0779,4175.1,2635.73,5159.66,2956.51
Copy of IMG03527.JPG,conductor,1,0.0774,0.0,3688.05,819.84,4036.4
Copy of IMG03527.JPG,conductor,1,0.0737,1.2,3949.09,302.17,4356.45
Copy of IMG03527.JPG,conductor,1,0.0736,937.85,3488.85,1888.63,3802.23
Copy of IMG03527.JPG,conductor,1,0.0686,1764.27,3168.26,2882.59,3547.32
Copy of IMG03527.JPG,conductor,1,0.066,5029.57,2538.88,5843.73,2835.02
Copy of IMG03527.JPG,conductor,1,0.0592,2036.24,3067.72,3131.45,3502.25
Copy of IMG03527.JPG,conductor,1,0.0584,1221.59,3496.49,2017.9,3791.55
Copy of IMG03527.JPG,conductor,1,0.0581,0.0,3813.58,652.74,4260.66
Copy of IMG03527.JPG,conductor,1,0.0579,24.83,3604.3,1112.57,3899.41
Copy of IMG03527.JPG,conductor,1,0.0563,4333.18,2620.16,5394.62,2951.42
Copy of IMG03527.JPG,conductor,1,0.0551,8946.61,2297.42,9502.96,2627.04
Copy of IMG03527.JPG,conductor,1,0.0547,425.11,3618.17,1563.88,3925.4
Copy of IMG03527.JPG,conductor,1,0.0536,8873.29,2657.06,9502.65,2974.39
Copy of IMG03527.JPG,conductor,1,0.0502,0.62,3990.4,250.5,4435.52
Copy of IMG00438.JPG,insulator,2,0.657,4258.92,2896.09,4654.41,3286.7
Copy of IMG00438.JPG,insulator,2,0.5865,5303.59,2961.12,5755.31,3354.39
Copy of IMG00438.JPG,conductor,1,0.4653,704.04,5413.14,1554.19,6208.53
Copy of IMG00438.JPG,insulator,2,0.4365,4923.57,3083.13,5179.04,3316.74
Copy of IMG00438.JPG,pylon,0,0.3551,4680.61,3874.36,5159.6,6237.45
Copy of IMG00438.JPG,conductor,1,0.325,1882.97,4489.87,2837.67,5141.72
Copy of IMG00438.JPG,conductor,1,0.3183,1085.31,4943.8,2150.47,5588.56
Copy of IMG00438.JPG,conductor,1,0.3158,2723.73,3621.11,3778.78,4502.83
Copy of IMG00438.JPG,conductor,1,0.2734,1802.26,4557.69,2715.26,5173.17
Copy of IMG00438.JPG,conductor,1,0.2708,3567.53,4414.07,4229.44,5177.75
Copy of IMG00438.JPG,conductor,1,0.2697,2052.15,5809.37,2573.84,6310.0
Copy of IMG00438.JPG,conductor,1,0.2396,4528.44,3866.15,5186.85,6271.0
Copy of IMG00438.JPG,conductor,1,0.2392,2515.98,5362.63,3130.16,6160.45
Copy of IMG00438.JPG,conductor,1,0.2209,1451.24,5734.33,1972.77,6285.62
Copy of IMG00438.JPG,insulator,2,0.2069,4692.65,3117.0,4898.83,3323.38
Copy of IMG00438.JPG,insulator,2,0.2019,4928.43,3069.26,5272.2,3324.86
Copy of IMG00438.JPG,conductor,1,0.2018,1870.39,5420.0,2385.58,5936.06
Copy of IMG00438.JPG,conductor,1,0.1906,1797.18,5450.57,2347.01,6063.23
Copy of IMG00438.JPG,conductor,1,0.1797,1573.21,5642.22,2156.58,6263.77
Copy of IMG00438.JPG,conductor,1,0.1719,2215.63,5094.44,2783.37,5574.42
Copy of IMG00438.JPG,insulator,2,0.1702,5007.4,3495.86,5352.29,3740.85
Copy of IMG00438.JPG,conductor,1,0.1693,2591.39,5318.72,3189.15,6020.9
Copy of IMG00438.JPG,conductor,1,0.1632,23.41,3085.91,3591.82,3752.33
Copy of IMG00438.JPG,conductor,1,0.1628,4097.28,4050.97,4603.88,4536.24
Copy of IMG00438.JPG,conductor,1,0.1452,3450.08,4492.55,4083.8,5235.22
Copy of IMG00438.JPG,conductor,1,0.1396,1405.5,5819.81,1903.46,6296.98
Copy of IMG00438.JPG,conductor,1,0.138,1670.83,5512.88,2243.36,6206.86
Copy of IMG00438.JPG,conductor,1,0.1306,3598.42,4355.13,4298.33,5049.92
Copy of IMG00438.JPG,insulator,2,0.1274,4795.14,2928.45,5077.9,3198.14
Copy of IMG00438.JPG,conductor,1,0.1259,2111.99,5740.31,2662.88,6297.12
Copy of IMG00438.JPG,conductor,1,0.123,2475.92,3763.56,3630.4,4649.79
Copy of IMG00438.JPG,conductor,1,0.1195,832.96,5028.0,2017.52,5979.09
Copy of IMG00438.JPG,conductor,1,0.1115,2152.99,5129.17,2735.79,5658.67
Copy of IMG00438.JPG,insulator,2,0.1082,4951.84,3410.32,5378.81,3758.26
Copy of IMG00438.JPG,conductor,1,0.1068,32.55,3722.2,3499.78,5275.33
Copy of IMG00438.JPG,conductor,1,0.1043,605.25,5555.95,1539.02,6256.84
Copy of IMG00438.JPG,insulator,2,0.1014,4712.8,2987.38,4988.31,3221.11
Copy of IMG00438.JPG,conductor,1,0.0985,3745.33,4268.77,4363.14,4883.04
Copy of IMG00438.JPG,insulator,2,0.0983,4853.85,2988.56,5126.2,3274.71
Copy of IMG00438.JPG,conductor,1,0.0955,4409.02,3868.76,4764.63,4320.96
Copy of IMG00438.JPG,conductor,1,0.0945,512.42,5678.46,1431.85,6272.16
Copy of IMG00438.JPG,conductor,1,0.0938,509.72,5869.64,1098.98,6285.63
Copy of IMG00438.JPG,conductor,1,0.0938,2896.03,3532.52,3998.06,4420.26
Copy of IMG00438.JPG,conductor,1,0.0924,2232.59,5683.98,2732.94,6293.82
Copy of IMG00438.JPG,conductor,1,0.086,1569.97,4593.53,2675.83,5284.25
Copy of IMG00438.JPG,conductor,1,0.0834,2695.33,4621.88,3360.23,5176.45
Copy of IMG00438.JPG,conductor,1,0.0817,3068.07,3461.79,4095.89,4230.19
Copy of IMG00438.JPG,insulator,2,0.0791,5119.88,3472.3,5424.14,3727.48
Copy of IMG00438.JPG,conductor,1,0.0788,2373.39,5447.55,3021.93,6243.45
Copy of IMG00438.JPG,conductor,1,0.0775,2182.4,4030.81,3292.72,4814.95
Copy of IMG00438.JPG,conductor,1,0.0713,4237.01,3897.05,4754.67,4440.99
Copy of IMG00438.JPG,conductor,1,0.0712,2299.88,4977.94,2937.16,5506.57
Copy of IMG00438.JPG,conductor,1,0.0702,1229.71,4753.11,2318.83,5454.24
Copy of IMG00438.JPG,conductor,1,0.0698,3314.2,3405.92,4157.42,3987.61
Copy of IMG00438.JPG,conductor,1,0.0689,2997.93,4969.81,3592.44,5614.37
Copy of IMG00438.JPG,conductor,1,0.0686,2445.51,4939.14,2983.52,5417.34
Copy of IMG00438.JPG,conductor,1,0.0686,2614.9,4723.66,3245.07,5273.12
Copy of IMG00438.JPG,conductor,1,0.0681,2508.84,4864.3,3042.99,5367.55
Copy of IMG00438.JPG,insulator,2,0.0677,5020.6,3394.31,5437.9,3740.95
Copy of IMG00438.JPG,conductor,1,0.064,3928.85,4118.76,4560.2,4734.83
Copy of IMG00438.JPG,conductor,1,0.0587,1956.18,5277.01,2457.32,5819.41
Copy of IMG00438.JPG,conductor,1,0.0581,3368.17,4598.11,3970.4,5346.85
Copy of IMG00438.JPG,conductor,1,0.0573,2670.26,5219.09,3345.74,5914.02
Copy of IMG00438.JPG,conductor,1,0.0566,4122.9,3617.0,4476.12,3999.16
Copy of IMG00438.JPG,conductor,1,0.054,3620.69,3376.64,4230.6,3842.05
Copy of IMG00438.JPG,conductor,1,0.0512,2041.1,4262.38,2993.03,4968.57
Copy of IMG00438.JPG,conductor,1,0.0511,6009.14,3024.62,9504.0,3753.61
Copy of IMG03549.JPG,pylon,0,0.6454,6391.93,2886.48,6940.96,6308.4
Copy of IMG03549.JPG,insulator,2,0.5323,6603.51,2567.06,6846.37,2875.6
Copy of IMG03549.JPG,conductor,1,0.5214,7626.3,2645.98,8891.6,3184.16
Copy of IMG03549.JPG,insulator,2,0.4647,6634.4,2116.11,6878.77,2496.84
Copy of IMG03549.JPG,conductor,1,0.3015,8353.06,2991.79,9295.19,3456.86
Copy of IMG03549.JPG,conductor,1,0.2791,7585.43,2600.9,8637.21,3119.54
Copy of IMG03549.JPG,conductor,1,0.2316,8284.31,3542.96,9153.11,4241.37
Copy of IMG03549.JPG,conductor,1,0.1798,8525.77,3087.98,9327.52,3557.09
Copy of IMG03549.JPG,conductor,1,0.1628,8001.75,2872.8,9265.91,3382.26
Copy of IMG03549.JPG,conductor,1,0.1598,7639.52,2692.59,9135.95,3258.27
Copy of IMG03549.JPG,conductor,1,0.1283,8603.35,3163.89,9413.09,3602.57
Copy of IMG03549.JPG,conductor,1,0.1254,9097.04,4207.39,9503.81,5299.81
Copy of IMG03549.JPG,conductor,1,0.1181,9023.45,3373.26,9502.09,3800.93
Copy of IMG03549.JPG,conductor,1,0.1063,8964.8,3832.48,9503.79,4359.47
Copy of IMG03549.JPG,conductor,1,0.0995,8704.25,3256.56,9474.56,3660.56
Copy of IMG03549.JPG,conductor,1,0.0929,9078.61,3446.35,9504.0,3857.57
Copy of IMG03549.JPG,insulator,2,0.0924,6649.81,2548.52,6884.22,2919.32
Copy of IMG03549.JPG,conductor,1,0.0831,7578.89,3131.98,8296.48,3564.66
Copy of IMG03549.JPG,conductor,1,0.0782,8813.61,3688.46,9504.0,4380.52
Copy of IMG03549.JPG,conductor,1,0.0725,9067.59,3939.21,9504.0,5155.79
Copy of IMG03549.JPG,conductor,1,0.0687,8899.57,3284.81,9492.72,3725.89
Copy of IMG03549.JPG,conductor,1,0.0662,7590.54,3188.98,8407.87,3646.87
Copy of IMG03549.JPG,conductor,1,0.064,9086.82,3902.81,9502.96,4405.95
Copy of IMG03549.JPG,insulator,2,0.0617,6580.21,2107.69,6859.35,2451.75
Copy of IMG03549.JPG,conductor,1,0.0609,7669.63,2665.71,8565.87,3071.78
Copy of IMG03549.JPG,conductor,1,0.056,8485.09,3653.0,9278.92,4176.44
Copy of IMG03549.JPG,conductor,1,0.0545,7411.86,2544.58,8600.34,3015.39
Copy of IMG03549.JPG,conductor,1,0.0536,8266.93,2945.04,9256.99,3359.36
Copy of IMG03549.JPG,conductor,1,0.0533,9045.23,3829.96,9504.0,4581.45
Copy of IMG03549.JPG,conductor,1,0.0527,7743.98,2717.93,8640.35,3119.38
Copy of IMG03549.JPG,conductor,1,0.0513,6927.09,824.39,8166.33,1210.9
Copy of IMG03549.JPG,conductor,1,0.0502,8211.68,3495.75,9078.89,4072.03
Copy of IMG00511.JPG,insulator,2,0.5343,5281.89,2651.47,5601.47,2925.09
Copy of IMG00511.JPG,pylon,0,0.5286,4806.73,3113.21,5199.68,5062.05
Copy of IMG00511.JPG,conductor,1,0.4497,164.36,4745.53,2627.37,5383.17
Copy of IMG00511.JPG,conductor,1,0.3845,206.53,3151.42,4163.07,3765.42
Copy of IMG00511.JPG,insulator,2,0.3443,4839.8,2632.14,5042.0,2852.73
Copy of IMG00511.JPG,insulator,2,0.3235,4407.16,2530.19,4706.43,2829.45
Copy of IMG00511.JPG,insulator,2,0.3089,4633.85,2972.88,4929.45,3189.5
Copy of IMG00511.JPG,insulator,2,0.2887,4432.42,2510.24,4777.19,2806.28
Copy of IMG00511.JPG,insulator,2,0.2599,1.6,3198.11,183.88,3500.7
Copy of IMG00511.JPG,insulator,2,0.2569,4573.72,2990.18,4862.63,3225.33
Copy of IMG00511.JPG,conductor,1,0.1707,5886.49,3207.2,9481.86,3847.2
Copy of IMG00511.JPG,insulator,2,0.1131,4896.18,2593.79,5164.67,2816.17
Copy of IMG00511.JPG,conductor,1,0.1073,0.75,4436.31,635.04,5026.06
Copy of IMG00511.JPG,conductor,1,0.1011,2.9,4507.58,516.8,4962.55
Copy of IMG00511.JPG,conductor,1,0.0922,5286.03,3068.22,5495.02,3576.65
Copy of IMG00511.JPG,insulator,2,0.0916,4958.95,2534.4,5225.24,2783.53
Copy of IMG00511.JPG,conductor,1,0.0778,1325.55,4868.3,2609.3,5303.6
Copy of IMG00511.JPG,insulator,2,0.0771,5257.43,2657.22,5511.63,2924.07
Copy of IMG00511.JPG,conductor,1,0.0735,5724.21,3385.36,9504.0,4066.48
Copy of IMG00511.JPG,conductor,1,0.0675,6115.85,2955.96,9416.79,3709.09
Copy of IMG00511.JPG,insulator,2,0.0611,4871.43,2553.0,5107.44,2808.58
Copy of IMG00511.JPG,conductor,1,0.0595,5309.89,3039.44,5531.53,3536.93
Copy of IMG00511.JPG,conductor,1,0.0515,915.34,4841.42,2692.33,5217.38
Copy of IMG03509.JPG,insulator,2,0.8524,3772.25,3806.69,4137.76,4270.18
Copy of IMG03509.JPG,insulator,2,0.8511,3638.93,2949.04,4045.06,3435.5
Copy of IMG03509.JPG,pylon,0,0.7312,3484.21,4322.99,4097.61,6273.12
Copy of IMG03509.JPG,conductor,1,0.586,59.74,3941.43,3278.24,4839.69
Copy of IMG03509.JPG,insulator,2,0.5732,3660.99,2092.54,4024.61,2534.91
Copy of IMG03509.JPG,conductor,1,0.499,30.41,3088.38,3170.19,3717.47
Copy of IMG03509.JPG,conductor,1,0.4985,4260.18,3692.25,7066.06,4158.78
Copy of IMG03509.JPG,conductor,1,0.3593,4297.48,3648.37,6885.48,4278.46
Copy of IMG03509.JPG,conductor,1,0.3419,417.9,3934.44,2906.67,4746.94
Copy of IMG03509.JPG,conductor,1,0.2098,2687.76,1591.74,3634.34,1978.22
Copy of IMG03509.JPG,conductor,1,0.1877,2015.6,2090.4,3492.09,2420.73
Copy of IMG03509.JPG,insulator,2,0.162,1746.06,1354.16,2036.2,1841.26
Copy of IMG03509.JPG,conductor,1,0.1523,2510.5,1914.7,3523.81,2328.11
Copy of IMG03509.JPG,conductor,1,0.1504,4199.45,2842.94,5846.43,3265.24
Copy of IMG03509.JPG,conductor,1,0.1479,2395.75,988.78,3243.51,1405.16
Copy of IMG03509.JPG,conductor,1,0.1474,1498.6,2239.54,3348.47,2688.57
Copy of IMG03509.JPG,conductor,1,0.147,2457.35,887.19,3262.32,1364.34
Copy of IMG03509.JPG,conductor,1,0.1369,4415.41,2072.52,5875.86,2463.66
Copy of IMG03509.JPG,conductor,1,0.1259,2319.95,1043.29,3204.13,1476.39
Copy of IMG03509.JPG,conductor,1,0.1068,2633.24,1714.6,3576.07,2222.56
Copy of IMG03509.JPG,conductor,1,0.1053,72.29,4055.63,2531.43,4814.19
Copy of IMG03509.JPG,conductor,1,0.1052,2426.71,2084.42,3519.66,2376.26
Copy of IMG03509.JPG,conductor,1,0.1038,11.77,3201.11,2700.84,3797.84
Copy of IMG03509.JPG,conductor,1,0.0987,0.0,4318.38,939.77,4978.91
Copy of IMG03509.JPG,conductor,1,0.0973,2594.51,1824.67,3535.65,2295.69
Copy of IMG03509.JPG,conductor,1,0.091,4669.77,2112.91,5793.1,2438.79
Copy of IMG03509.JPG,conductor,1,0.0901,0.62,4402.36,807.0,5144.66
Copy of IMG03509.JPG,conductor,1,0.0747,0.02,4402.9,980.38,4802.91
Copy of IMG03509.JPG,conductor,1,0.0678,8417.25,3740.03,9504.0,4060.54
Copy of IMG03509.JPG,conductor,1,0.0675,2531.97,734.88,3335.75,1199.39
Copy of IMG03509.JPG,conductor,1,0.0669,2623.29,1664.58,3586.03,2103.69
Copy of IMG03509.JPG,conductor,1,0.0603,3935.43,3773.92,8741.68,4120.97
Copy of IMG03509.JPG,conductor,1,0.0596,8711.26,3807.55,9493.74,4029.24
Copy of IMG03509.JPG,conductor,1,0.0571,2751.34,1522.05,3661.07,1929.08
Copy of IMG03509.JPG,conductor,1,0.0545,4462.31,2072.05,8228.3,2463.15
Copy of IMG03509.JPG,conductor,1,0.0535,1.19,4462.9,694.27,4927.01
Copy of IMG03509.JPG,conductor,1,0.0532,0.0,4136.55,2195.02,4882.16
Copy of IMG03509.JPG,conductor,1,0.0521,2555.72,2006.0,3537.19,2365.46
Copy of IMG03509.JPG,conductor,1,0.0519,8636.24,3676.96,9503.2,4045.59
Copy of IMG03483.JPG,conductor,1,0.7445,166.95,3766.39,3711.12,4597.18
Copy of IMG03483.JPG,conductor,1,0.7284,5391.02,2638.87,9504.0,2956.03
Copy of IMG03483.JPG,insulator,2,0.7086,4630.36,4956.3,5086.0,5461.01
Copy of IMG03483.JPG,conductor,1,0.4384,4.61,3156.92,2194.9,3722.5
Copy of IMG03483.JPG,conductor,1,0.4325,833.03,3087.69,2367.46,3540.11
Copy of IMG03483.JPG,conductor,1,0.4132,69.91,3093.25,2349.5,3612.75
Copy of IMG03483.JPG,insulator,2,0.409,3651.47,2683.74,4030.89,3074.53
Copy of IMG03483.JPG,conductor,1,0.3989,4750.47,2635.91,9504.0,3035.0
Copy of IMG03483.JPG,pylon,0,0.3805,4150.44,4090.51,4715.37,6302.13
Copy of IMG03483.JPG,insulator,2,0.2546,3678.1,2666.61,4164.09,3083.49
Copy of IMG03483.JPG,conductor,1,0.2212,0.1,3218.87,1671.23,3727.78
Copy of IMG03483.JPG,insulator,2,0.218,4252.22,3438.89,4612.41,3720.81
Copy of IMG03483.JPG,conductor,1,0.1864,0.0,5687.53,2154.19,6329.18
Copy of IMG03483.JPG,conductor,1,0.139,5760.38,4677.49,9464.63,5372.16
Copy of IMG03483.JPG,conductor,1,0.1163,0.0,5647.86,3294.38,6310.26
Copy of IMG03483.JPG,pylon,0,0.1044,4194.02,5257.06,4712.43,6305.97
Copy of IMG03483.JPG,conductor,1,0.0935,81.43,5268.38,4471.13,6156.46
Copy of IMG03483.JPG,conductor,1,0.0931,0.0,5924.48,953.6,6336.0
Copy of IMG03483.JPG,conductor,1,0.0904,0.0,5778.31,1633.28,6336.0
Copy of IMG03483.JPG,conductor,1,0.0868,889.21,5445.94,3879.41,6055.25
Copy of IMG03483.JPG,conductor,1,0.0827,4191.4,2650.12,9156.48,3126.67
Copy of IMG03483.JPG,conductor,1,0.076,5891.86,5394.07,7035.06,6325.91
Copy of IMG03483.JPG,conductor,1,0.0759,18.6,309.55,498.08,1230.52
Copy of IMG03483.JPG,conductor,1,0.0721,0.0,3381.33,850.45,3714.14
Copy of IMG03483.JPG,conductor,1,0.0719,31.37,5539.84,4094.31,6159.35
Copy of IMG03483.JPG,conductor,1,0.068,0.0,5865.87,1246.89,6328.83
Copy of IMG03483.JPG,conductor,1,0.0677,5.5,191.71,305.27,1108.98
Copy of IMG03483.JPG,conductor,1,0.0651,0.0,3450.03,792.19,3774.14
Copy of IMG03483.JPG,conductor,1,0.0622,29.16,340.36,598.72,1424.73
Copy of IMG03483.JPG,conductor,1,0.0587,4479.26,3236.22,9468.88,4021.52
Copy of IMG03483.JPG,conductor,1,0.0569,5364.85,4761.37,9504.0,5326.88
Copy of IMG03483.JPG,conductor,1,0.0569,1112.68,3070.04,2556.41,3469.92
Copy of IMG03483.JPG,conductor,1,0.0558,0.1,4207.05,754.48,4563.54
Copy of IMG03483.JPG,insulator,2,0.0555,4276.54,3506.49,4641.85,3790.23
Copy of IMG03483.JPG,conductor,1,0.0511,11.09,5424.89,4641.36,6313.34
Copy of IMG00034.JPG,pylon,0,0.8354,4753.43,2991.58,5170.25,6208.76
Copy of IMG00034.JPG,insulator,2,0.6534,4868.32,2538.8,5101.62,2780.48
Copy of IMG00034.JPG,insulator,2,0.6289,5441.81,2704.3,5712.56,2946.45
Copy of IMG00034.JPG,insulator,2,0.4917,5443.68,2644.18,5679.96,2880.0
Copy of IMG00034.JPG,insulator,2,0.3927,5452.08,2749.27,5721.11,2980.7
Copy of IMG00034.JPG,insulator,2,0.357,4281.19,2801.87,4516.03,3018.82
Copy of IMG00034.JPG,conductor,1,0.2918,5541.4,3085.09,6230.6,3921.11
Copy of IMG00034.JPG,conductor,1,0.2335,5604.3,1448.3,6335.85,2423.82
Copy of IMG00034.JPG,insulator,2,0.213,4277.73,2756.75,4523.91,2973.94
Copy of IMG00034.JPG,conductor,1,0.1759,4785.01,1155.84,5484.72,2045.37
Copy of IMG00034.JPG,conductor,1,0.1629,6103.91,150.89,6490.94,607.95
Copy of IMG00034.JPG,conductor,1,0.1161,4384.14,3080.78,4685.46,3438.94
Copy of IMG00034.JPG,conductor,1,0.107,5612.17,178.58,6047.72,658.47
Copy of IMG00034.JPG,conductor,1,0.1061,5560.37,3108.56,6044.09,3701.81
Copy of IMG00034.JPG,insulator,2,0.0986,4294.81,2696.24,4505.79,2883.03
Copy of IMG00034.JPG,conductor,1,0.0913,5203.0,3990.16,5836.86,4714.61
Copy of IMG00034.JPG,conductor,1,0.0907,5675.72,68.53,6109.08,581.91
Copy of IMG00034.JPG,insulator,2,0.0882,4318.3,2584.44,4526.45,2765.87
Copy of IMG00034.JPG,conductor,1,0.0837,6296.92,565.05,6657.16,985.18
Copy of IMG00034.JPG,conductor,1,0.0705,6144.91,108.24,6517.85,545.2
Copy of IMG00034.JPG,insulator,2,0.0704,4938.73,2826.33,5152.96,3024.92
Copy of IMG00034.JPG,insulator,2,0.0693,4297.45,2678.74,4523.9,2848.33
Copy of IMG00034.JPG,insulator,2,0.0648,4881.95,2807.09,5115.88,2986.65
Copy of IMG00034.JPG,conductor,1,0.0624,4864.14,1205.09,5424.51,1898.36
Copy of IMG00034.JPG,conductor,1,0.0617,79.62,2996.84,817.95,3229.78
Copy of IMG00034.JPG,conductor,1,0.0544,5570.96,3156.6,6105.68,3795.87
Copy of IMG00034.JPG,conductor,1,0.0535,4449.66,3191.46,4756.93,3723.92
Copy of IMG00034.JPG,conductor,1,0.053,4938.26,1110.57,5501.07,1787.35
Copy of IMG00034.JPG,conductor,1,0.0519,5574.37,194.19,6077.94,798.09
Copy of IMG00195.JPG,insulator,2,0.5974,305.62,3389.15,519.87,3580.57
Copy of IMG00195.JPG,insulator,2,0.3988,51.18,3395.38,250.72,3577.76
Copy of IMG00195.JPG,conductor,1,0.2914,698.14,5193.37,1296.84,6306.99
Copy of IMG00195.JPG,insulator,2,0.242,10.44,3393.22,185.42,3581.18
Copy of IMG00195.JPG,insulator,2,0.1634,9.13,3358.5,233.39,3574.24
Copy of IMG00195.JPG,pylon,0,0.1513,0.0,3719.14,291.35,5889.76
Copy of IMG00195.JPG,conductor,1,0.1351,0.0,3791.76,331.94,6320.13
Copy of IMG00195.JPG,conductor,1,0.0836,795.97,3846.56,2765.21,4672.76
Copy of IMG00195.JPG,conductor,1,0.0826,611.77,4638.98,1313.64,6303.36
Copy of IMG00195.JPG,conductor,1,0.0638,859.22,5354.4,1245.6,6294.68
Copy of IMG00532.JPG,conductor,1,0.4828,8305.35,4516.91,9268.63,5173.8
Copy of IMG00532.JPG,conductor,1,0.3179,4827.81,1703.94,5763.61,2333.3
Copy of IMG00532.JPG,conductor,1,0.2871,10.52,1184.18,1594.68,2054.87
Copy of IMG00532.JPG,conductor,1,0.2673,8517.9,2264.48,9468.93,2723.38
Copy of IMG00532.JPG,conductor,1,0.258,9038.56,5370.64,9503.8,6251.6
Copy of IMG00532.JPG,conductor,1,0.2485,5186.14,2248.34,6036.06,2953.24
Copy of IMG00532.JPG,conductor,1,0.2099,7580.0,1047.56,8499.25,1548.07
Copy of IMG00532.JPG,conductor,1,0.1996,6345.65,1416.69,7172.22,1935.71
Copy of IMG00532.JPG,conductor,1,0.1948,6773.53,2224.91,7635.3,2790.98
Copy of IMG00532.JPG,conductor,1,0.1936,6602.21,1866.3,7646.95,2342.67
Copy of IMG00532.JPG,conductor,1,0.1855,6666.93,2024.94,7637.65,2734.11
Copy of IMG00532.JPG,conductor,1,0.1491,8700.66,2351.68,9390.93,2746.88
Copy of IMG00532.JPG,conductor,1,0.146,7320.0,2977.61,8806.55,4605.08
Copy of IMG00532.JPG,conductor,1,0.1427,8467.66,1957.81,9449.08,2337.18
Copy of IMG00532.JPG,conductor,1,0.1141,7564.27,997.11,8418.15,1464.66
Copy of IMG00532.JPG,conductor,1,0.1053,7953.8,1431.8,8750.27,1926.07
Copy of IMG00532.JPG,conductor,1,0.0999,4920.37,2100.59,6010.49,2920.98
Copy of IMG00532.JPG,conductor,1,0.0975,6388.3,1518.45,7213.41,2038.43
Copy of IMG00532.JPG,conductor,1,0.0958,8576.87,2329.8,9309.27,2721.06
Copy of IMG00532.JPG,conductor,1,0.0945,8470.35,2065.6,9449.96,2660.63
Copy of IMG00532.JPG,conductor,1,0.094,3926.65,224.17,4445.06,488.43
Copy of IMG00532.JPG,conductor,1,0.093,9090.34,5545.92,9504.0,6275.82
Copy of IMG00532.JPG,conductor,1,0.0855,6986.35,2362.62,7625.12,2799.11
Copy of IMG00532.JPG,conductor,1,0.084,6434.7,1575.49,7389.97,2120.12
Copy of IMG00532.JPG,conductor,1,0.0827,4793.64,1615.62,5587.38,2226.2
Copy of IMG00532.JPG,conductor,1,0.0784,8408.51,1910.84,9318.51,2312.21
Copy of IMG00532.JPG,conductor,1,0.0778,4838.15,1843.05,5964.34,2656.41
Copy of IMG00532.JPG,conductor,1,0.0723,4841.41,1781.76,5884.23,2446.29
Copy of IMG00532.JPG,conductor,1,0.0722,49.43,714.56,608.19,948.98
Copy of IMG00532.JPG,conductor,1,0.0615,8021.09,1531.12,8888.21,1954.5
Copy of IMG00532.JPG,conductor,1,0.0569,9200.18,5599.37,9502.51,6251.44
Copy of IMG00532.JPG,conductor,1,0.0534,5700.14,3090.66,7300.12,4622.07
Copy of IMG00532.JPG,conductor,1,0.0524,6251.32,1366.83,7062.33,1841.96
Copy of IMG00532.JPG,conductor,1,0.0523,7764.42,1341.26,8695.09,1893.65
Copy of IMG00409.JPG,insulator,2,0.9512,5190.34,2386.13,5702.52,2936.36
Copy of IMG00409.JPG,insulator,2,0.9464,2784.85,2114.93,3332.1,2676.37
Copy of IMG00409.JPG,pylon,0,0.8543,3747.62,3167.49,4354.21,6267.63
Copy of IMG00409.JPG,conductor,1,0.5053,4583.31,1867.18,5319.96,2260.22
Copy of IMG00409.JPG,insulator,2,0.4755,4049.8,2221.27,4480.93,2656.87
Copy of IMG00409.JPG,insulator,2,0.4162,4167.68,1649.43,4504.16,1906.87
Copy of IMG00409.JPG,insulator,2,0.4158,4094.87,1926.03,4448.24,2261.1
Copy of IMG00409.JPG,insulator,2,0.2669,5483.62,1831.2,5728.0,2048.36
Copy of IMG00409.JPG,conductor,1,0.2413,8886.43,2498.7,9502.85,2762.13
Copy of IMG00409.JPG,conductor,1,0.2336,8746.29,2391.37,9504.0,2789.46
Copy of IMG00409.JPG,conductor,1,0.2182,8844.02,3541.86,9502.38,3842.45
Copy of IMG00409.JPG,conductor,1,0.2179,5460.47,3059.61,6971.92,3475.81
Copy of IMG00409.JPG,conductor,1,0.1885,9023.79,2270.01,9501.25,2519.34
Copy of IMG00409.JPG,insulator,2,0.1718,4070.48,2110.83,4495.77,2604.06
Copy of IMG00409.JPG,conductor,1,0.1707,3135.25,1719.54,4058.02,2149.75
Copy of IMG00409.JPG,conductor,1,0.1439,5476.27,3082.78,8367.21,3518.31
Copy of IMG00409.JPG,conductor,1,0.1401,4607.34,1705.48,5418.23,2001.79
Copy of IMG00409.JPG,conductor,1,0.1226,4587.78,1752.29,5401.6,2190.28
Copy of IMG00409.JPG,conductor,1,0.1218,5237.5,3032.59,6873.09,3427.77
Copy of IMG00409.JPG,insulator,2,0.1192,3964.14,2967.06,4293.98,3201.04
Copy of IMG00409.JPG,conductor,1,0.1189,8262.7,3516.44,9251.13,3759.08
Copy of IMG00409.JPG,insulator,2,0.1182,4119.55,1830.22,4486.8,2130.59
Copy of IMG00409.JPG,conductor,1,0.115,8264.13,3499.78,9504.0,3828.41
Copy of IMG00409.JPG,conductor,1,0.1128,9006.44,3609.94,9502.39,3891.56
Copy of IMG00409.JPG,conductor,1,0.1045,8968.94,2440.08,9501.67,2709.07
Copy of IMG00409.JPG,conductor,1,0.1027,8734.59,3536.83,9499.02,3780.61
Copy of IMG00409.JPG,conductor,1,0.0999,9099.99,2205.26,9503.58,2475.44
Copy of IMG00409.JPG,conductor,1,0.0966,62.54,1773.81,3126.11,2061.68
Copy of IMG00409.JPG,conductor,1,0.0911,3160.84,1847.3,4081.27,2157.83
Copy of IMG00409.JPG,conductor,1,0.0911,96.73,1838.96,1031.68,2058.53
Copy of IMG00409.JPG,conductor,1,0.0898,9017.29,2341.28,9504.0,2658.09
Copy of IMG00409.JPG,conductor,1,0.0879,8908.46,2264.68,9503.64,2732.01
Copy of IMG00409.JPG,conductor,1,0.0778,5940.95,1969.41,8578.01,2296.86
Copy of IMG00409.JPG,conductor,1,0.0741,5674.31,3318.48,9001.76,3638.37
Copy of IMG00409.JPG,conductor,1,0.0735,8630.34,3488.26,9500.65,3866.7
Copy of IMG00409.JPG,conductor,1,0.0667,0.0,1746.9,1058.71,2047.77
Copy of IMG00409.JPG,insulator,2,0.0604,4131.33,1765.31,4495.21,2079.33
Copy of IMG00409.JPG,conductor,1,0.0578,9231.16,2220.97,9503.56,2493.49
Copy of IMG00409.JPG,conductor,1,0.0555,9105.35,3546.06,9503.45,3870.47
Copy of IMG00409.JPG,conductor,1,0.0509,5535.4,3121.16,8917.43,3577.24
Copy of IMG00145.JPG,insulator,2,0.8125,6519.94,1706.69,6805.74,2015.12
Copy of IMG00145.JPG,insulator,2,0.6736,6270.54,864.59,6566.09,1234.46
Copy of IMG00145.JPG,insulator,2,0.6541,5852.66,859.68,6154.77,1267.1
Copy of IMG00145.JPG,conductor,1,0.5128,2806.55,2724.45,4515.83,3733.11
Copy of IMG00145.JPG,conductor,1,0.3905,4712.64,2061.78,5778.33,2779.8
Copy of IMG00145.JPG,conductor,1,0.3681,1976.4,2130.71,3015.3,2504.54
Copy of IMG00145.JPG,conductor,1,0.3607,1726.05,3249.42,3015.24,4242.37
Copy of IMG00145.JPG,conductor,1,0.3532,15.44,2907.21,1237.2,3395.33
Copy of IMG00145.JPG,conductor,1,0.3445,6910.9,1205.85,8074.33,1597.81
Copy of IMG00145.JPG,conductor,1,0.2968,5150.8,1355.32,5734.11,1672.77
Copy of IMG00145.JPG,insulator,2,0.2837,5696.82,4582.75,6000.64,5032.67
Copy of IMG00145.JPG,conductor,1,0.2216,3362.37,2116.99,4018.67,2531.05
Copy of IMG00145.JPG,conductor,1,0.2134,5063.69,1375.91,5684.06,1746.89
Copy of IMG00145.JPG,conductor,1,0.2128,4878.8,1092.73,5522.1,1388.46
Copy of IMG00145.JPG,conductor,1,0.2023,2968.56,1719.15,3959.54,2107.96
Copy of IMG00145.JPG,conductor,1,0.2018,827.7,3717.79,2076.65,4640.5
Copy of IMG00145.JPG,conductor,1,0.2006,2.31,3099.61,742.12,3508.21
Copy of IMG00145.JPG,conductor,1,0.1991,115.16,3945.66,1314.91,5011.39
Copy of IMG00145.JPG,conductor,1,0.1932,3816.02,1458.43,4632.92,1783.7
Copy of IMG00145.JPG,conductor,1,0.1821,2136.78,2613.73,2919.72,3057.47
Copy of IMG00145.JPG,conductor,1,0.1793,1593.13,3292.97,3097.96,4448.65
Copy of IMG00145.JPG,conductor,1,0.178,1607.28,2188.69,2969.22,2646.78
Copy of IMG00145.JPG,conductor,1,0.1746,3166.23,2235.56,3739.9,2660.59
Copy of IMG00145.JPG,conductor,1,0.1746,4415.02,1195.39,5179.75,1544.16
Copy of IMG00145.JPG,conductor,1,0.1719,1223.09,3062.99,1824.13,3479.06
Copy of IMG00145.JPG,conductor,1,0.1692,0.0,2987.71,950.52,3465.23
Copy of IMG00145.JPG,conductor,1,0.169,3441.76,2104.4,4076.2,2457.16
Copy of IMG00145.JPG,conductor,1,0.1657,6778.28,331.61,7468.83,583.67
Copy of IMG00145.JPG,conductor,1,0.1646,3645.83,1461.31,4597.99,1830.67
Copy of IMG00145.JPG,conductor,1,0.1646,2095.4,2672.88,2794.86,3075.66
Copy of IMG00145.JPG,conductor,1,0.1609,4104.65,1816.68,4708.2,2171.27
Copy of IMG00145.JPG,conductor,1,0.1567,2995.54,1650.49,4101.73,2059.21
Copy of IMG00145.JPG,conductor,1,0.1566,181.39,2851.21,1404.48,3268.39
Copy of IMG00145.JPG,conductor,1,0.1548,1355.69,2404.09,2461.35,2807.8
Copy of IMG00145.JPG,conductor,1,0.153,4925.63,1434.47,5497.67,1774.72
Copy of IMG00145.JPG,conductor,1,0.1507,1369.75,2305.68,2630.33,2761.38
Copy of IMG00145.JPG,conductor,1,0.1468,0.36,3639.72,445.32,4296.07
Copy of IMG00145.JPG,conductor,1,0.1449,2763.14,1928.8,3475.11,2243.02
Copy of IMG00145.JPG,conductor,1,0.1443,3944.16,1426.19,4688.1,1747.6
Copy of IMG00145.JPG,conductor,1,0.1441,4765.27,1954.53,5909.4,2677.13
Copy of IMG00145.JPG,conductor,1,0.1437,3344.26,1569.35,4360.9,1944.4
Copy of IMG00145.JPG,conductor,1,0.1384,4352.3,1272.64,5068.93,1592.51
Copy of IMG00145.JPG,conductor,1,0.1352,3258.47,2163.38,3964.45,2598.34
Copy of IMG00145.JPG,conductor,1,0.1341,4530.22,1146.66,5289.02,1467.49
Copy of IMG00145.JPG,conductor,1,0.1326,1287.76,3042.11,1899.47,3436.44
Copy of IMG00145.JPG,conductor,1,0.1279,5683.44,1851.2,6059.91,2217.62
Copy of IMG00145.JPG,conductor,1,0.126,3222.88,1613.41,4303.8,2013.86
Copy of IMG00145.JPG,conductor,1,0.1257,5423.09,1859.52,5943.78,2272.42
Copy of IMG00145.JPG,conductor,1,0.1235,2483.22,2467.17,3156.42,2893.22
Copy of IMG00145.JPG,conductor,1,0.1179,4861.63,1479.26,5399.68,1808.1
Copy of IMG00145.JPG,conductor,1,0.1153,1630.22,2249.88,2772.31,2685.52
Copy of IMG00145.JPG,conductor,1,0.1152,6954.71,1267.22,7853.65,1550.88
Copy of IMG00145.JPG,conductor,1,0.1149,1900.98,2146.15,3111.52,2592.04
Copy of IMG00145.JPG,conductor,1,0.1129,1536.09,2355.62,2529.87,2735.35
Copy of IMG00145.JPG,conductor,1,0.1119,1.91,3541.41,551.8,4220.16
Copy of IMG00145.JPG,conductor,1,0.1107,7859.05,998.32,8602.79,1335.15
Copy of IMG00145.JPG,conductor,1,0.1094,5758.3,1514.38,6053.42,2006.29
Copy of IMG00145.JPG,conductor,1,0.1089,5241.26,1331.56,5732.15,1617.62
Copy of IMG00145.JPG,conductor,1,0.1077,5729.1,1730.21,6124.37,2172.64
Copy of IMG00145.JPG,conductor,1,0.1057,906.48,2635.9,1823.09,2990.22
Copy of IMG00145.JPG,conductor,1,0.1039,339.39,2785.69,1479.6,3180.02
Copy of IMG00145.JPG,conductor,1,0.1029,2374.67,2514.08,3124.57,2943.11
Copy of IMG00145.JPG,conductor,1,0.1014,6851.69,1138.65,8042.94,1692.1
Copy of IMG00145.JPG,conductor,1,0.101,4259.29,1312.3,5003.94,1634.45
Copy of IMG00145.JPG,conductor,1,0.1008,8376.37,859.86,8846.89,1092.75
Copy of IMG00145.JPG,conductor,1,0.1002,5335.99,1841.44,5954.9,2533.71
Copy of IMG00145.JPG,conductor,1,0.0998,1947.42,2703.41,2740.08,3107.62
Copy of IMG00145.JPG,conductor,1,0.098,667.02,2670.96,1742.0,3021.99
Copy of IMG00145.JPG,conductor,1,0.095,7852.64,1054.53,8477.47,1324.18
Copy of IMG00145.JPG,conductor,1,0.0937,8855.69,636.25,9407.26,891.69
Copy of IMG00145.JPG,conductor,1,0.0933,2681.46,2875.0,4212.19,3799.68
Copy of IMG00145.JPG,conductor,1,0.0933,2519.84,1929.77,3446.39,2260.17
Copy of IMG00145.JPG,conductor,1,0.09,5808.81,1581.35,6175.06,2095.45
Copy of IMG00145.JPG,conductor,1,0.0897,2856.83,1796.1,3811.21,2169.3
Copy of IMG00145.JPG,conductor,1,0.0867,4662.05,1576.87,5185.08,1892.34
Copy of IMG00145.JPG,conductor,1,0.0859,547.5,4827.06,1313.47,6148.32
Copy of IMG00145.JPG,conductor,1,0.0851,6965.33,1199.74,7911.38,1509.32
Copy of IMG00145.JPG,conductor,1,0.0834,4553.28,1111.75,5445.04,1426.75
Copy of IMG00145.JPG,conductor,1,0.0831,2283.34,2568.08,3016.82,2992.63
Copy of IMG00145.JPG,conductor,1,0.0826,4751.57,1528.56,5254.4,1871.39
Copy of IMG00145.JPG,conductor,1,0.0824,6619.48,360.38,7386.56,602.84
Copy of IMG00145.JPG,conductor,1,0.0818,3529.35,1517.9,4552.46,1877.24
Copy of IMG00145.JPG,conductor,1,0.0816,524.49,2715.7,1701.52,3078.93
Copy of IMG00145.JPG,conductor,1,0.0807,7870.12,921.08,8673.35,1308.24
Copy of IMG00145.JPG,conductor,1,0.0807,5261.51,1970.46,5963.49,2485.33
Copy of IMG00145.JPG,conductor,1,0.0782,4566.04,1604.66,5136.97,1906.41
Copy of IMG00145.JPG,conductor,1,0.0782,7864.7,794.62,8655.72,1193.61
Copy of IMG00145.JPG,conductor,1,0.078,2787.24,1856.23,3663.67,2209.86
Copy of IMG00145.JPG,conductor,1,0.0777,4814.92,1504.53,5332.61,1840.38
Copy of IMG00145.JPG,conductor,1,0.0774,3494.68,2054.82,4125.87,2399.04
Copy of IMG00145.JPG,conductor,1,0.0774,9193.63,467.86,9504.0,769.76
Copy of IMG00145.JPG,conductor,1,0.0757,5216.82,1386.49,5763.71,1720.72
Copy of IMG00145.JPG,conductor,1,0.0748,4158.12,1339.9,4888.15,1667.05
Copy of IMG00145.JPG,conductor,1,0.0741,1025.33,2573.35,2141.16,2956.01
Copy of IMG00145.JPG,conductor,1,0.074,5637.91,1482.41,5920.66,1820.5
Copy of IMG00145.JPG,conductor,1,0.0727,5536.06,1784.53,6026.85,2210.2
Copy of IMG00145.JPG,conductor,1,0.0726,8972.49,604.33,9473.69,867.43
Copy of IMG00145.JPG,conductor,1,0.0716,8482.05,840.66,8928.71,1068.38
Copy of IMG00145.JPG,conductor,1,0.0704,4240.87,1787.78,4720.77,2139.02
Copy of IMG00145.JPG,conductor,1,0.0694,3194.69,2182.9,3827.49,2632.49
Copy of IMG00145.JPG,conductor,1,0.0692,1182.18,2525.95,2234.25,2898.65
Copy of IMG00145.JPG,conductor,1,0.0653,2139.21,2042.07,3193.54,2476.32
Copy of IMG00145.JPG,conductor,1,0.0653,8752.66,671.7,9296.32,950.08
Copy of IMG00145.JPG,conductor,1,0.0652,7885.55,196.36,8378.84,438.97
Copy of IMG00145.JPG,conductor,1,0.0649,6928.62,1097.7,8068.0,1556.53
Copy of IMG00145.JPG,conductor,1,0.0646,9143.66,525.19,9504.0,810.66
Copy of IMG00145.JPG,conductor,1,0.0639,8524.99,776.31,8984.64,1009.43
Copy of IMG00145.JPG,conductor,1,0.0638,5399.32,1977.92,5980.77,2391.74
Copy of IMG00145.JPG,conductor,1,0.0632,9216.71,356.42,9504.0,748.65
Copy of IMG00145.JPG,conductor,1,0.0623,477.95,2756.12,1608.42,3135.42
Copy of IMG00145.JPG,conductor,1,0.062,3084.44,2302.99,3596.95,2661.93
Copy of IMG00145.JPG,conductor,1,0.0606,1343.08,2946.56,2054.46,3381.37
Copy of IMG00145.JPG,conductor,1,0.0604,152.05,3436.39,973.51,3849.02
Copy of IMG00145.JPG,conductor,1,0.0602,1317.41,2482.54,2287.85,2845.99
Copy of IMG00145.JPG,conductor,1,0.0584,6673.19,351.07,7559.45,626.51
Copy of IMG00145.JPG,conductor,1,0.0578,6997.31,1123.78,7951.6,1427.97
Copy of IMG00145.JPG,conductor,1,0.0571,5620.97,1912.02,6034.55,2246.71
Copy of IMG00145.JPG,conductor,1,0.0565,1.52,3687.08,265.96,4227.1
Copy of IMG00145.JPG,conductor,1,0.0563,8188.12,850.24,8741.26,1099.46
Copy of IMG00145.JPG,conductor,1,0.0562,1.05,3762.72,232.13,4310.03
Copy of IMG00145.JPG,conductor,1,0.0561,15.58,3471.74,894.9,3911.17
Copy of IMG00145.JPG,conductor,1,0.056,5516.14,1451.86,5844.48,1733.06
Copy of IMG00145.JPG,conductor,1,0.0549,8598.93,744.72,9079.13,981.21
Copy of IMG00145.JPG,conductor,1,0.0547,292.69,3407.92,1044.13,3819.44
Copy of IMG00145.JPG,conductor,1,0.0542,7887.54,738.54,8600.19,1012.8
Copy of IMG00145.JPG,conductor,1,0.0542,303.98,3283.69,1291.64,3760.15
Copy of IMG00145.JPG,conductor,1,0.0536,5083.91,1298.46,5666.54,1567.95
Copy of IMG00145.JPG,conductor,1,0.0533,610.56,3263.01,1380.96,3679.97
Copy of IMG00145.JPG,conductor,1,0.0532,4633.37,2133.18,5539.55,2721.75
Copy of IMG00145.JPG,conductor,1,0.0532,5874.25,1691.9,6190.7,2078.11
Copy of IMG00145.JPG,conductor,1,0.0528,2338.31,1907.37,3500.44,2302.68
Copy of IMG00145.JPG,conductor,1,0.0525,2713.17,2420.31,3198.87,2815.02
Copy of IMG00145.JPG,conductor,1,0.0523,4395.05,1663.99,4941.07,2028.57
Copy of IMG00145.JPG,conductor,1,0.052,5153.44,2037.63,5963.62,2540.31
Copy of IMG00145.JPG,conductor,1,0.0516,6928.58,1317.94,7701.44,1610.53
Copy of IMG00145.JPG,conductor,1,0.0509,8318.32,784.76,8892.04,1032.99
Copy of IMG00145.JPG,conductor,1,0.0509,1152.12,3097.58,1773.08,3523.45
Copy of IMG00474.JPG,insulator,2,0.8856,5057.6,3383.04,5360.31,3724.84
Copy of IMG00474.JPG,insulator,2,0.8094,4050.92,3368.79,4477.72,3759.84
Copy of IMG00474.JPG,insulator,2,0.7287,5975.14,3785.94,6328.85,4166.62
Copy of IMG00474.JPG,conductor,1,0.6538,2962.69,4356.53,3829.6,5318.23
Copy of IMG00474.JPG,pylon,0,0.5831,4926.11,3850.74,5336.01,6248.39
Copy of IMG00474.JPG,conductor,1,0.5267,3842.46,4453.23,4724.35,5650.36
Copy of IMG00474.JPG,conductor,1,0.4677,4053.16,4382.77,4785.0,5464.47
Copy of IMG00474.JPG,conductor,1,0.4463,5642.05,2606.28,6243.93,3205.97
Copy of IMG00474.JPG,conductor,1,0.4389,6026.19,2086.26,6629.75,2810.44
Copy of IMG00474.JPG,conductor,1,0.3965,2450.08,5251.18,3155.71,6143.34
Copy of IMG00474.JPG,conductor,1,0.3594,7917.81,1085.78,8565.96,1863.59
Copy of IMG00474.JPG,conductor,1,0.3106,3663.77,3861.43,4249.21,4447.87
Copy of IMG00474.JPG,conductor,1,0.3071,7059.39,1858.95,7924.9,2891.77
Copy of IMG00474.JPG,conductor,1,0.3049,2458.82,5499.4,3023.81,6144.47
Copy of IMG00474.JPG,conductor,1,0.2975,5548.3,4242.12,6103.68,5282.56
Copy of IMG00474.JPG,conductor,1,0.2924,6564.08,1447.39,7211.87,2181.27
Copy of IMG00474.JPG,conductor,1,0.2821,5766.9,2445.03,6344.0,3072.36
Copy of IMG00474.JPG,conductor,1,0.2742,5621.14,2757.61,6138.43,3227.15
Copy of IMG00474.JPG,conductor,1,0.2712,6914.97,2087.5,7758.12,3138.04
Copy of IMG00474.JPG,conductor,1,0.2671,5714.75,2502.69,6301.51,3164.37
Copy of IMG00474.JPG,conductor,1,0.2597,3589.6,5162.54,4351.71,6158.84
Copy of IMG00474.JPG,conductor,1,0.2547,7168.7,1753.77,7976.58,2804.07
Copy of IMG00474.JPG,conductor,1,0.2369,3669.96,4609.4,4630.86,5871.89
Copy of IMG00474.JPG,conductor,1,0.2334,6742.05,2518.29,7432.38,3277.67
Copy of IMG00474.JPG,conductor,1,0.2296,6343.02,700.32,7079.12,1381.38
Copy of IMG00474.JPG,conductor,1,0.2264,7331.12,1688.37,8035.37,2641.5
Copy of IMG00474.JPG,conductor,1,0.2202,2427.11,5613.15,2922.6,6201.79
Copy of IMG00474.JPG,conductor,1,0.2171,5165.85,4792.8,5784.76,5604.24
Copy of IMG00474.JPG,conductor,1,0.2157,7445.63,1654.12,8056.77,2490.79
Copy of IMG00474.JPG,conductor,1,0.2107,5633.26,4216.19,6114.25,4972.85
Copy of IMG00474.JPG,conductor,1,0.2054,3633.97,4967.82,4454.76,6078.79
Copy of IMG00474.JPG,conductor,1,0.2052,3516.91,5341.1,4183.4,6205.38
Copy of IMG00474.JPG,conductor,1,0.2026,7000.24,2004.46,7827.64,3003.65
Copy of IMG00474.JPG,conductor,1,0.1876,2524.02,5084.43,3304.43,5889.6
Copy of IMG00474.JPG,conductor,1,0.1826,5829.14,2347.95,6418.71,3020.62
Copy of IMG00474.JPG,conductor,1,0.1825,3447.98,5546.34,4078.79,6254.77
Copy of IMG00474.JPG,conductor,1,0.1799,6449.38,2982.91,7149.44,3608.85
Copy of IMG00474.JPG,conductor,1,0.1786,5854.39,2225.48,6511.02,2963.43
Copy of IMG00474.JPG,conductor,1,0.1706,4229.81,4267.02,4835.33,5214.32
Copy of IMG00474.JPG,conductor,1,0.1647,6815.2,2360.09,7507.79,3219.97
Copy of IMG00474.JPG,pylon,0,0.1625,5027.89,3845.5,5316.33,6336.0
Copy of IMG00474.JPG,conductor,1,0.1558,6395.91,3161.3,6960.77,3654.16
Copy of IMG00474.JPG,conductor,1,0.1458,6653.48,2603.01,7354.95,3324.89
Copy of IMG00474.JPG,conductor,1,0.1328,5430.56,4275.21,6072.9,5440.84
Copy of IMG00474.JPG,conductor,1,0.1312,6608.17,2729.39,7298.08,3419.34
Copy of IMG00474.JPG,conductor,1,0.1292,6654.46,1370.48,7266.92,2129.59
Copy of IMG00474.JPG,conductor,1,0.1207,7710.98,193.01,8290.61,926.93
Copy of IMG00474.JPG,conductor,1,0.1188,1836.9,5449.22,2383.65,6119.54
Copy of IMG00474.JPG,conductor,1,0.118,6072.16,2023.35,6679.44,2721.53
Copy of IMG00474.JPG,conductor,1,0.1107,5208.98,4519.25,5964.14,5534.07
Copy of IMG00474.JPG,conductor,1,0.1106,2405.12,5728.67,2891.0,6240.1
Copy of IMG00474.JPG,conductor,1,0.1078,3555.93,3948.66,4212.85,4571.42
Copy of IMG00474.JPG,conductor,1,0.1057,6491.19,1538.99,7113.49,2243.14
Copy of IMG00474.JPG,conductor,1,0.1049,6316.11,777.67,7076.72,1545.03
Copy of IMG00474.JPG,conductor,1,0.1045,7558.58,289.93,8177.3,1000.17
Copy of IMG00474.JPG,conductor,1,0.1028,7084.41,152.87,7652.98,733.4
Copy of IMG00474.JPG,conductor,1,0.102,6519.14,2794.12,7240.23,3512.06
Copy of IMG00474.JPG,conductor,1,0.1019,8292.46,554.63,8886.99,1312.76
Copy of IMG00474.JPG,conductor,1,0.0984,2371.59,5806.47,2741.52,6258.62
Copy of IMG00474.JPG,conductor,1,0.096,5112.12,4934.81,5712.41,5686.38
Copy of IMG00474.JPG,conductor,1,0.0945,3167.54,4266.07,3924.03,5153.73
Copy of IMG00474.JPG,conductor,1,0.0939,5311.77,4457.37,5997.6,5389.22
Copy of IMG00474.JPG,conductor,1,0.0806,4605.37,3989.91,4969.75,4560.93
Copy of IMG00474.JPG,conductor,1,0.0794,7493.05,1562.39,8119.73,2355.36
Copy of IMG00474.JPG,conductor,1,0.0791,3497.44,4027.82,4178.94,4640.32
Copy of IMG00474.JPG,conductor,1,0.0789,7078.35,951.91,7604.82,1626.55
Copy of IMG00474.JPG,conductor,1,0.0789,6994.22,238.47,7579.71,808.64
Copy of IMG00474.JPG,conductor,1,0.0787,3449.65,5660.74,3940.92,6292.07
Copy of IMG00474.JPG,conductor,1,0.0769,5590.69,1535.57,6296.92,2201.44
Copy of IMG00474.JPG,conductor,1,0.0746,7760.97,104.65,8345.93,788.67
Copy of IMG00474.JPG,conductor,1,0.0741,2660.45,5005.12,3400.82,5744.46
Copy of IMG00474.JPG,conductor,1,0.071,8365.38,520.45,8935.86,1205.81
Copy of IMG00474.JPG,conductor,1,0.0696,4438.23,4080.14,4930.31,4884.75
Copy of IMG00474.JPG,conductor,1,0.0676,4530.39,4031.69,4962.32,4619.02
Copy of IMG00474.JPG,conductor,1,0.0675,6369.46,3249.45,6902.86,3697.54
Copy of IMG00474.JPG,conductor,1,0.0668,1708.47,5091.16,2398.2,6111.22
Copy of IMG00474.JPG,conductor,1,0.0658,5087.87,5040.86,5658.06,5776.06
Copy of IMG00474.JPG,conductor,1,0.0657,2825.64,4394.95,3793.63,5500.6
Copy of IMG00474.JPG,conductor,1,0.0655,5723.58,4171.17,6136.75,4764.73
Copy of IMG00474.JPG,conductor,1,0.0648,4908.74,3929.01,5459.53,6256.19
Copy of IMG00474.JPG,conductor,1,0.0645,1515.13,3462.86,3858.84,4041.9
Copy of IMG00474.JPG,conductor,1,0.061,3300.13,4185.73,4033.91,4962.96
Copy of IMG00474.JPG,conductor,1,0.0604,2331.49,5900.33,2631.12,6272.68
Copy of IMG00474.JPG,conductor,1,0.0573,5459.99,1589.85,6260.34,2325.83
Copy of IMG00474.JPG,conductor,1,0.0568,7486.24,436.81,8102.29,1092.63
Copy of IMG00474.JPG,conductor,1,0.0563,3412.08,4126.8,4100.75,4778.44
Copy of IMG00474.JPG,conductor,1,0.0553,5062.02,4628.06,5912.06,5623.34
Copy of IMG00474.JPG,conductor,1,0.0545,8109.48,689.7,8805.29,1696.44
Copy of IMG00474.JPG,conductor,1,0.0537,6406.27,1662.99,7028.72,2280.75
Copy of IMG00474.JPG,conductor,1,0.0534,6444.91,537.98,7196.04,1231.92
Copy of IMG00474.JPG,conductor,1,0.0522,8743.67,54.84,9380.15,799.5
Copy of IMG00474.JPG,conductor,1,0.0522,4326.05,4136.98,4901.46,5017.16
Copy of IMG00510.JPG,insulator,2,0.6147,4798.41,3428.55,5028.35,3667.75
Copy of IMG00510.JPG,insulator,2,0.4708,4203.21,3359.5,4410.39,3575.26
Copy of IMG00510.JPG,insulator,2,0.393,4290.74,3673.07,4563.27,3887.81
Copy of IMG00510.JPG,conductor,1,0.3176,4353.08,3784.26,4844.7,6316.89
Copy of IMG00510.JPG,insulator,2,0.1781,4515.3,3388.34,4698.13,3591.15
Copy of IMG00510.JPG,insulator,2,0.1267,4258.1,3344.46,4482.88,3576.73
Copy of IMG00510.JPG,pylon,0,0.1195,4351.49,3804.48,4841.17,6315.92
Copy of IMG00510.JPG,insulator,2,0.1093,712.75,3941.24,1069.02,4214.65
Copy of IMG00510.JPG,insulator,2,0.0903,4563.58,3388.38,4750.7,3573.42
Copy of IMG00510.JPG,insulator,2,0.0628,4522.53,3368.46,4751.84,3587.76
